ts,open,high,low,close,volume
1690243200000,2.1612,2.271,2.1312,2.2016,7944987.0
1690246800000,2.2033,2.2221,2.088,2.1242,6662780.0
1690250400000,2.1241,2.16,1.8433,1.9374,17318678.0
1690254000000,1.9367,1.9899,1.9,1.9638,7773304.0
1690257600000,1.9638,1.98,1.9201,1.9498,6258721.0
1690261200000,1.9498,2.0999,1.9498,2.0502,12488917.0
1690264800000,2.0503,2.0519,1.9903,2.0359,7371178.0
1690268400000,2.0354,2.0874,1.962,2.0023,7105100.0
1690272000000,2.0029,2.0447,1.9367,2.0108,9033030.0
1690275600000,2.0108,2.0376,1.989,2.0151,5373827.0
1690279200000,2.0151,2.1867,1.9919,2.0875,12390078.0
1690282800000,2.0872,2.162,2.0858,2.1345,8951245.0
1690286400000,2.1345,2.1355,2.0861,2.1201,6382312.0
1690290000000,2.121,2.2677,2.1103,2.243,16923766.0
1690293600000,2.2434,2.46,2.212,2.4,33920195.0
1690297200000,2.4,2.436,2.2382,2.2775,29198388.0
1690300800000,2.2765,2.3566,2.1819,2.2036,23607949.0
1690304400000,2.2035,2.269,2.16,2.1876,12483674.0
1690308000000,2.1883,2.238,2.1702,2.1991,5926408.0
1690311600000,2.199,2.2564,2.1674,2.2076,4566293.0
1690315200000,2.2075,2.2702,2.1851,2.2395,4699870.0
1690318800000,2.2396,2.345,2.2357,2.2574,5915434.0
1690322400000,2.2576,2.3159,2.245,2.2941,3487596.0
1690326000000,2.2941,2.2998,2.2227,2.2571,3312841.0
1690329600000,2.2577,2.3997,2.2275,2.3666,9534447.0
1690333200000,2.3668,2.399,2.3,2.3197,9453169.0
1690336800000,2.3198,2.44,2.2882,2.3968,10525417.0
1690340400000,2.3969,2.5,2.3836,2.4639,16248052.0
1690344000000,2.4645,2.5731,2.42,2.4748,14393420.0
1690347600000,2.4747,2.5306,2.4,2.4992,12821815.0
1690351200000,2.4999,2.516,2.341,2.3836,13754519.0
1690354800000,2.3836,2.42,2.3422,2.3847,9738911.0
1690358400000,2.3847,2.395,2.3111,2.3599,8720571.0
1690362000000,2.3599,2.392,2.3418,2.3566,6738092.0
1690365600000,2.3566,2.45,2.35,2.4227,7309379.0
1690369200000,2.4221,2.4325,2.3,2.3429,10343727.0
1690372800000,2.3431,2.3566,2.3168,2.3244,6235265.0
1690376400000,2.3245,2.3321,2.2191,2.2606,16204797.0
1690380000000,2.2604,2.285,2.2415,2.251,6510717.0
1690383600000,2.251,2.3265,2.251,2.302,5909929.0
1690387200000,2.302,2.3246,2.2423,2.2772,7823631.0
1690390800000,2.2764,2.3123,2.2613,2.2789,5146633.0
1690394400000,2.2798,2.3657,2.2732,2.3376,10119959.0
1690398000000,2.3376,2.3387,2.2914,2.3263,3501615.0
1690401600000,2.3266,2.3875,2.14,2.203,12591948.0
1690405200000,2.2031,2.3534,2.1909,2.2636,7865410.0
1690408800000,2.2635,2.2762,2.2295,2.2622,2821933.0
1690412400000,2.2617,2.2634,2.2259,2.2502,2694689.0
1690416000000,2.2505,2.32,2.226,2.2906,6259253.0
1690419600000,2.2906,2.3022,2.2494,2.2664,3882629.0
1690423200000,2.2662,2.2976,2.244,2.2781,3732112.0
1690426800000,2.2779,2.2883,2.26,2.2637,3405837.0
1690430400000,2.2637,2.2637,2.23,2.2513,4785308.0
1690434000000,2.2513,2.274,2.2222,2.2503,4724349.0
1690437600000,2.25,2.2792,2.2035,2.2243,5192299.0
1690441200000,2.2239,2.2328,2.19,2.2132,7011629.0
1690444800000,2.2133,2.217,2.1507,2.2119,7596631.0
1690448400000,2.2118,2.2491,2.2044,2.2345,5676216.0
1690452000000,2.2345,2.2494,2.2184,2.2409,4409644.0
1690455600000,2.2409,2.2682,2.2333,2.2426,4252903.0
1690459200000,2.2426,2.2455,2.1897,2.2229,7029191.0
1690462800000,2.2239,2.2441,2.2061,2.2177,4751084.0
1690466400000,2.2177,2.2194,2.13,2.1646,10325537.0
1690470000000,2.1645,2.1937,2.1547,2.1865,6714148.0
1690473600000,2.1862,2.1917,2.1409,2.1521,6165318.0
1690477200000,2.1523,2.1681,2.138,2.1535,5173258.0
1690480800000,2.1536,2.1549,2.0633,2.0956,10969667.0
1690484400000,2.0956,2.1205,2.0821,2.1096,3777998.0
1690488000000,2.1095,2.12,2.0875,2.1005,2141680.0
1690491600000,2.1005,2.1145,2.0928,2.1083,1711273.0
1690495200000,2.1081,2.1219,2.0872,2.0903,1964816.0
1690498800000,2.0912,2.11,2.091,2.0968,1969200.0
1690502400000,2.0969,2.0987,2.03,2.0716,6324774.0
1690506000000,2.0719,2.1352,2.068,2.1175,6413994.0
1690509600000,2.1175,2.14,2.0759,2.0922,5703003.0
1690513200000,2.0921,2.1021,2.0795,2.1003,2670145.0
1690516800000,2.1001,2.1666,2.0865,2.1509,7688011.0
1690520400000,2.151,2.1561,2.1151,2.1408,6180887.0
1690524000000,2.1404,2.15,2.1158,2.1189,4028707.0
1690527600000,2.1192,2.1587,2.1127,2.1385,5432425.0
1690531200000,2.1388,2.21,2.1364,2.1845,13475226.0
1690534800000,2.1844,2.208,2.166,2.1926,6550602.0
1690538400000,2.1925,2.2442,2.1736,2.2126,9319185.0
1690542000000,2.2126,2.2276,2.203,2.216,5224689.0
1690545600000,2.2161,2.2254,2.16,2.1777,9859848.0
1690549200000,2.1776,2.1812,2.1416,2.1513,6610306.0
1690552800000,2.1513,2.1857,2.1482,2.1694,5635977.0
1690556400000,2.1695,2.1973,2.163,2.1716,5625013.0
1690560000000,2.1716,2.1991,2.148,2.1825,8383986.0
1690563600000,2.1824,2.1925,2.1566,2.1624,4308211.0
1690567200000,2.1624,2.1739,2.1535,2.1605,2477720.0
1690570800000,2.1604,2.18,2.1602,2.1727,1658264.0
1690574400000,2.1728,2.2113,2.1714,2.207,3811488.0
1690578000000,2.2072,2.2089,2.1818,2.186,1842268.0
1690581600000,2.1857,2.2366,2.1828,2.2199,4321649.0
1690585200000,2.2202,2.2323,2.2088,2.2165,2779327.0
1690588800000,2.2165,2.2389,2.193,2.2096,7721690.0
1690592400000,2.2097,2.2135,2.1722,2.1863,5250170.0
1690596000000,2.1864,2.35,2.1864,2.2886,21267964.0
1690599600000,2.2886,2.3025,2.2652,2.2889,6250075.0
1690603200000,2.289,2.34,2.271,2.276,9842559.0
1690606800000,2.2756,2.2866,2.26,2.2748,4484512.0
1690610400000,2.2747,2.2834,2.2413,2.2571,7397035.0
1690614000000,2.2572,2.2742,2.2484,2.2631,5119542.0
1690617600000,2.2634,2.273,2.2601,2.2682,3055503.0
1690621200000,2.2684,2.2684,2.2497,2.2663,3382979.0
1690624800000,2.2664,2.3,2.2583,2.2813,5092651.0
1690628400000,2.2812,2.32,2.2723,2.278,9052111.0
1690632000000,2.2783,2.2974,2.27,2.2804,5878434.0
1690635600000,2.2806,2.3096,2.2748,2.2977,4195388.0
1690639200000,2.2976,2.325,2.2902,2.3167,8296580.0
1690642800000,2.3168,2.33,2.27,2.2916,9381683.0
1690646400000,2.2916,2.3107,2.2768,2.3055,6271547.0
1690650000000,2.3057,2.377,2.299,2.3579,11655135.0
1690653600000,2.358,2.3789,2.3477,2.3639,6479418.0
1690657200000,2.3639,2.3707,2.3489,2.3611,3256955.0
1690660800000,2.3613,2.365,2.3477,2.36,2276490.0
1690664400000,2.3601,2.3649,2.33,2.3428,3263266.0
1690668000000,2.3429,2.3587,2.3429,2.3494,1507795.0
1690671600000,2.3494,2.3614,2.3381,2.3464,1747023.0
1690675200000,2.3467,2.4951,2.3381,2.4157,17356072.0
1690678800000,2.4155,2.4413,2.3981,2.4304,7841002.0
1690682400000,2.4304,2.4777,2.4201,2.4278,10212500.0
1690686000000,2.428,2.4285,2.395,2.4174,6645599.0
1690689600000,2.4171,2.4173,2.389,2.4154,3970551.0
1690693200000,2.4153,2.4384,2.4058,2.4283,4732027.0
1690696800000,2.4285,2.4496,2.3838,2.3926,9041636.0
1690700400000,2.3925,2.4087,2.3684,2.3966,6118081.0
1690704000000,2.3964,2.4014,2.3778,2.3911,6105026.0
1690707600000,2.3915,2.4215,2.3818,2.4057,4962776.0
1690711200000,2.4061,2.43,2.3668,2.3741,8816236.0
1690714800000,2.3741,2.3866,2.3346,2.3667,7714251.0
1690718400000,2.3666,2.3731,2.3516,2.3659,3666357.0
1690722000000,2.366,2.3736,2.306,2.3222,9477406.0
1690725600000,2.3224,2.336,2.2836,2.3216,10053772.0
1690729200000,2.3216,2.338,2.3,2.3083,5494679.0
1690732800000,2.3081,2.3206,2.288,2.2996,7346140.0
1690736400000,2.2996,2.3095,2.286,2.2946,3257962.0
1690740000000,2.2947,2.3226,2.2653,2.2808,5086599.0
1690743600000,2.2808,2.2814,2.2349,2.253,5141485.0
1690747200000,2.2529,2.2536,2.2222,2.243,6703597.0
1690750800000,2.2429,2.2638,2.2281,2.2579,2378174.0
1690754400000,2.2581,2.2757,2.2482,2.265,2264579.0
1690758000000,2.2651,2.3309,2.256,2.2893,5838021.0
1690761600000,2.2892,2.3543,2.2792,2.3198,11024431.0
1690765200000,2.3197,2.3254,2.2922,2.2994,4677776.0
1690768800000,2.2994,2.31,2.285,2.3084,4204404.0
1690772400000,2.3084,2.3169,2.2821,2.2887,4044962.0
1690776000000,2.2887,2.2991,2.257,2.2716,5359685.0
1690779600000,2.2715,2.2935,2.2692,2.279,2781805.0
1690783200000,2.279,2.3127,2.238,2.2566,7742156.0
1690786800000,2.2568,2.2722,2.25,2.2567,3108457.0
1690790400000,2.2565,2.2833,2.2545,2.2755,3568963.0
1690794000000,2.2755,2.2798,2.2511,2.2646,2513201.0
1690797600000,2.2646,2.288,2.259,2.2865,2623524.0
1690801200000,2.2864,2.3166,2.2766,2.3089,4386698.0
1690804800000,2.309,2.3165,2.2907,2.302,3743402.0
1690808400000,2.3024,2.3107,2.2736,2.2922,4290553.0
1690812000000,2.292,2.3519,2.2804,2.3317,12718520.0
1690815600000,2.3315,2.36,2.2938,2.3105,9656980.0
1690819200000,2.3105,2.3509,2.303,2.33,6197268.0
1690822800000,2.3301,2.3758,2.3213,2.3481,6087886.0
1690826400000,2.3479,2.3591,2.3275,2.3449,3588432.0
1690830000000,2.3448,2.3564,2.2972,2.3093,4066902.0
1690833600000,2.3093,2.323,2.2651,2.2861,4204693.0
1690837200000,2.2866,2.329,2.2769,2.3216,2429233.0
1690840800000,2.3215,2.3274,2.3008,2.3167,1515320.0
1690844400000,2.3169,2.326,2.3092,2.317,1095044.0
1690848000000,2.317,2.345,2.295,2.3353,4688368.0
1690851600000,2.3358,2.3473,2.26,2.2696,8525873.0
1690855200000,2.2702,2.2855,2.2,2.2796,12541299.0
1690858800000,2.2799,2.2886,2.2578,2.268,4419030.0
1690862400000,2.268,2.2837,2.26,2.2699,2551926.0
1690866000000,2.2702,2.2948,2.265,2.2909,2582086.0
1690869600000,2.2909,2.3336,2.2909,2.3188,6975821.0
1690873200000,2.3188,2.348,2.3089,2.3291,7094072.0
1690876800000,2.3292,2.34,2.3156,2.3171,4148008.0
1690880400000,2.3173,2.3226,2.2915,2.3065,4047439.0
1690884000000,2.3071,2.3328,2.2984,2.3196,3650731.0
1690887600000,2.3196,2.3299,2.2954,2.2972,2576317.0
1690891200000,2.2971,2.3346,2.2941,2.3269,4049315.0
1690894800000,2.3269,2.3395,2.3204,2.3242,2546793.0
1690898400000,2.3244,2.3264,2.284,2.2893,5072025.0
1690902000000,2.2889,2.3199,2.2727,2.3083,6729701.0
1690905600000,2.3082,2.3254,2.2973,2.3042,3883102.0
1690909200000,2.3041,2.324,2.3036,2.3227,2268139.0
1690912800000,2.3228,2.368,2.3148,2.3573,4510481.0
1690916400000,2.3574,2.436,2.3572,2.3984,9582187.0
1690920000000,2.3985,2.4,2.3805,2.384,2176775.0
1690923600000,2.3839,2.448,2.3834,2.4453,6237977.0
1690927200000,2.4452,2.4452,2.4182,2.4229,2897565.0
1690930800000,2.4229,2.4449,2.4062,2.43,4924792.0
1690934400000,2.4299,2.4418,2.4009,2.4117,4935111.0
1690938000000,2.4117,2.4632,2.4046,2.4069,5602116.0
1690941600000,2.4069,2.4088,2.3833,2.3918,3910991.0
1690945200000,2.3918,2.395,2.3712,2.3726,2893892.0
1690948800000,2.373,2.389,2.361,2.3856,3128942.0
1690952400000,2.3856,2.3857,2.3701,2.3826,2014450.0
1690956000000,2.3825,2.395,2.37,2.376,2371384.0
1690959600000,2.3756,2.4038,2.3691,2.3777,3430900.0
1690963200000,2.3776,2.3957,2.3434,2.3883,9928655.0
1690966800000,2.3884,2.3956,2.3827,2.389,2525734.0
1690970400000,2.3891,2.415,2.3853,2.4035,3977653.0
1690974000000,2.4036,2.4195,2.3951,2.4138,3226896.0
1690977600000,2.4136,2.4405,2.4037,2.4231,7168747.0
1690981200000,2.4229,2.425,2.3819,2.4103,6477605.0
1690984800000,2.4103,2.4658,2.4,2.4347,13185015.0
1690988400000,2.4348,2.533,2.42,2.4774,21224652.0
1690992000000,2.4774,2.5123,2.4198,2.4466,15628553.0
1690995600000,2.4466,2.485,2.4133,2.4247,7909203.0
1690999200000,2.4245,2.4245,2.365,2.3712,6844359.0
1691002800000,2.3708,2.3805,2.3553,2.3668,4686235.0
1691006400000,2.3667,2.3878,2.3254,2.3424,5043002.0
1691010000000,2.3424,2.356,2.3081,2.3543,4095660.0
1691013600000,2.3544,2.3651,2.3315,2.3476,2090086.0
1691017200000,2.3476,2.3652,2.3388,2.3619,2040302.0
1691020800000,2.3618,2.362,2.3315,2.354,3069186.0
1691024400000,2.3542,2.3728,2.335,2.3711,3010188.0
1691028000000,2.3709,2.3748,2.3448,2.3479,2791595.0
1691031600000,2.3477,2.3516,2.3202,2.3311,3575741.0
1691035200000,2.3312,2.3328,2.2722,2.2989,8671495.0
1691038800000,2.2989,2.31,2.283,2.3095,2651852.0
1691042400000,2.3095,2.3129,2.2882,2.2932,2317996.0
1691046000000,2.2932,2.3072,2.2851,2.2943,2240674.0
1691049600000,2.2944,2.3207,2.2935,2.3103,3007281.0
1691053200000,2.3102,2.3172,2.294,2.309,2138372.0
1691056800000,2.3089,2.3236,2.305,2.3089,2162808.0
1691060400000,2.309,2.3154,2.3,2.3132,2014448.0
1691064000000,2.3132,2.3198,2.3032,2.3192,1651084.0
1691067600000,2.3195,2.3272,2.2965,2.3119,3381166.0
1691071200000,2.3118,2.326,2.2865,2.3183,5097743.0
1691074800000,2.3184,2.3229,2.2963,2.3106,2729456.0
1691078400000,2.3105,2.311,2.2914,2.3032,2300077.0
1691082000000,2.3032,2.312,2.25,2.2717,6539433.0
1691085600000,2.2717,2.2848,2.26,2.2737,2695533.0
1691089200000,2.2736,2.308,2.27,2.3013,2887683.0
1691092800000,2.3011,2.3515,2.2953,2.33,5041579.0
1691096400000,2.3301,2.3366,2.3207,2.3273,1228047.0
1691100000000,2.3274,2.3524,2.3129,2.3494,2776381.0
1691103600000,2.3494,2.3575,2.3238,2.3242,2684597.0
1691107200000,2.3243,2.3379,2.3074,2.3344,3566334.0
1691110800000,2.3347,2.34,2.305,2.3102,2720958.0
1691114400000,2.3105,2.3142,2.2906,2.3046,2472462.0
1691118000000,2.3046,2.3062,2.283,2.2883,1940157.0
1691121600000,2.2883,2.289,2.2672,2.2746,2874688.0
1691125200000,2.2747,2.2872,2.2627,2.2815,2567739.0
1691128800000,2.2815,2.2912,2.2667,2.2713,2030495.0
1691132400000,2.2716,2.2801,2.2605,2.2741,2274245.0
1691136000000,2.2742,2.2861,2.2666,2.27,1986252.0
1691139600000,2.27,2.275,2.2602,2.2656,1821816.0
1691143200000,2.2657,2.2708,2.26,2.2671,1200601.0
1691146800000,2.2674,2.28,2.2668,2.2715,1366087.0
1691150400000,2.2715,2.2866,2.25,2.2746,3466499.0
1691154000000,2.2746,2.3109,2.27,2.2885,3865197.0
1691157600000,2.2886,2.3043,2.2752,2.2995,2659510.0
1691161200000,2.2996,2.3059,2.2814,2.2845,1129082.0
1691164800000,2.2844,2.2877,2.259,2.2665,2359116.0
1691168400000,2.2666,2.2703,2.225,2.225,4190693.0
1691172000000,2.2251,2.2308,2.1777,2.185,7149810.0
1691175600000,2.185,2.1884,2.1421,2.1568,4348359.0
1691179200000,2.1568,2.1823,2.1534,2.1757,2638694.0
1691182800000,2.176,2.1849,2.1617,2.1779,1345525.0
1691186400000,2.178,2.1803,2.1681,2.1782,847669.0
1691190000000,2.1782,2.1833,2.1689,2.1747,952469.0
1691193600000,2.1746,2.183,2.155,2.1766,2040164.0
1691197200000,2.1767,2.1826,2.1473,2.1684,2330231.0
1691200800000,2.1683,2.1694,2.151,2.156,1472906.0
1691204400000,2.1562,2.1688,2.1513,2.1653,1149413.0
1691208000000,2.1654,2.1673,2.0914,2.1348,5811169.0
1691211600000,2.1347,2.1534,2.1253,2.1483,2113651.0
1691215200000,2.148,2.1528,2.1256,2.1361,1614538.0
1691218800000,2.136,2.1399,2.125,2.1357,1156674.0
1691222400000,2.1357,2.15,2.1307,2.1408,1127327.0
1691226000000,2.1414,2.1473,2.1335,2.1389,1039856.0
1691229600000,2.1392,2.142,2.12,2.1323,1246908.0
1691233200000,2.1322,2.1661,2.1318,2.1466,2728151.0
1691236800000,2.1466,2.1477,2.1226,2.1254,1927401.0
1691240400000,2.1255,2.1356,2.1102,2.1202,2078986.0
1691244000000,2.1202,2.1317,2.1031,2.1127,3736661.0
1691247600000,2.1126,2.1285,2.0805,2.1261,4245208.0
1691251200000,2.1254,2.145,2.1201,2.1228,2269192.0
1691254800000,2.1229,2.1293,2.1125,2.1221,1730943.0
1691258400000,2.1223,2.1336,2.1141,2.1258,842235.0
1691262000000,2.1257,2.1337,2.1127,2.1136,737710.0
1691265600000,2.1136,2.114,2.1,2.1064,1112096.0
1691269200000,2.1064,2.1168,2.1014,2.1058,576666.0
1691272800000,2.1055,2.126,2.1054,2.1247,605909.0
1691276400000,2.1244,2.1333,2.115,2.1301,691132.0
1691280000000,2.1304,2.137,2.121,2.1263,991816.0
1691283600000,2.1264,2.1283,2.1125,2.1161,763086.0
1691287200000,2.1161,2.1733,2.1136,2.1523,4311790.0
1691290800000,2.1523,2.1544,2.1305,2.1399,1590197.0
1691294400000,2.1397,2.1408,2.122,2.1348,1076411.0
1691298000000,2.1349,2.1394,2.127,2.1295,739741.0
1691301600000,2.1293,2.1333,2.0632,2.0962,4810450.0
1691305200000,2.0961,2.1029,2.0715,2.0939,3381051.0
1691308800000,2.094,2.1089,2.0904,2.0991,1335383.0
1691312400000,2.0983,2.1021,2.0778,2.0865,1681167.0
1691316000000,2.0865,2.0894,2.0523,2.0712,3575437.0
1691319600000,2.0713,2.076,2.05,2.0575,2900273.0
1691323200000,2.0575,2.0634,2.0257,2.038,4941830.0
1691326800000,2.038,2.0392,2.012,2.0335,3492754.0
1691330400000,2.0335,2.0387,2.0133,2.0274,2306095.0
1691334000000,2.0274,2.0294,2.0132,2.0168,1742244.0
1691337600000,2.0169,2.0691,2.0085,2.0522,7227730.0
1691341200000,2.0524,2.0526,2.0303,2.0358,1393739.0
1691344800000,2.0358,2.0418,2.0312,2.0313,696762.0
1691348400000,2.0313,2.0504,2.0258,2.0437,729953.0
1691352000000,2.0437,2.0528,2.0335,2.0491,622746.0
1691355600000,2.0491,2.0558,2.0245,2.0281,993636.0
1691359200000,2.0281,2.0464,2.0206,2.0355,923088.0
1691362800000,2.0355,2.0511,2.0334,2.0404,968096.0
1691366400000,2.0403,2.0744,2.039,2.0625,2737488.0
1691370000000,2.0625,2.11,2.0609,2.0739,3705278.0
1691373600000,2.074,2.081,2.0484,2.0747,2905767.0
1691377200000,2.0747,2.0768,2.055,2.055,1099627.0
1691380800000,2.0551,2.0625,2.0501,2.0557,1151074.0
1691384400000,2.0557,2.0569,2.0408,2.0448,1225133.0
1691388000000,2.0448,2.0475,2.024,2.0272,1918591.0
1691391600000,2.0269,2.0496,2.0267,2.0479,1465964.0
1691395200000,2.0479,2.0561,2.0342,2.0363,1693972.0
1691398800000,2.0361,2.0639,2.033,2.0558,2179040.0
1691402400000,2.056,2.0808,2.052,2.0697,2657215.0
1691406000000,2.0694,2.0799,2.059,2.0741,1984291.0
1691409600000,2.0738,2.0863,2.054,2.0659,4275823.0
1691413200000,2.0655,2.078,2.0355,2.0366,4786286.0
1691416800000,2.0361,2.0527,2.0204,2.0408,4141514.0
1691420400000,2.0408,2.0906,2.0322,2.0731,10262965.0
1691424000000,2.0722,2.0888,2.0178,2.046,11297657.0
1691427600000,2.0458,2.0471,2.0201,2.0295,2549515.0
1691431200000,2.0294,2.0727,2.0249,2.0523,2979986.0
1691434800000,2.0522,2.0578,2.0356,2.0416,1861895.0
1691438400000,2.0415,2.0484,2.0308,2.035,851114.0
1691442000000,2.0349,2.042,2.0247,2.0287,1026567.0
1691445600000,2.0285,2.0337,2.0255,2.0272,583757.0
1691449200000,2.0269,2.0451,2.0211,2.0422,1211444.0
1691452800000,2.0424,2.05,2.0207,2.031,2253635.0
1691456400000,2.0311,2.0323,1.9206,1.948,10604757.0
1691460000000,1.9477,1.9595,1.9018,1.9202,7052498.0
1691463600000,1.9201,1.9575,1.9172,1.947,5167167.0
1691467200000,1.947,1.9543,1.9333,1.9419,3380125.0
1691470800000,1.9419,1.9544,1.9389,1.9409,2281666.0
1691474400000,1.941,1.9443,1.9204,1.9283,3531810.0
1691478000000,1.9285,1.9323,1.9038,1.9242,3348613.0
1691481600000,1.9249,1.935,1.9222,1.9263,1916077.0
1691485200000,1.9265,1.9321,1.9166,1.9257,1805926.0
1691488800000,1.9258,1.9382,1.9233,1.9346,1460689.0
1691492400000,1.9345,1.9387,1.9179,1.9314,2075461.0
1691496000000,1.9313,1.9546,1.9245,1.95,3101460.0
1691499600000,1.95,1.9598,1.9241,1.9289,4540672.0
1691503200000,1.9294,1.9398,1.9212,1.9253,2421129.0
1691506800000,1.925,1.9437,1.9203,1.9304,2345953.0
1691510400000,1.9305,1.99,1.9273,1.9748,6993446.0
1691514000000,1.9743,1.981,1.9441,1.954,2783856.0
1691517600000,1.9544,1.96,1.9252,1.9307,2852705.0
1691521200000,1.9306,1.938,1.9264,1.9367,1220356.0
1691524800000,1.9371,1.9582,1.9368,1.9571,1246172.0
1691528400000,1.9572,1.9667,1.9389,1.9488,1466438.0
1691532000000,1.9487,1.9628,1.9423,1.9447,1160135.0
1691535600000,1.9449,1.9543,1.931,1.9406,1452022.0
1691539200000,1.9405,1.9566,1.9374,1.9464,1518609.0
1691542800000,1.9462,1.9652,1.9404,1.96,1957956.0
1691546400000,1.9605,1.9648,1.9325,1.9338,2084283.0
1691550000000,1.9337,1.9398,1.9254,1.9291,2030334.0
1691553600000,1.9292,1.943,1.9267,1.9354,1066204.0
1691557200000,1.9354,1.942,1.925,1.9295,1505984.0
1691560800000,1.9296,1.9318,1.917,1.9212,2487850.0
1691564400000,1.9211,1.9365,1.9203,1.9282,1624565.0
1691568000000,1.9283,1.9328,1.9149,1.9185,1976964.0
1691571600000,1.9188,1.9262,1.9133,1.9162,1390704.0
1691575200000,1.9163,1.9356,1.8901,1.9328,5019669.0
1691578800000,1.9326,1.9472,1.9249,1.9423,2591565.0
1691582400000,1.9422,1.9519,1.9286,1.947,3033419.0
1691586000000,1.9467,1.9501,1.9237,1.9254,2659152.0
1691589600000,1.9253,1.9339,1.9085,1.9094,3810614.0
1691593200000,1.9095,1.922,1.894,1.9164,3525672.0
1691596800000,1.9162,1.9192,1.8639,1.8788,5727181.0
1691600400000,1.879,1.8867,1.8631,1.8736,2828182.0
1691604000000,1.8734,1.8817,1.8559,1.8621,2172505.0
1691607600000,1.8621,1.8661,1.8377,1.8511,2493538.0
1691611200000,1.8513,1.8627,1.8501,1.8551,1398217.0
1691614800000,1.8552,1.8557,1.8111,1.8199,2988254.0
1691618400000,1.8199,1.8341,1.8078,1.8319,2451760.0
1691622000000,1.8318,1.8393,1.8275,1.8346,1930103.0
1691625600000,1.8346,1.8397,1.8222,1.8341,1619862.0
1691629200000,1.8343,1.8547,1.8343,1.8437,1802825.0
1691632800000,1.8436,1.8529,1.8348,1.8368,1073454.0
1691636400000,1.8368,1.8434,1.829,1.8365,1488233.0
1691640000000,1.8365,1.8479,1.8364,1.8408,1367456.0
1691643600000,1.8408,1.8435,1.8272,1.8316,1318549.0
1691647200000,1.8317,1.8354,1.8189,1.8214,1973615.0
1691650800000,1.8213,1.8331,1.817,1.8217,1762431.0
1691654400000,1.8215,1.8261,1.8082,1.8119,2390866.0
1691658000000,1.8118,1.818,1.7899,1.8125,5809094.0
1691661600000,1.8124,1.817,1.7576,1.7803,6276055.0
1691665200000,1.7803,1.7826,1.7339,1.7476,8033977.0
1691668800000,1.7474,1.7651,1.7302,1.7442,8829507.0
1691672400000,1.7438,1.7451,1.6856,1.714,12467079.0
1691676000000,1.7133,1.7205,1.6953,1.7079,7343253.0
1691679600000,1.7077,1.7261,1.7018,1.7156,4358241.0
1691683200000,1.7155,1.7239,1.6958,1.7018,5036446.0
1691686800000,1.7018,1.7055,1.6601,1.6955,8330363.0
1691690400000,1.6955,1.6994,1.6814,1.6919,2193558.0
1691694000000,1.6919,1.7077,1.6895,1.7021,1979836.0
1691697600000,1.702,1.7079,1.6912,1.6964,1202752.0
1691701200000,1.6965,1.6986,1.6845,1.6885,1093034.0
1691704800000,1.6884,1.6954,1.6721,1.6798,2683071.0
1691708400000,1.6799,1.6915,1.678,1.6799,1778344.0
1691712000000,1.6799,1.7075,1.6786,1.6984,3094035.0
1691715600000,1.6983,1.7088,1.6627,1.6638,5604429.0
1691719200000,1.6637,1.7039,1.65,1.6938,8824603.0
1691722800000,1.6937,1.76,1.6929,1.7446,13690282.0
1691726400000,1.7447,1.7487,1.7122,1.7135,8193937.0
1691730000000,1.7134,1.7189,1.698,1.704,3678038.0
1691733600000,1.7039,1.7078,1.6867,1.6984,4100321.0
1691737200000,1.6983,1.7044,1.6885,1.6943,2044277.0
1691740800000,1.6942,1.716,1.6926,1.7062,3276962.0
1691744400000,1.7061,1.7096,1.687,1.6907,2347953.0
1691748000000,1.6908,1.7086,1.6751,1.7051,4030540.0
1691751600000,1.7047,1.7239,1.7038,1.7133,3650412.0
1691755200000,1.7137,1.7255,1.7102,1.7182,3428872.0
1691758800000,1.7181,1.7181,1.6986,1.7009,2136280.0
1691762400000,1.7011,1.7127,1.6922,1.6966,3231738.0
1691766000000,1.6967,1.7022,1.6822,1.6861,2664121.0
1691769600000,1.6858,1.7024,1.6802,1.6927,4909790.0
1691773200000,1.6926,1.7077,1.6863,1.706,1704073.0
1691776800000,1.7058,1.7411,1.6987,1.7314,5054708.0
1691780400000,1.7314,1.774,1.7314,1.7698,4295076.0
1691784000000,1.7698,1.7709,1.7425,1.7438,3138359.0
1691787600000,1.7438,1.7496,1.7318,1.7445,1308901.0
1691791200000,1.7446,1.7446,1.7327,1.7344,861763.0
1691794800000,1.7343,1.7507,1.7272,1.7452,1815042.0
1691798400000,1.7452,1.7454,1.7266,1.7351,1766272.0
1691802000000,1.7351,1.7367,1.7257,1.7296,1449525.0
1691805600000,1.7295,1.7541,1.7234,1.7411,3339393.0
1691809200000,1.7419,1.7448,1.7276,1.7371,1872458.0
1691812800000,1.737,1.7634,1.729,1.7505,3207411.0
1691816400000,1.7506,1.7614,1.7454,1.7521,1744699.0
1691820000000,1.7522,1.7628,1.7405,1.7609,2482409.0
1691823600000,1.7609,1.7857,1.7469,1.7728,4892379.0
1691827200000,1.7723,1.778,1.7557,1.7724,3162459.0
1691830800000,1.7729,1.7734,1.7568,1.7593,1538457.0
1691834400000,1.7592,1.7787,1.7574,1.7759,1797638.0
1691838000000,1.7758,1.8061,1.7686,1.8002,6647561.0
1691841600000,1.8001,1.8194,1.78,1.7861,8129952.0
1691845200000,1.7861,1.7861,1.767,1.7719,5614147.0
1691848800000,1.7719,1.7797,1.7583,1.7707,3568793.0
1691852400000,1.7703,1.7772,1.7645,1.7733,2202773.0
1691856000000,1.7731,1.7745,1.7651,1.7729,1666923.0
1691859600000,1.7728,1.7877,1.765,1.7685,3452074.0
1691863200000,1.7685,1.7685,1.7384,1.753,4133324.0
1691866800000,1.753,1.7628,1.7513,1.7575,993733.0
1691870400000,1.7577,1.762,1.7456,1.7527,800544.0
1691874000000,1.7526,1.7566,1.7471,1.7555,711553.0
1691877600000,1.7553,1.7691,1.7553,1.7633,1288319.0
1691881200000,1.7635,1.7671,1.7541,1.758,780139.0
1691884800000,1.7582,1.7799,1.7582,1.774,1961075.0
1691888400000,1.7743,1.8061,1.7688,1.7952,2955685.0
1691892000000,1.7954,1.81,1.7832,1.8025,3924633.0
1691895600000,1.8025,1.8149,1.793,1.7981,3767920.0
1691899200000,1.7979,1.8111,1.7889,1.8068,3342551.0
1691902800000,1.8069,1.8175,1.8012,1.8067,3433392.0
1691906400000,1.8066,1.8271,1.8055,1.8104,4121695.0
1691910000000,1.8103,1.8151,1.7974,1.8102,3038745.0
1691913600000,1.8102,1.8272,1.8081,1.8183,3308671.0
1691917200000,1.8182,1.82,1.7957,1.7978,2868743.0
1691920800000,1.7978,1.8189,1.7962,1.8101,2753555.0
1691924400000,1.8101,1.8105,1.796,1.8008,1529679.0
1691928000000,1.8011,1.8085,1.7963,1.7998,1929420.0
1691931600000,1.7998,1.8178,1.796,1.8166,4164219.0
1691935200000,1.8165,1.82,1.802,1.807,1985277.0
1691938800000,1.8066,1.8101,1.782,1.7928,3769901.0
1691942400000,1.7933,1.8196,1.79,1.8173,3531551.0
1691946000000,1.8171,1.8355,1.8069,1.8105,3778565.0
1691949600000,1.8108,1.8159,1.7997,1.8061,1499408.0
1691953200000,1.8061,1.8088,1.8012,1.8062,820810.0
1691956800000,1.8065,1.8097,1.793,1.798,949894.0
1691960400000,1.7977,1.8012,1.7932,1.7966,556329.0
1691964000000,1.7965,1.7965,1.7773,1.784,2577054.0
1691967600000,1.784,1.7929,1.7663,1.7688,2275507.0
1691971200000,1.769,1.795,1.762,1.7949,3503433.0
1691974800000,1.7948,1.8075,1.788,1.799,2596785.0
1691978400000,1.7987,1.8183,1.7908,1.8079,3388790.0
1691982000000,1.8079,1.8158,1.798,1.8023,3345563.0
1691985600000,1.8024,1.8118,1.7993,1.8015,1052268.0
1691989200000,1.8011,1.8156,1.7996,1.8082,1176942.0
1691992800000,1.8085,1.8141,1.8011,1.8059,2510205.0
1691996400000,1.8061,1.8119,1.802,1.8054,1463107.0
1692000000000,1.8056,1.8074,1.79,1.7905,2321537.0
1692003600000,1.7905,1.7967,1.7884,1.7966,2496910.0
1692007200000,1.7966,1.8168,1.7921,1.8085,2247678.0
1692010800000,1.808,1.8115,1.8028,1.8051,910447.0
1692014400000,1.805,1.812,1.8013,1.807,956606.0
1692018000000,1.8071,1.8076,1.7932,1.7985,1408619.0
1692021600000,1.7985,1.8132,1.792,1.8084,2299462.0
1692025200000,1.8088,1.8181,1.8028,1.8102,2697500.0
1692028800000,1.8102,1.8145,1.7954,1.7982,2822431.0
1692032400000,1.7976,1.8029,1.7884,1.79,1220223.0
1692036000000,1.7899,1.791,1.7452,1.756,4705852.0
1692039600000,1.7563,1.7655,1.7438,1.7576,2172510.0
1692043200000,1.7577,1.7647,1.7549,1.7646,751049.0
1692046800000,1.7642,1.7815,1.755,1.7802,865151.0
1692050400000,1.7803,1.7864,1.7673,1.7683,1618196.0
1692054000000,1.7684,1.7768,1.7666,1.7679,919325.0
1692057600000,1.7682,1.7851,1.7648,1.7829,1651203.0
1692061200000,1.783,1.7939,1.7802,1.7872,2192471.0
1692064800000,1.7868,1.7889,1.7751,1.7791,1576246.0
1692068400000,1.779,1.7857,1.7748,1.7849,849202.0
1692072000000,1.7844,1.789,1.78,1.7819,675694.0
1692075600000,1.7819,1.7946,1.77,1.7831,2588725.0
1692079200000,1.783,1.7849,1.7613,1.7637,3472459.0
1692082800000,1.7637,1.7678,1.7563,1.7665,2208068.0
1692086400000,1.7669,1.7793,1.7648,1.7648,868599.0
1692090000000,1.7649,1.773,1.7643,1.7659,966477.0
1692093600000,1.766,1.7675,1.7503,1.7513,1357228.0
1692097200000,1.751,1.7607,1.745,1.7481,1944519.0
1692100800000,1.7483,1.7526,1.7126,1.7217,6180883.0
1692104400000,1.7218,1.7383,1.7189,1.7261,1829320.0
1692108000000,1.7261,1.7395,1.7204,1.7302,1462960.0
1692111600000,1.7305,1.7357,1.7166,1.7232,1835768.0
1692115200000,1.7233,1.7314,1.7172,1.7278,1682375.0
1692118800000,1.7277,1.7419,1.7269,1.7354,1263134.0
1692122400000,1.7353,1.7367,1.6923,1.7019,2739265.0
1692126000000,1.7018,1.7032,1.5634,1.6091,12650161.0
1692129600000,1.609,1.6217,1.5956,1.6186,2397971.0
1692133200000,1.6187,1.6333,1.6119,1.6313,1647803.0
1692136800000,1.6315,1.6338,1.6139,1.622,1569615.0
1692140400000,1.622,1.6268,1.6062,1.6193,1762240.0
1692144000000,1.6192,1.6333,1.6154,1.6177,2013072.0
1692147600000,1.6176,1.6279,1.6143,1.6223,1961393.0
1692151200000,1.622,1.6272,1.5981,1.6036,4215191.0
1692154800000,1.6036,1.6075,1.5808,1.5853,3311027.0
1692158400000,1.5852,1.599,1.5822,1.5953,1795378.0
1692162000000,1.595,1.6058,1.5891,1.5989,2023928.0
1692165600000,1.5989,1.6023,1.5866,1.5922,2622655.0
1692169200000,1.592,1.6098,1.5895,1.6063,1700797.0
1692172800000,1.6063,1.6066,1.5911,1.5933,1345582.0
1692176400000,1.5932,1.595,1.5616,1.5711,4817651.0
1692180000000,1.5713,1.588,1.5671,1.5848,1617608.0
1692183600000,1.5848,1.5868,1.5761,1.5817,1222966.0
1692187200000,1.5816,1.5895,1.5469,1.5782,4723837.0
1692190800000,1.5776,1.583,1.55,1.5574,5792725.0
1692194400000,1.5572,1.5721,1.5524,1.564,2593558.0
1692198000000,1.5631,1.5647,1.5412,1.549,3801175.0
1692201600000,1.5488,1.5959,1.5453,1.5851,7062884.0
1692205200000,1.5852,1.5998,1.5725,1.5881,2499248.0
1692208800000,1.5885,1.6033,1.5843,1.5914,1716399.0
1692212400000,1.5916,1.5919,1.575,1.5774,1164305.0
1692216000000,1.5779,1.5786,1.5195,1.5415,7016470.0
1692219600000,1.541,1.5419,1.4865,1.5005,5965442.0
1692223200000,1.5005,1.5063,1.4804,1.502,3567735.0
1692226800000,1.5024,1.5267,1.5005,1.5225,2295830.0
1692230400000,1.5225,1.529,1.4848,1.5189,6257241.0
1692234000000,1.5185,1.5401,1.5162,1.5284,2466033.0
1692237600000,1.5279,1.53,1.5191,1.5289,1212283.0
1692241200000,1.529,1.5443,1.5269,1.5315,1516052.0
1692244800000,1.5313,1.5331,1.5161,1.5201,1139866.0
1692248400000,1.5201,1.5309,1.5142,1.5293,1471418.0
1692252000000,1.5295,1.5311,1.5173,1.5212,1179050.0
1692255600000,1.5212,1.5216,1.5052,1.5115,1428758.0
1692259200000,1.5113,1.5146,1.5019,1.5053,1842671.0
1692262800000,1.5053,1.5185,1.5036,1.5104,1212363.0
1692266400000,1.5105,1.5152,1.503,1.5066,1915919.0
1692270000000,1.5069,1.5099,1.4821,1.4823,3542451.0
1692273600000,1.4825,1.5082,1.475,1.4948,3172178.0
1692277200000,1.4948,1.496,1.4702,1.4786,4269239.0
1692280800000,1.4787,1.4813,1.4541,1.4602,6459982.0
1692284400000,1.4602,1.4799,1.4307,1.4591,9111455.0
1692288000000,1.4592,1.4784,1.4467,1.4688,5438995.0
1692291600000,1.4684,1.4873,1.467,1.4738,2768323.0
1692295200000,1.4738,1.4776,1.4651,1.4722,1425094.0
1692298800000,1.4723,1.476,1.4661,1.4718,670507.0
1692302400000,1.4717,1.485,1.4666,1.4827,2418350.0
1692306000000,1.4828,1.4994,1.1909,1.328,14376483.0
1692309600000,1.328,1.3683,1.2991,1.3638,7519729.0
1692313200000,1.3641,1.3981,1.3503,1.3654,6026100.0
1692316800000,1.366,1.382,1.3535,1.3635,4681356.0
1692320400000,1.3636,1.3645,1.3219,1.3336,3407425.0
1692324000000,1.3339,1.376,1.3336,1.3456,4303770.0
1692327600000,1.3456,1.3643,1.3431,1.3541,2122900.0
1692331200000,1.3541,1.3546,1.331,1.3398,2766492.0
1692334800000,1.34,1.4484,1.3353,1.3914,6009102.0
1692338400000,1.3917,1.4958,1.3907,1.4488,8825721.0
1692342000000,1.4486,1.588,1.4411,1.5657,14397384.0
1692345600000,1.5654,1.6,1.5111,1.5338,14181884.0
1692349200000,1.5337,1.539,1.4716,1.48,9655799.0
1692352800000,1.4802,1.5109,1.48,1.5026,4795757.0
1692356400000,1.5025,1.5384,1.494,1.5236,7123414.0
1692360000000,1.5235,1.536,1.5053,1.5092,6127187.0
1692363600000,1.5098,1.5554,1.5065,1.525,6951145.0
1692367200000,1.5253,1.5398,1.501,1.5294,6980445.0
1692370800000,1.5291,1.545,1.5144,1.5334,5446100.0
1692374400000,1.5341,1.5414,1.4833,1.5066,9271619.0
1692378000000,1.5068,1.511,1.4813,1.4918,6414896.0
1692381600000,1.4918,1.5347,1.49,1.5182,3503661.0
1692385200000,1.5181,1.5181,1.4975,1.5089,3016848.0
1692388800000,1.5096,1.5352,1.5061,1.5247,1763151.0
1692392400000,1.525,1.5609,1.5223,1.53,2506358.0
1692396000000,1.5301,1.5444,1.5289,1.5432,1252265.0
1692399600000,1.5431,1.5644,1.5365,1.5418,3187716.0
1692403200000,1.542,1.5443,1.511,1.513,3722304.0
1692406800000,1.513,1.5239,1.4924,1.4953,2821778.0
1692410400000,1.4954,1.4972,1.4753,1.4907,3500918.0
1692414000000,1.4908,1.4938,1.48,1.4916,1684048.0
1692417600000,1.4916,1.5053,1.4842,1.5042,1933558.0
1692421200000,1.5046,1.505,1.4409,1.4605,4769678.0
1692424800000,1.4609,1.4668,1.4573,1.4614,1768956.0
1692428400000,1.4616,1.4666,1.4505,1.4612,2205431.0
1692432000000,1.4614,1.48,1.4468,1.4531,3698811.0
1692435600000,1.4529,1.4733,1.4513,1.4709,2138462.0
1692439200000,1.4708,1.4761,1.4656,1.4703,1527098.0
1692442800000,1.4703,1.4908,1.4628,1.4827,1851887.0
1692446400000,1.483,1.4843,1.455,1.4567,2648062.0
1692450000000,1.457,1.4774,1.4559,1.4676,2820637.0
1692453600000,1.4674,1.474,1.4636,1.4713,1180374.0
1692457200000,1.4715,1.4986,1.467,1.4939,3166055.0
1692460800000,1.4933,1.5178,1.4839,1.5066,4915519.0
1692464400000,1.5066,1.51,1.461,1.4676,3459536.0
1692468000000,1.4673,1.4712,1.4567,1.4664,1695921.0
1692471600000,1.4663,1.4694,1.4561,1.4596,1130662.0
1692475200000,1.4595,1.4997,1.4521,1.4696,2587431.0
1692478800000,1.47,1.4828,1.4686,1.476,858425.0
1692482400000,1.4758,1.4822,1.4673,1.4715,695479.0
1692486000000,1.4717,1.4842,1.4694,1.4798,1226833.0
1692489600000,1.48,1.5087,1.4799,1.4957,2870582.0
1692493200000,1.4957,1.4992,1.4761,1.4853,1633977.0
1692496800000,1.4851,1.5135,1.4826,1.5006,2497232.0
1692500400000,1.5007,1.512,1.4977,1.5082,1884363.0
1692504000000,1.5082,1.5164,1.5027,1.5042,3659881.0
1692507600000,1.5045,1.5118,1.4959,1.5004,1743634.0
1692511200000,1.5002,1.5042,1.483,1.4887,3666523.0
1692514800000,1.4888,1.4931,1.4851,1.4918,978123.0
1692518400000,1.4919,1.5415,1.4919,1.5325,7301103.0
1692522000000,1.532,1.5389,1.5228,1.5283,3076166.0
1692525600000,1.5283,1.5363,1.5216,1.5231,2799582.0
1692529200000,1.5231,1.5273,1.5105,1.511,5131744.0
1692532800000,1.5111,1.5205,1.5062,1.5202,2135257.0
1692536400000,1.52,1.5214,1.492,1.496,2671872.0
1692540000000,1.4959,1.4961,1.4603,1.4626,3666843.0
1692543600000,1.4626,1.4779,1.4614,1.4745,3847241.0
1692547200000,1.4746,1.4789,1.4609,1.4675,2157789.0
1692550800000,1.4674,1.4768,1.464,1.4664,1147642.0
1692554400000,1.4663,1.4743,1.4628,1.4677,785461.0
1692558000000,1.4676,1.4766,1.4655,1.4691,492933.0
1692561600000,1.4691,1.485,1.4676,1.4828,1161319.0
1692565200000,1.4827,1.4965,1.4646,1.4699,1547421.0
1692568800000,1.4699,1.4761,1.4691,1.4761,474328.0
1692572400000,1.4761,1.4775,1.4625,1.4687,1007022.0
1692576000000,1.4687,1.4897,1.4637,1.4868,2502468.0
1692579600000,1.487,1.4969,1.4771,1.4864,4364464.0
1692583200000,1.4864,1.4864,1.4634,1.468,3640112.0
1692586800000,1.4686,1.472,1.4418,1.4515,7468306.0
1692590400000,1.4514,1.4666,1.4491,1.4574,4240002.0
1692594000000,1.4572,1.4842,1.4522,1.4566,7770930.0
1692597600000,1.4566,1.4658,1.4486,1.4523,11037434.0
1692601200000,1.4519,1.4578,1.443,1.4497,1873678.0
1692604800000,1.4501,1.4534,1.4077,1.44,4259779.0
1692608400000,1.4403,1.469,1.4388,1.4663,2880722.0
1692612000000,1.4662,1.4764,1.4562,1.4676,3298399.0
1692615600000,1.468,1.4888,1.4671,1.4705,5928937.0
1692619200000,1.4704,1.4933,1.47,1.4835,3198350.0
1692622800000,1.4835,1.5308,1.4812,1.51,5181027.0
1692626400000,1.51,1.5308,1.499,1.5148,5674866.0
1692630000000,1.5147,1.5237,1.4692,1.4779,10697518.0
1692633600000,1.4783,1.4938,1.4663,1.4728,4908757.0
1692637200000,1.4729,1.4791,1.4687,1.4761,1440875.0
1692640800000,1.4767,1.4797,1.4608,1.471,1449539.0
1692644400000,1.4712,1.5022,1.4685,1.4898,1823806.0
1692648000000,1.49,1.4981,1.4705,1.4722,1648436.0
1692651600000,1.4722,1.4802,1.4662,1.4775,704765.0
1692655200000,1.4779,1.4916,1.4779,1.4814,862582.0
1692658800000,1.4814,1.4836,1.4683,1.4756,2232730.0
1692662400000,1.4755,1.4891,1.4713,1.479,2410541.0
1692666000000,1.4789,1.4903,1.4736,1.4768,1607599.0
1692669600000,1.4769,1.4827,1.4656,1.4668,4121109.0
1692673200000,1.4668,1.4753,1.4606,1.4739,2082378.0
1692676800000,1.4738,1.4742,1.4567,1.4618,1685406.0
1692680400000,1.4619,1.4637,1.4526,1.4556,3774603.0
1692684000000,1.4557,1.4741,1.4516,1.4726,1822775.0
1692687600000,1.4729,1.49,1.4729,1.4773,2587570.0
1692691200000,1.478,1.4957,1.4771,1.4915,1964821.0
1692694800000,1.4912,1.4994,1.4789,1.4805,1990878.0
1692698400000,1.4808,1.4861,1.4711,1.4738,1565803.0
1692702000000,1.4737,1.4753,1.4667,1.4691,2069321.0
1692705600000,1.4689,1.482,1.4661,1.4738,1642536.0
1692709200000,1.4738,1.4751,1.44,1.4447,4280188.0
1692712800000,1.4447,1.453,1.4296,1.4296,3391710.0
1692716400000,1.4297,1.4447,1.4228,1.4318,3310900.0
1692720000000,1.4316,1.458,1.4296,1.4491,5541553.0
1692723600000,1.449,1.4492,1.405,1.4058,6591206.0
1692727200000,1.406,1.4205,1.394,1.419,3248334.0
1692730800000,1.4192,1.4212,1.4051,1.4098,1451750.0
1692734400000,1.4095,1.4251,1.4056,1.423,1153067.0
1692738000000,1.4228,1.4241,1.3573,1.3847,3562597.0
1692741600000,1.3845,1.4213,1.3803,1.415,2925056.0
1692745200000,1.4149,1.4401,1.4143,1.434,2765247.0
1692748800000,1.4341,1.4479,1.4262,1.4296,4287581.0
1692752400000,1.4299,1.4374,1.4197,1.4306,1697586.0
1692756000000,1.4307,1.4344,1.4178,1.4195,1127384.0
1692759600000,1.4194,1.4221,1.402,1.4036,1790223.0
1692763200000,1.4035,1.4088,1.3963,1.3963,2167570.0
1692766800000,1.3963,1.3972,1.3701,1.3795,3547409.0
1692770400000,1.379,1.39,1.3714,1.3799,3002159.0
1692774000000,1.38,1.384,1.371,1.3773,2516289.0
1692777600000,1.3774,1.3832,1.3723,1.3809,1808689.0
1692781200000,1.3809,1.3824,1.3715,1.372,1641870.0
1692784800000,1.3719,1.372,1.3565,1.3686,3526129.0
1692788400000,1.3686,1.3705,1.3512,1.3587,2491850.0
1692792000000,1.3587,1.3634,1.3376,1.3493,3071656.0
1692795600000,1.3496,1.3612,1.3301,1.36,4215103.0
1692799200000,1.36,1.3667,1.345,1.3545,4102422.0
1692802800000,1.3545,1.3642,1.3464,1.3618,2628917.0
1692806400000,1.3613,1.4061,1.3546,1.3917,7250177.0
1692810000000,1.3915,1.43,1.391,1.4042,4544739.0
1692813600000,1.4042,1.4187,1.4038,1.4132,1614671.0
1692817200000,1.4133,1.4283,1.4002,1.4121,2371754.0
1692820800000,1.412,1.4441,1.4022,1.4046,3312101.0
1692824400000,1.4047,1.4076,1.3809,1.3891,2846436.0
1692828000000,1.3887,1.4111,1.3884,1.4104,1307079.0
1692831600000,1.4107,1.4107,1.3975,1.4069,835173.0
1692835200000,1.4069,1.416,1.4034,1.4074,4223056.0
1692838800000,1.4071,1.413,1.4029,1.4062,1055507.0
1692842400000,1.4062,1.4376,1.4057,1.4361,2262754.0
1692846000000,1.436,1.4431,1.4318,1.4378,2313262.0
1692849600000,1.438,1.4593,1.4363,1.4525,3175811.0
1692853200000,1.4524,1.4691,1.4494,1.4557,3510437.0
1692856800000,1.4556,1.4732,1.45,1.4541,3348692.0
1692860400000,1.454,1.457,1.447,1.4532,2250847.0
1692864000000,1.4533,1.462,1.4456,1.4573,1692705.0
1692867600000,1.4575,1.46,1.446,1.4509,1705641.0
1692871200000,1.4512,1.4557,1.4451,1.4482,1411828.0
1692874800000,1.4481,1.4714,1.446,1.4485,2508237.0
1692878400000,1.4485,1.449,1.4197,1.4223,3437078.0
1692882000000,1.4219,1.4261,1.4123,1.4249,2149770.0
1692885600000,1.425,1.4276,1.4022,1.4078,3693368.0
1692889200000,1.4077,1.433,1.4066,1.4248,2647990.0
1692892800000,1.425,1.43,1.4135,1.4173,1931406.0
1692896400000,1.4173,1.4216,1.389,1.4097,2530250.0
1692900000000,1.4097,1.4227,1.4035,1.4184,862432.0
1692903600000,1.4187,1.4217,1.406,1.4072,575370.0
1692907200000,1.4074,1.4078,1.3723,1.3783,2155326.0
1692910800000,1.3783,1.3911,1.3746,1.3877,1022127.0
1692914400000,1.3879,1.3931,1.3825,1.393,654036.0
1692918000000,1.393,1.4017,1.387,1.3998,1282556.0
1692921600000,1.3998,1.4009,1.3706,1.3752,1694374.0
1692925200000,1.3751,1.382,1.3655,1.3738,1203991.0
1692928800000,1.3738,1.3755,1.3635,1.3691,1341925.0
1692932400000,1.3696,1.375,1.3451,1.3617,2615602.0
1692936000000,1.3623,1.3623,1.3207,1.3286,3786476.0
1692939600000,1.3287,1.35,1.3226,1.336,2334682.0
1692943200000,1.3361,1.3421,1.3268,1.3367,1803221.0
1692946800000,1.3365,1.3365,1.313,1.3256,1982821.0
1692950400000,1.3257,1.3353,1.3232,1.3244,1530217.0
1692954000000,1.3246,1.3333,1.3213,1.3311,1524638.0
1692957600000,1.3311,1.3382,1.3229,1.325,1546130.0
1692961200000,1.3252,1.332,1.3172,1.3184,1400280.0
1692964800000,1.3182,1.3224,1.302,1.3134,3681471.0
1692968400000,1.3134,1.3248,1.3062,1.3079,3297191.0
1692972000000,1.3079,1.3195,1.2809,1.3026,9565552.0
1692975600000,1.3025,1.315,1.2932,1.3011,3662874.0
1692979200000,1.301,1.3017,1.27,1.279,6129721.0
1692982800000,1.2789,1.284,1.2533,1.2616,3857534.0
1692986400000,1.2614,1.271,1.2512,1.2677,3098060.0
1692990000000,1.2676,1.2706,1.2505,1.251,1438234.0
1692993600000,1.2509,1.2599,1.2466,1.2507,2321256.0
1692997200000,1.2507,1.2649,1.2415,1.2645,2046091.0
1693000800000,1.2645,1.2768,1.2635,1.273,1787643.0
1693004400000,1.2729,1.2743,1.2581,1.2695,1566552.0
1693008000000,1.2696,1.2696,1.2513,1.257,1710715.0
1693011600000,1.2569,1.2732,1.2563,1.2596,2317339.0
1693015200000,1.26,1.2869,1.2574,1.278,2206115.0
1693018800000,1.278,1.2854,1.2718,1.2749,2532785.0
1693022400000,1.2749,1.2758,1.264,1.2703,2989861.0
1693026000000,1.27,1.2703,1.2561,1.2625,1736158.0
1693029600000,1.2625,1.2707,1.2569,1.2658,1782814.0
1693033200000,1.2657,1.2669,1.2541,1.2577,1965199.0
1693036800000,1.2578,1.2653,1.2541,1.2627,1417815.0
1693040400000,1.2628,1.2629,1.2548,1.2613,1046060.0
1693044000000,1.2612,1.27,1.2558,1.2673,1644613.0
1693047600000,1.2672,1.2689,1.2574,1.2576,1532906.0
1693051200000,1.2576,1.2618,1.2555,1.2595,1244442.0
1693054800000,1.2595,1.2605,1.2426,1.2521,2840703.0
1693058400000,1.2519,1.252,1.244,1.249,1966039.0
1693062000000,1.2495,1.2548,1.2177,1.2377,4525540.0
1693065600000,1.2377,1.2471,1.2332,1.239,2654898.0
1693069200000,1.2386,1.2501,1.2372,1.2486,1506547.0
1693072800000,1.2488,1.2681,1.2469,1.2619,3702485.0
1693076400000,1.2619,1.2651,1.258,1.2604,1022524.0
1693080000000,1.2605,1.2667,1.2577,1.2662,768643.0
1693083600000,1.2664,1.2965,1.2658,1.2908,3053828.0
1693087200000,1.2908,1.3259,1.2908,1.307,5468944.0
1693090800000,1.3069,1.3151,1.2916,1.2937,4096263.0
1693094400000,1.2936,1.3014,1.2778,1.278,3334155.0
1693098000000,1.2781,1.2919,1.2756,1.2811,2892303.0
1693101600000,1.2815,1.2879,1.2725,1.2743,2059556.0
1693105200000,1.2742,1.2935,1.274,1.2871,2808085.0
1693108800000,1.2871,1.3015,1.2871,1.2918,3046136.0
1693112400000,1.292,1.3057,1.2877,1.2886,2338502.0
1693116000000,1.2885,1.2943,1.2854,1.2888,1424352.0
1693119600000,1.2888,1.29,1.2826,1.2865,1241234.0
1693123200000,1.2865,1.293,1.2771,1.285,2941679.0
1693126800000,1.2853,1.2986,1.2851,1.2948,2205777.0
1693130400000,1.2948,1.3003,1.2871,1.2885,1945714.0
1693134000000,1.2885,1.2888,1.28,1.2871,2313392.0
1693137600000,1.2869,1.3,1.2856,1.2972,2100510.0
1693141200000,1.2978,1.31,1.2927,1.295,3958853.0
1693144800000,1.295,1.3078,1.2946,1.3021,1892203.0
1693148400000,1.3022,1.3078,1.2858,1.2877,2124832.0
1693152000000,1.2875,1.2959,1.2773,1.2878,2935472.0
1693155600000,1.2879,1.2889,1.2748,1.2763,1333045.0
1693159200000,1.2764,1.2832,1.2652,1.2816,2453196.0
1693162800000,1.2818,1.3055,1.2811,1.3005,2444070.0
1693166400000,1.3005,1.3045,1.295,1.298,776874.0
1693170000000,1.2987,1.3085,1.292,1.2982,1173296.0
1693173600000,1.2979,1.31,1.2881,1.3089,1370977.0
1693177200000,1.309,1.3134,1.3022,1.311,1354563.0
1693180800000,1.3111,1.3255,1.2854,1.2955,6452360.0
1693184400000,1.2954,1.305,1.2718,1.2772,3980212.0
1693188000000,1.2771,1.2902,1.2701,1.2742,2583390.0
1693191600000,1.2739,1.2848,1.2714,1.2786,2457665.0
1693195200000,1.2783,1.2817,1.2721,1.2795,1367673.0
1693198800000,1.2792,1.2807,1.2517,1.2623,4076118.0
1693202400000,1.2622,1.2666,1.2537,1.2595,1899951.0
1693206000000,1.2593,1.2666,1.2544,1.2652,1878777.0
1693209600000,1.2646,1.2687,1.2406,1.2458,3628783.0
1693213200000,1.246,1.2465,1.2212,1.2302,4898813.0
1693216800000,1.2302,1.2328,1.2205,1.2285,1796329.0
1693220400000,1.2281,1.2292,1.2146,1.2234,2595783.0
1693224000000,1.2232,1.2558,1.2195,1.2377,6550748.0
1693227600000,1.2379,1.2399,1.2207,1.2218,2249872.0
1693231200000,1.2219,1.2316,1.2168,1.2285,2039725.0
1693234800000,1.2282,1.232,1.2186,1.2282,1956939.0
1693238400000,1.2284,1.2284,1.2153,1.2261,2599833.0
1693242000000,1.2261,1.2293,1.2165,1.2187,1738931.0
1693245600000,1.2185,1.2196,1.19,1.2129,4670709.0
1693249200000,1.2136,1.2182,1.2026,1.2135,1516849.0
1693252800000,1.2134,1.2222,1.2081,1.2205,777580.0
1693256400000,1.2207,1.2207,1.2003,1.2068,943004.0
1693260000000,1.2067,1.2122,1.2021,1.2064,1086219.0
1693263600000,1.2066,1.2193,1.206,1.2077,1579829.0
1693267200000,1.2075,1.2197,1.1971,1.2154,3128734.0
1693270800000,1.2154,1.24,1.2109,1.2226,4529407.0
1693274400000,1.2223,1.2237,1.2073,1.214,2909495.0
1693278000000,1.2139,1.2158,1.2013,1.2082,1901953.0
1693281600000,1.2084,1.2155,1.2041,1.205,2698281.0
1693285200000,1.2051,1.2081,1.2012,1.2031,1378416.0
1693288800000,1.203,1.2036,1.1448,1.1616,15694364.0
1693292400000,1.1615,1.168,1.1584,1.1606,3299342.0
1693296000000,1.1605,1.1636,1.1515,1.1557,3937901.0
1693299600000,1.1557,1.1618,1.152,1.1555,1936790.0
1693303200000,1.1555,1.1598,1.1169,1.1359,9224955.0
1693306800000,1.1358,1.141,1.1062,1.118,7089451.0
1693310400000,1.118,1.1352,1.116,1.1335,5515988.0
1693314000000,1.1335,1.1376,1.1204,1.1224,3525159.0
1693317600000,1.1222,1.2173,1.1222,1.1891,32151521.0
1693321200000,1.1895,1.1942,1.1603,1.1832,9680728.0
1693324800000,1.1829,1.209,1.181,1.2023,9925676.0
1693328400000,1.2024,1.3878,1.1975,1.3053,34977811.0
1693332000000,1.3055,1.3342,1.2723,1.2726,11172573.0
1693335600000,1.2727,1.2878,1.255,1.2624,4201318.0
1693339200000,1.2624,1.2807,1.262,1.2658,3369234.0
1693342800000,1.2658,1.3042,1.2652,1.3016,3221290.0
1693346400000,1.3018,1.355,1.3009,1.3098,8716691.0
1693350000000,1.3097,1.3098,1.2735,1.2965,4735879.0
1693353600000,1.2963,1.3238,1.2846,1.2901,6115370.0
1693357200000,1.2905,1.2945,1.2714,1.2822,4959955.0
1693360800000,1.2822,1.2946,1.273,1.2837,3706756.0
1693364400000,1.284,1.29,1.2576,1.2639,5237750.0
1693368000000,1.2642,1.286,1.2627,1.2832,3454835.0
1693371600000,1.2833,1.2978,1.272,1.2775,5410295.0
1693375200000,1.2777,1.2883,1.2634,1.2672,4285767.0
1693378800000,1.2675,1.284,1.2627,1.2829,3017073.0
1693382400000,1.2829,1.3295,1.2718,1.3256,10442261.0
1693386000000,1.3261,1.3335,1.2763,1.2928,11829570.0
1693389600000,1.293,1.3163,1.2515,1.3116,8246357.0
1693393200000,1.3115,1.315,1.2835,1.2847,6303748.0
1693396800000,1.2847,1.296,1.2662,1.2702,5128654.0
1693400400000,1.2702,1.2774,1.2572,1.2712,4693008.0
1693404000000,1.2713,1.282,1.2205,1.2283,10586738.0
1693407600000,1.2283,1.235,1.2131,1.2259,6314667.0
1693411200000,1.2256,1.2325,1.2023,1.2084,6389040.0
1693414800000,1.2085,1.2325,1.208,1.2234,3885883.0
1693418400000,1.2234,1.2323,1.2177,1.2282,1639914.0
1693422000000,1.2274,1.2314,1.2209,1.2221,1332443.0
1693425600000,1.2221,1.2272,1.2179,1.2243,873993.0
1693429200000,1.2242,1.2305,1.2195,1.2205,1369298.0
1693432800000,1.2206,1.2289,1.2164,1.2205,1473303.0
1693436400000,1.2204,1.2289,1.2145,1.2228,1760149.0
1693440000000,1.2229,1.2265,1.2038,1.2066,2978211.0
1693443600000,1.2065,1.2075,1.175,1.1989,5562518.0
1693447200000,1.1989,1.206,1.1934,1.1948,2004929.0
1693450800000,1.1944,1.2024,1.1901,1.2007,1655722.0
1693454400000,1.2009,1.2123,1.1959,1.205,2931629.0
1693458000000,1.205,1.2075,1.1965,1.2006,1637019.0
1693461600000,1.2002,1.2027,1.1942,1.1979,2330169.0
1693465200000,1.1979,1.2063,1.1886,1.197,3272870.0
1693468800000,1.1969,1.1977,1.1867,1.1957,2025323.0
1693472400000,1.1956,1.2054,1.19,1.2014,2178226.0
1693476000000,1.201,1.2017,1.1884,1.1923,2422311.0
1693479600000,1.1922,1.2764,1.1899,1.2328,12541243.0
1693483200000,1.2329,1.2332,1.2049,1.2078,7965038.0
1693486800000,1.2074,1.2093,1.1888,1.1958,4720608.0
1693490400000,1.1957,1.1966,1.1694,1.1962,6715687.0
1693494000000,1.1961,1.2003,1.1596,1.1829,6319935.0
1693497600000,1.1832,1.1888,1.1607,1.164,7315166.0
1693501200000,1.1637,1.1658,1.1317,1.1532,11718848.0
1693504800000,1.1531,1.1595,1.1487,1.1574,1990015.0
1693508400000,1.157,1.1666,1.1443,1.1561,2850849.0
1693512000000,1.1558,1.1561,1.1407,1.1443,1734663.0
1693515600000,1.1444,1.1514,1.1328,1.1434,2143145.0
1693519200000,1.1433,1.1494,1.1365,1.1486,1445260.0
1693522800000,1.1486,1.1493,1.1208,1.1354,3964702.0
1693526400000,1.1354,1.1443,1.1269,1.1367,3204811.0
1693530000000,1.1368,1.138,1.1158,1.1197,3363527.0
1693533600000,1.1197,1.1323,1.1159,1.132,2818396.0
1693537200000,1.1317,1.1372,1.127,1.1294,1933790.0
1693540800000,1.1294,1.1311,1.1215,1.1222,2063560.0
1693544400000,1.122,1.1248,1.1116,1.115,3750005.0
1693548000000,1.1149,1.12,1.0911,1.1017,6985863.0
1693551600000,1.1018,1.1102,1.0968,1.108,3456079.0
1693555200000,1.1078,1.1143,1.099,1.1125,3054755.0
1693558800000,1.1127,1.132,1.1091,1.1139,5760347.0
1693562400000,1.1137,1.1168,1.1076,1.1137,2193661.0
1693566000000,1.1138,1.1272,1.111,1.1216,2762499.0
1693569600000,1.1217,1.1254,1.1086,1.1147,4819083.0
1693573200000,1.1148,1.1187,1.1013,1.1126,4167959.0
1693576800000,1.1127,1.1177,1.0972,1.1041,7467253.0
1693580400000,1.1039,1.1266,1.0984,1.1116,7247260.0
1693584000000,1.1118,1.1485,1.107,1.1188,10715389.0
1693587600000,1.1187,1.1248,1.0937,1.1137,10629591.0
1693591200000,1.1135,1.1248,1.1001,1.1096,4952087.0
1693594800000,1.1095,1.1114,1.1011,1.1073,1366626.0
1693598400000,1.1078,1.1239,1.1,1.1216,2789689.0
1693602000000,1.1216,1.1398,1.1178,1.138,3003504.0
1693605600000,1.1379,1.1446,1.1212,1.1259,3005947.0
1693609200000,1.126,1.1263,1.11,1.124,2638838.0
1693612800000,1.1241,1.1538,1.1239,1.14,6311072.0
1693616400000,1.1401,1.1667,1.1348,1.1611,5859512.0
1693620000000,1.1611,1.1943,1.1539,1.1794,9734947.0
1693623600000,1.1798,1.1892,1.1632,1.1818,6894161.0
1693627200000,1.1819,1.214,1.1725,1.1835,12324637.0
1693630800000,1.1838,1.1979,1.1719,1.193,6546455.0
1693634400000,1.193,1.1962,1.16,1.1644,7364067.0
1693638000000,1.1648,1.171,1.1619,1.1664,2963478.0
1693641600000,1.1664,1.1716,1.1326,1.1337,9842589.0
1693645200000,1.1338,1.15,1.1327,1.149,5128517.0
1693648800000,1.149,1.1758,1.1416,1.1678,6906425.0
1693652400000,1.1679,1.1679,1.1518,1.1587,6004863.0
1693656000000,1.1586,1.185,1.1579,1.1648,12515221.0
1693659600000,1.1647,1.175,1.1401,1.1624,21902030.0
1693663200000,1.1625,1.1691,1.151,1.1522,4570211.0
1693666800000,1.1525,1.1653,1.1455,1.1495,5221164.0
1693670400000,1.1497,1.1747,1.141,1.1464,19546627.0
1693674000000,1.1465,1.1567,1.1165,1.12,15087909.0
1693677600000,1.1201,1.1291,1.1026,1.1164,6360168.0
1693681200000,1.1162,1.1258,1.1141,1.1188,2494740.0
1693684800000,1.119,1.1218,1.1068,1.1201,2313711.0
1693688400000,1.12,1.1327,1.1192,1.1301,1559041.0
1693692000000,1.1301,1.1357,1.1234,1.1259,1702134.0
1693695600000,1.126,1.1386,1.126,1.1351,2154867.0
1693699200000,1.1351,1.1367,1.118,1.1306,2698477.0
1693702800000,1.1306,1.1363,1.1242,1.125,1934562.0
1693706400000,1.1249,1.1337,1.1212,1.127,2121622.0
1693710000000,1.1271,1.1513,1.1259,1.1488,5309064.0
1693713600000,1.1487,1.1547,1.1233,1.132,7030964.0
1693717200000,1.1321,1.1357,1.1265,1.1311,1780748.0
1693720800000,1.1313,1.1395,1.1285,1.1354,1850834.0
1693724400000,1.1352,1.1386,1.1234,1.1273,2291341.0
1693728000000,1.127,1.13,1.1166,1.1224,2813187.0
1693731600000,1.1224,1.1297,1.1202,1.1268,1517478.0
1693735200000,1.1265,1.1327,1.123,1.1313,1564605.0
1693738800000,1.1312,1.1373,1.1253,1.1364,1603630.0
1693742400000,1.1363,1.1379,1.1217,1.1238,3990041.0
1693746000000,1.1236,1.127,1.1173,1.1228,2385748.0
1693749600000,1.1225,1.13,1.1151,1.1285,2312476.0
1693753200000,1.1285,1.1325,1.1215,1.1275,2171269.0
1693756800000,1.1274,1.1288,1.1011,1.1101,5290078.0
1693760400000,1.1101,1.1157,1.1051,1.1131,2371112.0
1693764000000,1.1129,1.1279,1.1096,1.1144,2985076.0
1693767600000,1.1143,1.1214,1.1086,1.1201,1063535.0
1693771200000,1.12,1.1289,1.11,1.1241,1235354.0
1693774800000,1.1243,1.1287,1.117,1.1201,746422.0
1693778400000,1.1201,1.1335,1.1173,1.1315,1243201.0
1693782000000,1.1317,1.1355,1.1258,1.1304,1574130.0
1693785600000,1.1304,1.1308,1.1169,1.1227,2224980.0
1693789200000,1.1228,1.1284,1.112,1.1187,2226895.0
1693792800000,1.1185,1.1719,1.112,1.1486,7363376.0
1693796400000,1.1487,1.1675,1.1315,1.1342,6729074.0
1693800000000,1.1342,1.1414,1.1292,1.1357,2616229.0
1693803600000,1.136,1.147,1.1308,1.1362,2858909.0
1693807200000,1.1362,1.142,1.1313,1.1385,1412314.0
1693810800000,1.1389,1.1505,1.1371,1.1422,2341073.0
1693814400000,1.1423,1.16,1.1377,1.1492,3621902.0
1693818000000,1.1493,1.1566,1.1433,1.1462,2215789.0
1693821600000,1.1463,1.155,1.1418,1.1545,2055824.0
1693825200000,1.1545,1.1568,1.1365,1.139,3044663.0
1693828800000,1.1391,1.1392,1.1142,1.1157,6688204.0
1693832400000,1.1158,1.1255,1.1116,1.1152,3097668.0
1693836000000,1.1151,1.1197,1.1,1.1087,5994041.0
1693839600000,1.1087,1.1115,1.0474,1.0699,17062848.0
1693843200000,1.07,1.0801,1.0549,1.064,6667744.0
1693846800000,1.0641,1.0727,1.0582,1.0719,2431650.0
1693850400000,1.072,1.0784,1.068,1.0732,1206279.0
1693854000000,1.0732,1.0735,1.0627,1.0673,1121255.0
1693857600000,1.0672,1.0733,1.0635,1.072,1016804.0
1693861200000,1.0721,1.0733,1.019,1.0448,6090978.0
1693864800000,1.0445,1.0511,1.0347,1.0436,3182394.0
1693868400000,1.0436,1.0492,1.0334,1.0483,2354138.0
1693872000000,1.0484,1.0486,1.0178,1.0278,5254850.0
1693875600000,1.0278,1.0455,1.0266,1.0425,3809191.0
1693879200000,1.0428,1.046,1.0279,1.0288,2717830.0
1693882800000,1.029,1.0442,1.0251,1.0413,3853496.0
1693886400000,1.0414,1.0457,1.035,1.0455,1849091.0
1693890000000,1.0456,1.0527,1.0403,1.0408,2184562.0
1693893600000,1.0408,1.0415,1.0311,1.0357,2524024.0
1693897200000,1.036,1.0457,1.0358,1.0399,1757148.0
1693900800000,1.0396,1.045,1.0369,1.044,1910540.0
1693904400000,1.0437,1.0648,1.0401,1.0571,3619093.0
1693908000000,1.0573,1.0649,1.0536,1.0556,3011924.0
1693911600000,1.0555,1.0581,1.0442,1.0551,2599271.0
1693915200000,1.0553,1.0605,1.044,1.0598,3036677.0
1693918800000,1.0597,1.0628,1.051,1.0582,2649720.0
1693922400000,1.0576,1.0653,1.0509,1.0626,2972588.0
1693926000000,1.0627,1.096,1.0608,1.0727,10613816.0
1693929600000,1.0726,1.0773,1.05,1.0656,4850555.0
1693933200000,1.0655,1.0708,1.0586,1.0677,1567527.0
1693936800000,1.0682,1.0945,1.0673,1.0854,2348695.0
1693940400000,1.0851,1.098,1.0731,1.076,2531100.0
1693944000000,1.0757,1.0803,1.0636,1.0649,1338848.0
1693947600000,1.0648,1.0775,1.0628,1.0737,929774.0
1693951200000,1.0739,1.0769,1.07,1.0753,808211.0
1693954800000,1.0755,1.079,1.0679,1.0711,1065686.0
1693958400000,1.0711,1.0784,1.0565,1.0645,2511901.0
1693962000000,1.0647,1.0702,1.0599,1.0611,1839384.0
1693965600000,1.0613,1.069,1.0573,1.0683,1738515.0
1693969200000,1.0684,1.0703,1.061,1.063,1597821.0
1693972800000,1.063,1.0648,1.0539,1.0567,1652100.0
1693976400000,1.0569,1.0612,1.052,1.0592,1417822.0
1693980000000,1.0593,1.0774,1.0577,1.0749,2550929.0
1693983600000,1.075,1.0785,1.0665,1.0691,2087470.0
1693987200000,1.0687,1.0959,1.0653,1.09,5307315.0
1693990800000,1.0899,1.1179,1.084,1.0873,9464657.0
1693994400000,1.0873,1.0927,1.0824,1.0902,1738448.0
1693998000000,1.0901,1.1723,1.0898,1.1606,18982101.0
1694001600000,1.1606,1.2089,1.1526,1.1611,25606144.0
1694005200000,1.1614,1.1849,1.1458,1.1716,12156644.0
1694008800000,1.1715,1.1752,1.1437,1.1658,13469758.0
1694012400000,1.1658,1.1886,1.1423,1.1736,11381304.0
1694016000000,1.1736,1.22,1.1649,1.2127,20650215.0
1694019600000,1.2125,1.2996,1.2061,1.2838,37414767.0
1694023200000,1.2839,1.2999,1.2607,1.2838,17168863.0
1694026800000,1.2838,1.3242,1.2712,1.282,17092109.0
1694030400000,1.2822,1.3102,1.2713,1.2941,9471680.0
1694034000000,1.2941,1.3363,1.2894,1.317,8583834.0
1694037600000,1.3171,1.3242,1.2902,1.2999,7569206.0
1694041200000,1.2999,1.3088,1.2633,1.2882,10344147.0
1694044800000,1.2884,1.3277,1.281,1.3191,13482334.0
1694048400000,1.3193,1.3911,1.3163,1.3698,35836188.0
1694052000000,1.3696,1.3856,1.3311,1.3368,16947295.0
1694055600000,1.3369,1.3676,1.322,1.3332,19091451.0
1694059200000,1.3333,1.3585,1.325,1.3464,13348488.0
1694062800000,1.3461,1.3703,1.3238,1.3566,14214624.0
1694066400000,1.3569,1.3836,1.2534,1.2668,37596196.0
1694070000000,1.2668,1.2757,1.238,1.266,18951375.0
1694073600000,1.266,1.2842,1.245,1.2597,15268490.0
1694077200000,1.2595,1.2773,1.2569,1.2698,7412930.0
1694080800000,1.2698,1.299,1.255,1.2654,15695074.0
1694084400000,1.2654,1.275,1.2141,1.2217,17066364.0
1694088000000,1.2219,1.2377,1.2043,1.2298,15355347.0
1694091600000,1.2298,1.2429,1.2211,1.2315,8006788.0
1694095200000,1.2314,1.2373,1.2008,1.2212,12884368.0
1694098800000,1.2212,1.235,1.2181,1.223,7157982.0
1694102400000,1.2229,1.2322,1.2041,1.2209,11135527.0
1694106000000,1.2207,1.2257,1.1895,1.2147,9612500.0
1694109600000,1.215,1.2209,1.2005,1.2028,5020035.0
1694113200000,1.2028,1.2149,1.1962,1.212,3597622.0
1694116800000,1.2119,1.2188,1.2021,1.2161,3474890.0
1694120400000,1.2164,1.2322,1.2098,1.2127,6054820.0
1694124000000,1.2126,1.235,1.211,1.2295,3533006.0
1694127600000,1.2298,1.249,1.2212,1.2284,6021186.0
1694131200000,1.2287,1.2495,1.2193,1.2435,5090934.0
1694134800000,1.2439,1.2468,1.2292,1.2411,4730210.0
1694138400000,1.2414,1.2537,1.2073,1.2154,9496038.0
1694142000000,1.2153,1.2394,1.2114,1.214,6423737.0
1694145600000,1.2139,1.2217,1.203,1.2191,5463336.0
1694149200000,1.2189,1.2269,1.2035,1.2057,5466242.0
1694152800000,1.2055,1.208,1.1614,1.1734,15290945.0
1694156400000,1.1736,1.174,1.1561,1.1594,6523908.0
1694160000000,1.1595,1.1706,1.1515,1.1576,6645354.0
1694163600000,1.1576,1.1614,1.1404,1.1457,5847917.0
1694167200000,1.1457,1.1492,1.1183,1.1351,12634711.0
1694170800000,1.135,1.1387,1.123,1.1314,4432455.0
1694174400000,1.1314,1.1395,1.1267,1.1322,4282594.0
1694178000000,1.1324,1.1425,1.132,1.1415,3805340.0
1694181600000,1.1415,1.1447,1.1268,1.1321,3494071.0
1694185200000,1.1324,1.1369,1.127,1.1307,3772901.0
1694188800000,1.1305,1.1554,1.1275,1.1484,8065077.0
1694192400000,1.1484,1.1523,1.1233,1.1263,5687777.0
1694196000000,1.1262,1.1319,1.1161,1.1212,2921439.0
1694199600000,1.1211,1.1266,1.1111,1.1195,3355981.0
1694203200000,1.1194,1.1298,1.1186,1.1277,1491159.0
1694206800000,1.1277,1.1332,1.125,1.131,1355094.0
1694210400000,1.1309,1.1409,1.1279,1.1367,2151096.0
1694214000000,1.1367,1.1368,1.128,1.1349,1524721.0
1694217600000,1.1353,1.1354,1.12,1.123,2447722.0
1694221200000,1.1229,1.1483,1.1226,1.1446,3472473.0
1694224800000,1.1444,1.146,1.1346,1.1366,2545473.0
1694228400000,1.1367,1.1517,1.1277,1.1494,4439182.0
1694232000000,1.1493,1.1556,1.1385,1.1392,3751992.0
1694235600000,1.1394,1.148,1.1331,1.1409,3610589.0
1694239200000,1.1408,1.1638,1.1398,1.1622,5978960.0
1694242800000,1.1626,1.1711,1.1453,1.1474,5457805.0
1694246400000,1.1474,1.154,1.1316,1.1374,6893634.0
1694250000000,1.1373,1.145,1.1367,1.1434,2135282.0
1694253600000,1.1432,1.1447,1.133,1.1383,1855288.0
1694257200000,1.1383,1.1491,1.1279,1.1421,4051345.0
1694260800000,1.142,1.16,1.1387,1.1442,4210964.0
1694264400000,1.1441,1.1584,1.1427,1.1573,3859136.0
1694268000000,1.1572,1.172,1.1489,1.1622,7224114.0
1694271600000,1.1622,1.177,1.1471,1.1529,6840817.0
1694275200000,1.1531,1.158,1.1433,1.1488,3409072.0
1694278800000,1.149,1.155,1.1464,1.1495,2330464.0
1694282400000,1.1491,1.1579,1.1481,1.1518,2097607.0
1694286000000,1.1519,1.1731,1.1515,1.1696,2337294.0
1694289600000,1.1696,1.1788,1.165,1.1672,2574090.0
1694293200000,1.1672,1.1742,1.1607,1.1661,1597470.0
1694296800000,1.1658,1.182,1.1631,1.1757,3197114.0
1694300400000,1.1758,1.1769,1.1615,1.1674,2330527.0
1694304000000,1.1676,1.1814,1.1522,1.1741,5823915.0
1694307600000,1.1739,1.1743,1.1477,1.1533,4563481.0
1694311200000,1.153,1.1564,1.1334,1.1456,6055718.0
1694314800000,1.1454,1.1472,1.1353,1.1424,2391545.0
1694318400000,1.1426,1.1445,1.0505,1.0886,20792296.0
1694322000000,1.0886,1.098,1.0855,1.0925,5900213.0
1694325600000,1.0926,1.108,1.092,1.0988,3679471.0
1694329200000,1.099,1.1055,1.0967,1.1003,1933469.0
1694332800000,1.1004,1.1012,1.0836,1.09,4287627.0
1694336400000,1.0899,1.0986,1.0856,1.091,3223139.0
1694340000000,1.0909,1.0978,1.086,1.0912,3126333.0
1694343600000,1.0912,1.0931,1.0815,1.0851,3207067.0
1694347200000,1.0851,1.0919,1.0836,1.0901,1475727.0
1694350800000,1.0902,1.0939,1.0857,1.0919,1806043.0
1694354400000,1.0919,1.0948,1.0714,1.0759,5778747.0
1694358000000,1.076,1.0841,1.0646,1.0792,6157104.0
1694361600000,1.0794,1.095,1.0751,1.0892,5138953.0
1694365200000,1.0898,1.0898,1.0652,1.0714,5529576.0
1694368800000,1.0713,1.0788,1.0593,1.0704,3986238.0
1694372400000,1.0704,1.0804,1.0619,1.0772,3806297.0
1694376000000,1.0776,1.0916,1.0753,1.0904,2029128.0
1694379600000,1.0903,1.104,1.0875,1.0949,1989108.0
1694383200000,1.0948,1.1066,1.0907,1.093,1968167.0
1694386800000,1.0931,1.0953,1.0888,1.0926,1191383.0
1694390400000,1.0926,1.1076,1.0818,1.0899,4793279.0
1694394000000,1.0898,1.0943,1.0773,1.082,3151926.0
1694397600000,1.082,1.1006,1.0782,1.096,3119278.0
1694401200000,1.096,1.1098,1.0947,1.1036,2928822.0
1694404800000,1.1038,1.1046,1.0916,1.0933,2081905.0
1694408400000,1.0932,1.1023,1.0873,1.0992,3024248.0
1694412000000,1.0992,1.1012,1.0887,1.0965,5058050.0
1694415600000,1.0965,1.1052,1.0872,1.0911,10071548.0
1694419200000,1.0911,1.093,1.0613,1.069,6730028.0
1694422800000,1.069,1.069,1.0463,1.0679,8426703.0
1694426400000,1.0677,1.0693,1.0435,1.0554,7960910.0
1694430000000,1.0555,1.0585,1.0398,1.0442,6192740.0
1694433600000,1.0441,1.0575,1.0423,1.0573,3821005.0
1694437200000,1.0574,1.058,1.0276,1.031,10433179.0
1694440800000,1.0311,1.0412,1.0216,1.0333,12035064.0
1694444400000,1.0333,1.0481,1.0283,1.0426,4844513.0
1694448000000,1.0425,1.05,1.0352,1.0375,3174698.0
1694451600000,1.0376,1.0382,1.0247,1.0326,3045022.0
1694455200000,1.0322,1.0333,1.0132,1.0198,5076153.0
1694458800000,1.0197,1.0249,1.0033,1.0087,5630656.0
1694462400000,1.0083,1.0147,1.005,1.0117,1829471.0
1694466000000,1.0118,1.0224,1.0105,1.0144,1568334.0
1694469600000,1.0142,1.021,1.0077,1.0082,1540162.0
1694473200000,1.0082,1.0132,0.9951,1.01,4423823.0
1694476800000,1.0099,1.024,0.9975,1.0192,4275517.0
1694480400000,1.0191,1.0194,0.9975,1.0008,7944012.0
1694484000000,1.0008,1.0029,0.9695,0.9777,21055746.0
1694487600000,0.9778,1.0288,0.9741,1.0103,18834044.0
1694491200000,1.0103,1.0271,1.0068,1.0104,6676158.0
1694494800000,1.0105,1.0123,1.0,1.0094,4717224.0
1694498400000,1.0093,1.0214,1.0082,1.0162,4174732.0
1694502000000,1.0165,1.0397,1.0081,1.0341,4743860.0
1694505600000,1.0343,1.0371,1.0184,1.0206,4765855.0
1694509200000,1.0207,1.0375,1.0165,1.0346,3821873.0
1694512800000,1.0346,1.0633,1.0298,1.0424,8563066.0
1694516400000,1.0427,1.0502,1.0389,1.0465,3328900.0
1694520000000,1.0465,1.0521,1.0351,1.0367,3713136.0
1694523600000,1.0367,1.046,1.0338,1.043,3704852.0
1694527200000,1.0432,1.0475,1.0114,1.0178,7054760.0
1694530800000,1.0178,1.0207,0.9871,0.9947,11263010.0
1694534400000,0.9945,1.0164,0.994,1.001,10883683.0
1694538000000,1.0009,1.0085,0.9886,1.0015,6650539.0
1694541600000,1.0015,1.0081,0.9995,1.0006,1789821.0
1694545200000,1.0003,1.012,0.9987,1.0065,2336735.0
1694548800000,1.0064,1.0153,1.003,1.0081,1686564.0
1694552400000,1.008,1.0375,1.0063,1.0354,3635684.0
1694556000000,1.0353,1.0354,1.0192,1.0203,2223729.0
1694559600000,1.0201,1.021,1.0072,1.0111,3855784.0
1694563200000,1.0111,1.0339,1.0066,1.0263,4817447.0
1694566800000,1.0264,1.0412,1.0239,1.0379,5823971.0
1694570400000,1.038,1.04,1.0238,1.037,6345773.0
1694574000000,1.0365,1.0381,1.0126,1.0174,6257396.0
1694577600000,1.0175,1.0243,1.0141,1.0202,2596588.0
1694581200000,1.0202,1.027,0.9939,1.0005,7669106.0
1694584800000,1.0005,1.0025,0.9754,0.9848,11256969.0
1694588400000,0.9848,1.0934,0.972,0.9871,20443132.0
1694592000000,0.987,1.0117,0.986,1.0037,8930775.0
1694595600000,1.0039,1.0194,0.9999,1.0151,6765825.0
1694599200000,1.0154,1.0175,1.0007,1.0071,4337477.0
1694602800000,1.0067,1.0176,1.0028,1.0031,4094038.0
1694606400000,1.0031,1.0117,0.9874,1.0086,7044183.0
1694610000000,1.0083,1.0141,1.0013,1.0088,2865059.0
1694613600000,1.009,1.0305,0.9976,1.0203,7145161.0
1694617200000,1.0203,1.0365,1.0199,1.0237,5576144.0
1694620800000,1.0239,1.0338,1.0181,1.0242,3664644.0
1694624400000,1.0243,1.0347,1.0073,1.0088,6324410.0
1694628000000,1.0094,1.0131,1.0036,1.0075,2258525.0
1694631600000,1.0075,1.0166,1.0056,1.0114,1704541.0
1694635200000,1.0117,1.0175,1.0088,1.0173,1247875.0
1694638800000,1.0175,1.0263,1.0155,1.0206,917722.0
1694642400000,1.0206,1.0263,1.0143,1.018,1247260.0
1694646000000,1.018,1.0194,1.0094,1.0128,1657967.0
1694649600000,1.0129,1.045,1.0113,1.0423,6248297.0
1694653200000,1.042,1.0424,1.0012,1.0019,8060586.0
1694656800000,1.002,1.0144,1.0015,1.013,3510761.0
1694660400000,1.0126,1.0162,0.997,1.0036,4408376.0
1694664000000,1.0035,1.0095,0.9974,1.0018,2764754.0
1694667600000,1.0021,1.0087,1.0006,1.0065,2424965.0
1694671200000,1.0064,1.0161,1.0039,1.0139,2570128.0
1694674800000,1.0138,1.0153,1.007,1.0112,2096315.0
1694678400000,1.0113,1.0159,1.004,1.0078,2430482.0
1694682000000,1.0077,1.0118,0.9958,1.0033,3910397.0
1694685600000,1.0032,1.0092,1.0,1.0067,1824710.0
1694689200000,1.0063,1.0086,0.9992,1.0055,2273196.0
1694692800000,1.0056,1.0133,1.0002,1.0082,3757163.0
1694696400000,1.0082,1.0274,1.0061,1.018,7042237.0
1694700000000,1.0179,1.033,1.01,1.0285,5544370.0
1694703600000,1.0286,1.0327,1.0133,1.0188,3590570.0
1694707200000,1.0188,1.0284,1.0121,1.0219,2902930.0
1694710800000,1.0218,1.0531,1.0198,1.0509,5316768.0
1694714400000,1.0509,1.1174,1.0504,1.087,23883401.0
1694718000000,1.0873,1.0941,1.0769,1.0854,6235685.0
1694721600000,1.0857,1.0943,1.0785,1.0792,3602000.0
1694725200000,1.079,1.0997,1.0788,1.0985,2713820.0
1694728800000,1.0986,1.1168,1.0909,1.0938,6436236.0
1694732400000,1.0939,1.0952,1.0662,1.068,6682805.0
1694736000000,1.068,1.0721,1.0464,1.0556,8060919.0
1694739600000,1.0554,1.0668,1.0475,1.0632,3719585.0
1694743200000,1.0632,1.0803,1.063,1.0735,3911561.0
1694746800000,1.0739,1.081,1.065,1.0778,3025727.0
1694750400000,1.0773,1.0829,1.0634,1.0752,4800157.0
1694754000000,1.0753,1.0862,1.0726,1.0854,4235409.0
1694757600000,1.0852,1.0854,1.067,1.0704,3469350.0
1694761200000,1.0705,1.0714,1.0567,1.0663,4531879.0
1694764800000,1.0664,1.0955,1.0567,1.0916,6932654.0
1694768400000,1.0913,1.1064,1.0836,1.0977,7995185.0
1694772000000,1.0981,1.139,1.0979,1.1203,17460930.0
1694775600000,1.1206,1.1315,1.1039,1.11,9404664.0
1694779200000,1.11,1.1271,1.1042,1.1148,7549445.0
1694782800000,1.1149,1.1546,1.1113,1.1326,13268511.0
1694786400000,1.1327,1.1495,1.1155,1.1218,10967749.0
1694790000000,1.1219,1.167,1.1208,1.159,9871669.0
1694793600000,1.1591,1.2375,1.1536,1.2268,31261612.0
1694797200000,1.2268,1.2386,1.2022,1.217,16238556.0
1694800800000,1.217,1.288,1.214,1.2819,19584351.0
1694804400000,1.2821,1.375,1.2683,1.3209,37084535.0
1694808000000,1.3209,1.3395,1.3052,1.3117,12042081.0
1694811600000,1.3119,1.3613,1.3015,1.3467,9543602.0
1694815200000,1.347,1.3753,1.3363,1.3537,15471214.0
1694818800000,1.3537,1.3724,1.306,1.3258,11867515.0
1694822400000,1.3254,1.368,1.3119,1.3246,14406473.0
1694826000000,1.3245,1.3692,1.3221,1.3595,11127571.0
1694829600000,1.3596,1.7487,1.351,1.5521,59381997.0
1694833200000,1.5518,1.6999,1.5411,1.5722,58184534.0
1694836800000,1.5717,1.66,1.5234,1.6232,37308555.0
1694840400000,1.6234,1.6436,1.57,1.6092,21951630.0
1694844000000,1.6094,1.6652,1.5814,1.6246,24373139.0
1694847600000,1.6248,1.66,1.5842,1.6032,20851711.0
1694851200000,1.6031,1.6232,1.419,1.432,50584461.0
1694854800000,1.4319,1.4946,1.414,1.4613,31574953.0
1694858400000,1.4614,1.56,1.454,1.53,25300407.0
1694862000000,1.53,1.5383,1.4722,1.5218,22991568.0
1694865600000,1.5215,1.53,1.4208,1.4592,24950071.0
1694869200000,1.4594,1.4857,1.4215,1.464,21903253.0
1694872800000,1.464,1.4873,1.4018,1.4585,22350188.0
1694876400000,1.4585,1.4797,1.4472,1.4707,16609421.0
1694880000000,1.4708,1.52,1.4235,1.4505,36549925.0
1694883600000,1.4504,1.4777,1.4088,1.4655,17342453.0
1694887200000,1.4655,1.4998,1.455,1.4803,12182577.0
1694890800000,1.4803,1.4913,1.4565,1.4781,8128635.0
1694894400000,1.4782,1.5,1.472,1.4869,6844853.0
1694898000000,1.4875,1.4941,1.4671,1.4867,3417733.0
1694901600000,1.4867,1.5671,1.4783,1.5306,11317792.0
1694905200000,1.5307,1.5475,1.4945,1.5046,8544633.0
1694908800000,1.5053,1.5063,1.4206,1.43,18697265.0
1694912400000,1.4297,1.4375,1.317,1.337,34698918.0
1694916000000,1.337,1.3736,1.331,1.3533,15056988.0
1694919600000,1.3533,1.398,1.3438,1.3904,13019067.0
1694923200000,1.3903,1.3987,1.3687,1.3758,8768690.0
1694926800000,1.376,1.3785,1.3433,1.3517,13489044.0
1694930400000,1.3517,1.3593,1.3353,1.3541,9261650.0
1694934000000,1.354,1.3654,1.3246,1.3429,9204582.0
1694937600000,1.3427,1.3875,1.3426,1.3717,12436067.0
1694941200000,1.3717,1.3722,1.3501,1.3658,6408813.0
1694944800000,1.3652,1.3652,1.3528,1.3552,3202607.0
1694948400000,1.3549,1.3737,1.3421,1.3554,7339419.0
1694952000000,1.3554,1.3791,1.3489,1.3575,7578034.0
1694955600000,1.3571,1.3606,1.335,1.3402,8331455.0
1694959200000,1.3401,1.3541,1.3347,1.3424,5257539.0
1694962800000,1.3424,1.3693,1.3072,1.3337,17865493.0
1694966400000,1.3336,1.35,1.2543,1.2886,34743522.0
1694970000000,1.2884,1.3138,1.283,1.2855,14350318.0
1694973600000,1.2854,1.2949,1.2725,1.2801,7951070.0
1694977200000,1.2799,1.285,1.2709,1.2754,3644965.0
1694980800000,1.2753,1.2859,1.2261,1.24,13753106.0
1694984400000,1.2399,1.2681,1.2368,1.2608,4544012.0
1694988000000,1.2609,1.274,1.2509,1.2637,3681543.0
1694991600000,1.2636,1.2789,1.2516,1.264,4153704.0
1694995200000,1.264,1.2756,1.231,1.2508,10600605.0
1694998800000,1.2506,1.2763,1.2412,1.2668,6554150.0
1695002400000,1.2665,1.3022,1.2595,1.2758,11778836.0
1695006000000,1.2758,1.2972,1.2639,1.2915,6868127.0
1695009600000,1.2913,1.307,1.2762,1.2832,6174753.0
1695013200000,1.2829,1.2908,1.2704,1.2851,3807968.0
1695016800000,1.285,1.2971,1.2686,1.2759,5442870.0
1695020400000,1.2757,1.2898,1.2756,1.2836,3814609.0
1695024000000,1.2831,1.3296,1.2736,1.3136,11010963.0
1695027600000,1.3128,1.3614,1.3081,1.3428,18785016.0
1695031200000,1.343,1.3715,1.313,1.3604,15357319.0
1695034800000,1.3605,1.3636,1.3307,1.3454,8534509.0
1695038400000,1.3452,1.3788,1.3268,1.3637,11773562.0
1695042000000,1.3631,1.495,1.3427,1.462,34457455.0
1695045600000,1.4623,1.483,1.389,1.4007,36075869.0
1695049200000,1.4014,1.4293,1.3804,1.4123,16561401.0
1695052800000,1.4121,1.4449,1.3538,1.4201,26275776.0
1695056400000,1.4199,1.4314,1.3802,1.3986,14899395.0
1695060000000,1.3992,1.4076,1.358,1.3767,8930867.0
1695063600000,1.3765,1.3952,1.3674,1.3845,5091979.0
1695067200000,1.3845,1.3906,1.3719,1.3772,2367382.0
1695070800000,1.3775,1.3878,1.3337,1.3859,6734792.0
1695074400000,1.3858,1.3953,1.3647,1.3718,3968880.0
1695078000000,1.3722,1.374,1.3324,1.3525,7283552.0
1695081600000,1.3525,1.3727,1.3373,1.3633,7816685.0
1695085200000,1.3632,1.3949,1.3555,1.3789,7416696.0
1695088800000,1.3788,1.3789,1.356,1.3767,6495923.0
1695092400000,1.3761,1.3841,1.36,1.3705,5277928.0
1695096000000,1.3704,1.4196,1.3624,1.3951,10823345.0
1695099600000,1.395,1.4136,1.3609,1.3719,13756196.0
1695103200000,1.3721,1.3916,1.3578,1.3836,6240099.0
1695106800000,1.3839,1.3906,1.3682,1.3862,4239363.0
1695110400000,1.3868,1.4067,1.3781,1.3962,7559917.0
1695114000000,1.3964,1.4246,1.3918,1.4168,11252681.0
1695117600000,1.4168,1.4228,1.3792,1.385,8953063.0
1695121200000,1.3854,1.3857,1.3635,1.3684,8375820.0
1695124800000,1.3684,1.3687,1.3103,1.3343,18061667.0
1695128400000,1.3345,1.3478,1.3237,1.3284,7798360.0
1695132000000,1.3283,1.3584,1.323,1.3459,7445111.0
1695135600000,1.346,1.3584,1.3411,1.3494,6768406.0
1695139200000,1.3494,1.3662,1.3304,1.3518,9494973.0
1695142800000,1.3517,1.3581,1.3348,1.344,3958558.0
1695146400000,1.3436,1.3514,1.3408,1.3435,1786231.0
1695150000000,1.3435,1.3489,1.3341,1.3415,1622390.0
1695153600000,1.3415,1.347,1.3215,1.3428,2891430.0
1695157200000,1.3427,1.3615,1.338,1.3553,3231860.0
1695160800000,1.3557,1.371,1.3495,1.3671,3153134.0
1695164400000,1.367,1.382,1.3608,1.3768,5079017.0
1695168000000,1.3767,1.4116,1.3705,1.4082,8494192.0
1695171600000,1.4083,1.42,1.3867,1.4129,8213486.0
1695175200000,1.413,1.4341,1.385,1.3987,10122954.0
1695178800000,1.3986,1.4093,1.3533,1.3642,11930031.0
1695182400000,1.3641,1.3859,1.3589,1.3739,5035884.0
1695186000000,1.3741,1.3884,1.3699,1.3787,3690981.0
1695189600000,1.3793,1.4098,1.3727,1.4015,6884048.0
1695193200000,1.4015,1.416,1.3854,1.3877,5336887.0
1695196800000,1.3877,1.4325,1.3815,1.4319,7503229.0
1695200400000,1.4319,1.48,1.3979,1.4126,25137866.0
1695204000000,1.4127,1.44,1.4015,1.4311,9462053.0
1695207600000,1.431,1.46,1.4232,1.4408,9528863.0
1695211200000,1.4406,1.4744,1.4073,1.4297,18520015.0
1695214800000,1.4294,1.475,1.4239,1.4584,13536052.0
1695218400000,1.4586,1.5094,1.4457,1.488,26106955.0
1695222000000,1.4879,1.53,1.4755,1.5003,23649805.0
1695225600000,1.5002,1.5287,1.4732,1.5108,17966651.0
1695229200000,1.5108,1.527,1.4925,1.5013,12202211.0
1695232800000,1.5015,1.5197,1.4925,1.5082,8817407.0
1695236400000,1.5083,1.5133,1.4607,1.5007,12779253.0
1695240000000,1.5007,1.5031,1.4857,1.5021,2599156.0
1695243600000,1.5022,1.5777,1.5001,1.5534,12414537.0
1695247200000,1.5534,1.5706,1.5433,1.5476,8303737.0
1695250800000,1.5477,1.5619,1.532,1.5577,6753346.0
1695254400000,1.558,1.6565,1.527,1.6031,22044178.0
1695258000000,1.6027,1.6079,1.542,1.5741,13749571.0
1695261600000,1.5743,1.5936,1.553,1.5809,8855476.0
1695265200000,1.5805,1.5875,1.5144,1.5409,12181142.0
1695268800000,1.541,1.5411,1.4906,1.5077,12083984.0
1695272400000,1.5078,1.5082,1.4531,1.4606,14188556.0
1695276000000,1.4608,1.4636,1.4203,1.4461,17706256.0
1695279600000,1.4459,1.4466,1.4277,1.4348,7173688.0
1695283200000,1.4348,1.456,1.4207,1.4235,9573040.0
1695286800000,1.4235,1.4337,1.3758,1.4066,15641361.0
1695290400000,1.4067,1.4158,1.3767,1.3794,9639507.0
1695294000000,1.3794,1.4119,1.3779,1.4062,7480522.0
1695297600000,1.4064,1.4272,1.3965,1.4262,9780318.0
1695301200000,1.4263,1.4269,1.3889,1.4101,9935829.0
1695304800000,1.4101,1.4499,1.404,1.4414,10951587.0
1695308400000,1.4414,1.4656,1.4362,1.4488,7995031.0
1695312000000,1.4487,1.4632,1.437,1.4452,6968279.0
1695315600000,1.4452,1.4899,1.442,1.4845,8201418.0
1695319200000,1.4851,1.5285,1.4831,1.5102,15686802.0
1695322800000,1.5102,1.5439,1.4951,1.5348,8037562.0
1695326400000,1.5348,1.5678,1.5127,1.5504,13942645.0
1695330000000,1.5508,1.5517,1.5119,1.5328,5763235.0
1695333600000,1.5326,1.5485,1.5158,1.5433,4940345.0
1695337200000,1.5432,1.5483,1.5049,1.5106,6191420.0
1695340800000,1.5107,1.56,1.4529,1.5532,24556084.0
1695344400000,1.5526,1.5529,1.5064,1.529,16868559.0
1695348000000,1.5292,1.5505,1.523,1.5293,9536796.0
1695351600000,1.5292,1.6276,1.529,1.6103,25744977.0
1695355200000,1.6099,1.6125,1.5614,1.5819,13479591.0
1695358800000,1.5816,1.605,1.5667,1.5977,10635945.0
1695362400000,1.5983,1.5992,1.5627,1.5687,8530420.0
1695366000000,1.5686,1.5708,1.5343,1.5612,16102052.0
1695369600000,1.5611,1.582,1.5522,1.5684,10310169.0
1695373200000,1.5684,1.5946,1.5563,1.5808,8033633.0
1695376800000,1.5809,1.5975,1.5567,1.561,9696165.0
1695380400000,1.5609,1.585,1.5584,1.5683,5359646.0
1695384000000,1.5682,1.5839,1.5534,1.5647,5829953.0
1695387600000,1.5647,1.5825,1.5427,1.5655,11718737.0
1695391200000,1.5653,1.6097,1.5617,1.5891,15157640.0
1695394800000,1.589,1.638,1.5813,1.593,23411903.0
1695398400000,1.5933,1.6055,1.5523,1.5592,15839094.0
1695402000000,1.5592,1.567,1.5162,1.5594,16818620.0
1695405600000,1.5592,1.575,1.5465,1.5633,7237897.0
1695409200000,1.5635,1.61,1.5607,1.5818,10125208.0
1695412800000,1.5823,1.6082,1.5808,1.6033,6971667.0
1695416400000,1.6035,1.6191,1.5917,1.6137,4979636.0
1695420000000,1.6137,1.625,1.5868,1.5991,7255963.0
1695423600000,1.5993,1.6148,1.5919,1.6058,4569894.0
1695427200000,1.6059,1.6424,1.5701,1.6067,18942390.0
1695430800000,1.607,1.6966,1.6035,1.6488,20788454.0
1695434400000,1.6488,1.6528,1.5686,1.5927,20012705.0
1695438000000,1.5926,1.5937,1.5538,1.5647,13909987.0
1695441600000,1.5646,1.5899,1.5352,1.576,15226570.0
1695445200000,1.5761,1.5996,1.5709,1.5882,7407693.0
1695448800000,1.5887,1.61,1.5715,1.5847,9016911.0
1695452400000,1.5847,1.5921,1.562,1.5809,5838332.0
1695456000000,1.5809,1.5836,1.56,1.5723,7188451.0
1695459600000,1.5722,1.5957,1.572,1.5949,6771087.0
1695463200000,1.595,1.5975,1.5847,1.5916,3512450.0
1695466800000,1.5909,1.5924,1.5685,1.5813,5703132.0
1695470400000,1.5813,1.5859,1.5605,1.5726,5273172.0
1695474000000,1.5722,1.5739,1.5358,1.5453,9534861.0
1695477600000,1.5452,1.5569,1.5365,1.5523,6325537.0
1695481200000,1.5522,1.5641,1.5112,1.526,13931686.0
1695484800000,1.5261,1.5436,1.5134,1.5417,7550653.0
1695488400000,1.5416,1.5645,1.5271,1.5423,8960595.0
1695492000000,1.5423,1.5479,1.5183,1.5183,6161140.0
1695495600000,1.5183,1.5359,1.5149,1.526,2927902.0
1695499200000,1.526,1.5308,1.5166,1.5243,2084582.0
1695502800000,1.5245,1.531,1.5155,1.5273,1576993.0
1695506400000,1.5272,1.5335,1.4893,1.4993,6601368.0
1695510000000,1.4995,1.5124,1.4951,1.5073,3592527.0
1695513600000,1.5072,1.537,1.4918,1.5334,8571913.0
1695517200000,1.5337,1.5444,1.5259,1.5273,5806632.0
1695520800000,1.5274,1.5481,1.5241,1.5365,4867932.0
1695524400000,1.5365,1.5552,1.5319,1.5481,4400177.0
1695528000000,1.548,1.56,1.5366,1.5494,4867455.0
1695531600000,1.5496,1.5541,1.5388,1.5435,3698158.0
1695535200000,1.5436,1.5436,1.5178,1.5226,5231466.0
1695538800000,1.5227,1.5268,1.5117,1.5208,5168331.0
1695542400000,1.5208,1.5321,1.5142,1.5225,4236282.0
1695546000000,1.5223,1.55,1.522,1.5485,6868827.0
1695549600000,1.5487,1.5885,1.5466,1.5728,12861074.0
1695553200000,1.5726,1.5948,1.5671,1.577,11967296.0
1695556800000,1.5769,1.5998,1.5678,1.5882,8814268.0
1695560400000,1.5882,1.5946,1.5715,1.5727,4996858.0
1695564000000,1.5723,1.5921,1.5723,1.5879,6821539.0
1695567600000,1.5875,1.622,1.5766,1.5805,11190042.0
1695571200000,1.58,1.5997,1.5701,1.5926,6172796.0
1695574800000,1.5928,1.6318,1.5891,1.6202,10332329.0
1695578400000,1.6204,1.6407,1.6002,1.6127,10130690.0
1695582000000,1.6129,1.6242,1.603,1.608,3605808.0
1695585600000,1.6081,1.6788,1.6051,1.6539,12525010.0
1695589200000,1.6539,1.6539,1.6306,1.6458,3997023.0
1695592800000,1.6458,1.6579,1.6306,1.6456,3035519.0
1695596400000,1.6456,1.6487,1.6104,1.6201,7690501.0
1695600000000,1.62,1.6798,1.6037,1.6513,22690924.0
1695603600000,1.6514,1.666,1.6368,1.6414,8856091.0
1695607200000,1.6413,1.6645,1.6272,1.6583,7177798.0
1695610800000,1.6582,1.6642,1.5814,1.589,14195984.0
1695614400000,1.5892,1.615,1.5711,1.6085,11626906.0
1695618000000,1.6088,1.6167,1.5832,1.5948,6545198.0
1695621600000,1.5948,1.6094,1.5759,1.5988,6345308.0
1695625200000,1.5989,1.6555,1.5962,1.645,15466697.0
1695628800000,1.6448,1.6978,1.6334,1.6864,33760624.0
1695632400000,1.6865,1.7144,1.6537,1.6574,20124267.0
1695636000000,1.6568,1.6846,1.655,1.675,7000108.0
1695639600000,1.6753,1.6947,1.6568,1.6857,12100803.0
1695643200000,1.6854,1.7098,1.6749,1.6943,15687068.0
1695646800000,1.6946,1.7044,1.6777,1.6883,10986788.0
1695650400000,1.6883,1.7202,1.6616,1.6746,17275669.0
1695654000000,1.6745,1.7295,1.6695,1.7064,22077762.0
1695657600000,1.7074,1.7587,1.7046,1.7386,22174278.0
1695661200000,1.7384,1.7498,1.7176,1.7298,9492571.0
1695664800000,1.7293,1.7448,1.726,1.7406,3695502.0
1695668400000,1.7406,1.7408,1.7236,1.727,3555377.0
1695672000000,1.7274,1.7412,1.7232,1.7258,2965483.0
1695675600000,1.7262,1.7395,1.7245,1.7334,1520845.0
1695679200000,1.733,1.7497,1.703,1.7114,5243060.0
1695682800000,1.7115,1.7261,1.7071,1.7217,3929932.0
1695686400000,1.7218,1.7391,1.69,1.7337,10983930.0
1695690000000,1.7337,1.756,1.7266,1.7389,7856563.0
1695693600000,1.7392,1.7517,1.7295,1.7389,4342615.0
1695697200000,1.739,1.7919,1.734,1.7344,15327232.0
1695700800000,1.7343,1.74,1.6906,1.7171,16457194.0
1695704400000,1.7174,1.7457,1.7036,1.7379,9462117.0
1695708000000,1.7379,1.7449,1.7196,1.7207,6361151.0
1695711600000,1.7205,1.7399,1.7165,1.7296,4959957.0
1695715200000,1.7296,1.7328,1.6984,1.7002,6500727.0
1695718800000,1.7002,1.7081,1.6718,1.6934,14364110.0
1695722400000,1.6935,1.6952,1.6559,1.6586,13626219.0
1695726000000,1.6586,1.6843,1.656,1.6683,7643231.0
1695729600000,1.6688,1.6899,1.6664,1.673,5902657.0
1695733200000,1.6732,1.6835,1.6617,1.6804,5437881.0
1695736800000,1.68,1.7,1.6633,1.6718,7533143.0
1695740400000,1.6718,1.6775,1.6554,1.6747,6156289.0
1695744000000,1.6746,1.7267,1.67,1.7139,13250760.0
1695747600000,1.714,1.7182,1.651,1.6644,11112208.0
1695751200000,1.6644,1.6741,1.6587,1.6641,3477984.0
1695754800000,1.6642,1.6725,1.6589,1.6624,2162554.0
1695758400000,1.6623,1.6636,1.6351,1.6542,7442386.0
1695762000000,1.6542,1.6666,1.6365,1.6634,2433935.0
1695765600000,1.6633,1.6896,1.6589,1.6814,4033459.0
1695769200000,1.6815,1.7023,1.6725,1.6918,5917491.0
1695772800000,1.6918,1.7235,1.6881,1.716,10410038.0
1695776400000,1.7156,1.72,1.6891,1.6909,6864132.0
1695780000000,1.6915,1.7111,1.67,1.6798,7186349.0
1695783600000,1.6796,1.715,1.6762,1.711,8019856.0
1695787200000,1.7109,1.719,1.7037,1.7141,4160567.0
1695790800000,1.7141,1.721,1.6954,1.7106,5711995.0
1695794400000,1.7104,1.7188,1.698,1.7132,3973230.0
1695798000000,1.7133,1.7484,1.7021,1.7451,10864434.0
1695801600000,1.7452,1.76,1.728,1.736,10311651.0
1695805200000,1.736,1.753,1.7315,1.738,5567747.0
1695808800000,1.738,1.7655,1.728,1.7529,7948057.0
1695812400000,1.7528,1.7582,1.737,1.7457,5684564.0
1695816000000,1.7454,1.7614,1.712,1.7188,9524527.0
1695819600000,1.7183,1.7398,1.7181,1.7229,5325353.0
1695823200000,1.7232,1.7292,1.6701,1.6814,16374486.0
1695826800000,1.6816,1.7149,1.6768,1.6953,6763560.0
1695830400000,1.6952,1.72,1.6876,1.7116,6296493.0
1695834000000,1.7115,1.7541,1.7043,1.7353,11350058.0
1695837600000,1.735,1.754,1.7213,1.7402,5991797.0
1695841200000,1.74,1.7591,1.737,1.7553,3828133.0
1695844800000,1.7553,1.7672,1.7391,1.7586,5324334.0
1695848400000,1.7587,1.7857,1.7403,1.759,5889924.0
1695852000000,1.7591,1.8361,1.7572,1.8056,10695323.0
1695855600000,1.8056,1.823,1.7818,1.7965,8043212.0
1695859200000,1.7963,1.8268,1.7909,1.8067,7815439.0
1695862800000,1.8067,1.8223,1.7829,1.8091,8748737.0
1695866400000,1.8091,1.817,1.785,1.8003,6777285.0
1695870000000,1.8004,1.8028,1.777,1.7858,5143990.0
1695873600000,1.7857,1.808,1.7735,1.8012,4828660.0
1695877200000,1.8013,1.8245,1.7943,1.815,6884381.0
1695880800000,1.815,1.8594,1.8074,1.8386,10591578.0
1695884400000,1.8385,1.8562,1.8319,1.8378,7338782.0
1695888000000,1.8375,1.888,1.8285,1.8603,18717706.0
1695891600000,1.8602,1.8888,1.8473,1.8851,10431717.0
1695895200000,1.885,1.8867,1.85,1.8603,7792895.0
1695898800000,1.8607,1.8763,1.8508,1.865,5339833.0
1695902400000,1.8652,1.8999,1.852,1.8812,9981311.0
1695906000000,1.8814,1.8874,1.846,1.863,7868908.0
1695909600000,1.8629,1.8863,1.8408,1.8663,8870150.0
1695913200000,1.8659,1.8828,1.8608,1.8716,4982855.0
1695916800000,1.8718,1.8886,1.8131,1.824,16695595.0
1695920400000,1.8245,1.8345,1.801,1.8206,7379228.0
1695924000000,1.8212,1.8224,1.7915,1.8044,5695604.0
1695927600000,1.8046,1.8142,1.7937,1.807,2991096.0
1695931200000,1.8064,1.8066,1.7802,1.7877,3819129.0
1695934800000,1.7877,1.8063,1.7728,1.806,2801085.0
1695938400000,1.806,1.8075,1.7829,1.7958,2735998.0
1695942000000,1.7957,1.8055,1.7863,1.7895,4024003.0
1695945600000,1.7894,1.7957,1.7627,1.7903,6010399.0
1695949200000,1.7902,1.8206,1.7894,1.8183,5409176.0
1695952800000,1.8183,1.8289,1.766,1.7986,8526099.0
1695956400000,1.7986,1.8104,1.785,1.8026,3016774.0
1695960000000,1.8025,1.8227,1.7955,1.8221,3244215.0
1695963600000,1.8221,1.8494,1.8137,1.841,6838406.0
1695967200000,1.8409,1.843,1.7942,1.8001,8627061.0
1695970800000,1.8001,1.8151,1.7916,1.8019,4843070.0
1695974400000,1.8017,1.8092,1.7754,1.7915,5875772.0
1695978000000,1.7918,1.795,1.7794,1.7923,3137054.0
1695981600000,1.7922,1.8156,1.7922,1.8017,3512342.0
1695985200000,1.8017,1.8064,1.7921,1.8021,3403313.0
1695988800000,1.8019,1.81,1.7165,1.7287,18339704.0
1695992400000,1.7286,1.7353,1.692,1.7035,15285660.0
1695996000000,1.7034,1.7299,1.6817,1.7165,12883689.0
1695999600000,1.7165,1.7214,1.7033,1.7162,4248864.0
1696003200000,1.7161,1.741,1.7084,1.7361,5430741.0
1696006800000,1.736,1.7498,1.7302,1.7336,4542589.0
1696010400000,1.7338,1.7433,1.7219,1.7397,3361246.0
1696014000000,1.7396,1.7488,1.7357,1.7464,1589018.0
1696017600000,1.7464,1.7534,1.7372,1.7439,1642770.0
1696021200000,1.7441,1.746,1.7331,1.7399,1201584.0
1696024800000,1.74,1.7448,1.7361,1.7382,1071724.0
1696028400000,1.7382,1.7394,1.7241,1.7284,2609076.0
1696032000000,1.7285,1.7583,1.7086,1.7513,8034671.0
1696035600000,1.7514,1.7958,1.7511,1.7804,12183979.0
1696039200000,1.7804,1.7888,1.7656,1.7726,5258289.0
1696042800000,1.7726,1.7784,1.7597,1.7733,3430657.0
1696046400000,1.7734,1.78,1.7526,1.7589,3946851.0
1696050000000,1.7589,1.7904,1.7561,1.7818,4420896.0
1696053600000,1.7816,1.7936,1.7771,1.7856,4450232.0
1696057200000,1.7857,1.8058,1.7825,1.794,4087335.0
1696060800000,1.7945,1.8166,1.7881,1.7934,6219670.0
1696064400000,1.7929,1.7988,1.7864,1.7887,2556692.0
1696068000000,1.7888,1.7975,1.7823,1.7856,2105136.0
1696071600000,1.7855,1.7948,1.763,1.7757,4862161.0
1696075200000,1.7757,1.8021,1.7753,1.7842,3877308.0
1696078800000,1.7843,1.7965,1.7779,1.7833,2891840.0
1696082400000,1.7834,1.7852,1.7511,1.7591,6181625.0
1696086000000,1.759,1.7634,1.7361,1.7519,6550540.0
1696089600000,1.7518,1.7519,1.7277,1.7301,4405533.0
1696093200000,1.7301,1.7333,1.6763,1.7064,15812198.0
1696096800000,1.7063,1.7164,1.696,1.7157,2626752.0
1696100400000,1.7156,1.727,1.7042,1.7052,3837441.0
1696104000000,1.7055,1.7253,1.6919,1.6952,4897562.0
1696107600000,1.6952,1.7033,1.6536,1.6775,6297503.0
1696111200000,1.6776,1.6964,1.6726,1.686,3091990.0
1696114800000,1.6861,1.6883,1.6606,1.6691,3377659.0
1696118400000,1.669,1.695,1.668,1.6848,3628756.0
1696122000000,1.6847,1.6983,1.6736,1.692,3380992.0
1696125600000,1.6921,1.7082,1.6914,1.702,3537259.0
1696129200000,1.702,1.7047,1.6936,1.6988,1897120.0
1696132800000,1.6988,1.7074,1.6955,1.6977,1622250.0
1696136400000,1.6978,1.7172,1.6866,1.7096,4140885.0
1696140000000,1.7095,1.715,1.6975,1.6982,2164236.0
1696143600000,1.6986,1.7,1.6647,1.6781,7336465.0
1696147200000,1.6783,1.7028,1.6775,1.6812,5067912.0
1696150800000,1.681,1.704,1.6805,1.7017,2972853.0
1696154400000,1.7018,1.729,1.6938,1.7028,7510316.0
1696158000000,1.7022,1.718,1.6951,1.7124,3504263.0
1696161600000,1.7125,1.725,1.705,1.7176,4308101.0
1696165200000,1.7174,1.721,1.6866,1.6921,5092489.0
1696168800000,1.6924,1.7025,1.6823,1.6911,4026517.0
1696172400000,1.6904,1.7148,1.6891,1.714,3565311.0
1696176000000,1.714,1.7201,1.695,1.6969,3909672.0
1696179600000,1.6967,1.7075,1.67,1.6728,5659156.0
1696183200000,1.6727,1.6853,1.6689,1.683,2631393.0
1696186800000,1.6829,1.6932,1.6785,1.6919,1342329.0
1696190400000,1.6919,1.7468,1.6854,1.7393,6762553.0
1696194000000,1.7394,1.7598,1.7345,1.7385,3957265.0
1696197600000,1.7388,1.8,1.7321,1.7999,15152994.0
1696201200000,1.7999,1.8006,1.7601,1.7798,6314208.0
1696204800000,1.7798,1.7976,1.7715,1.7968,4282488.0
1696208400000,1.7964,1.807,1.7734,1.7794,5093032.0
1696212000000,1.7795,1.7801,1.7599,1.7653,3848013.0
1696215600000,1.7654,1.7679,1.7439,1.7481,3846976.0
1696219200000,1.7481,1.7507,1.6864,1.7052,12908145.0
1696222800000,1.7052,1.7103,1.695,1.7053,4205538.0
1696226400000,1.7053,1.7122,1.699,1.7088,2469745.0
1696230000000,1.7088,1.7268,1.7002,1.7175,4624575.0
1696233600000,1.7175,1.7198,1.696,1.7,4479502.0
1696237200000,1.7,1.7095,1.6864,1.7085,4304536.0
1696240800000,1.7085,1.7123,1.6886,1.6933,2859979.0
1696244400000,1.6934,1.6966,1.68,1.6906,3357731.0
1696248000000,1.6905,1.6981,1.6755,1.6936,3514877.0
1696251600000,1.6935,1.6952,1.6572,1.6778,8666849.0
1696255200000,1.6778,1.7024,1.6627,1.6986,5971096.0
1696258800000,1.6987,1.7133,1.6715,1.6837,5941281.0
1696262400000,1.6836,1.7,1.6701,1.696,4550073.0
1696266000000,1.6961,1.7,1.6818,1.6844,1866577.0
1696269600000,1.6843,1.6877,1.5967,1.6366,11204973.0
1696273200000,1.6366,1.6561,1.6218,1.6534,3346779.0
1696276800000,1.6537,1.6557,1.6481,1.652,1258134.0
1696280400000,1.652,1.6544,1.6111,1.6313,3028385.0
1696284000000,1.6314,1.6451,1.63,1.6405,2081463.0
1696287600000,1.6407,1.6467,1.6271,1.6424,2254482.0
1696291200000,1.6424,1.655,1.64,1.6528,2275153.0
1696294800000,1.6528,1.6743,1.6521,1.6712,3106202.0
1696298400000,1.6711,1.6746,1.6622,1.6713,1515233.0
1696302000000,1.6713,1.6716,1.6564,1.6649,1787958.0
1696305600000,1.6652,1.6678,1.645,1.6534,2395367.0
1696309200000,1.6533,1.6572,1.6273,1.6307,3767265.0
1696312800000,1.6306,1.65,1.629,1.6447,2525630.0
1696316400000,1.6447,1.6501,1.6292,1.6376,3039182.0
1696320000000,1.6376,1.65,1.63,1.634,2497820.0
1696323600000,1.6337,1.6361,1.6197,1.6316,4045459.0
1696327200000,1.6316,1.6357,1.6125,1.6203,2932025.0
1696330800000,1.6204,1.6206,1.5946,1.6199,4859761.0
1696334400000,1.62,1.6319,1.602,1.6271,4155249.0
1696338000000,1.627,1.6405,1.624,1.6353,3001079.0
1696341600000,1.6353,1.6424,1.6221,1.6332,4046053.0
1696345200000,1.6332,1.6422,1.6226,1.636,2445622.0
1696348800000,1.6358,1.6588,1.6171,1.6191,6304621.0
1696352400000,1.6191,1.6206,1.6014,1.6154,5225946.0
1696356000000,1.6153,1.6189,1.6037,1.6067,1805285.0
1696359600000,1.6071,1.6198,1.563,1.5689,7149684.0
1696363200000,1.5686,1.5865,1.5563,1.5609,4246505.0
1696366800000,1.5606,1.5711,1.552,1.5655,2073074.0
1696370400000,1.5656,1.5668,1.5416,1.5538,3296736.0
1696374000000,1.5535,1.557,1.522,1.5335,5402475.0
1696377600000,1.5335,1.5369,1.4462,1.5046,18471782.0
1696381200000,1.5045,1.5235,1.4987,1.5204,4508213.0
1696384800000,1.5201,1.5296,1.5131,1.5206,3323571.0
1696388400000,1.5207,1.529,1.5157,1.5252,2286865.0
1696392000000,1.5252,1.5274,1.5149,1.5212,2473833.0
1696395600000,1.5211,1.5253,1.5153,1.5204,1705461.0
1696399200000,1.5201,1.5219,1.5061,1.5171,2583406.0
1696402800000,1.5171,1.518,1.504,1.512,2789842.0
1696406400000,1.5121,1.5475,1.51,1.5329,5590390.0
1696410000000,1.5329,1.5329,1.4933,1.5094,6636855.0
1696413600000,1.5093,1.518,1.504,1.5095,2658045.0
1696417200000,1.5095,1.518,1.5094,1.5156,1642276.0
1696420800000,1.5154,1.5322,1.5114,1.5208,3988697.0
1696424400000,1.5208,1.5221,1.4924,1.4987,5326101.0
1696428000000,1.4987,1.5008,1.485,1.5003,3880891.0
1696431600000,1.5002,1.51,1.498,1.501,2855530.0
1696435200000,1.501,1.5422,1.4952,1.5334,8964787.0
1696438800000,1.5334,1.544,1.5244,1.5346,4233947.0
1696442400000,1.5348,1.5365,1.5252,1.5355,1984172.0
1696446000000,1.5358,1.5494,1.5179,1.5206,6160542.0
1696449600000,1.5206,1.535,1.5167,1.5324,1145602.0
1696453200000,1.5321,1.5625,1.5315,1.5427,2691605.0
1696456800000,1.5432,1.5613,1.5426,1.5543,1909883.0
1696460400000,1.5542,1.5546,1.5388,1.5419,2236472.0
1696464000000,1.542,1.5514,1.5264,1.5433,4389815.0
1696467600000,1.5432,1.5498,1.5236,1.5373,2749098.0
1696471200000,1.5374,1.5462,1.5284,1.5449,1903580.0
1696474800000,1.545,1.5557,1.5408,1.5452,2371267.0
1696478400000,1.5452,1.5697,1.5426,1.5568,3780870.0
1696482000000,1.5568,1.5742,1.5542,1.5702,3691622.0
1696485600000,1.5702,1.5878,1.5674,1.5816,7569500.0
1696489200000,1.5817,1.5843,1.56,1.5702,4658793.0
1696492800000,1.5703,1.5855,1.565,1.5791,3229754.0
1696496400000,1.579,1.5835,1.567,1.5681,2262223.0
1696500000000,1.5681,1.5738,1.5534,1.5605,5391757.0
1696503600000,1.5603,1.5737,1.558,1.5635,2886714.0
1696507200000,1.5634,1.5699,1.5553,1.56,2828325.0
1696510800000,1.56,1.5847,1.5594,1.5696,6100910.0
1696514400000,1.5698,1.5794,1.546,1.5491,4908664.0
1696518000000,1.549,1.5517,1.5125,1.5261,12050878.0
1696521600000,1.526,1.5333,1.5023,1.508,6524952.0
1696525200000,1.5077,1.5138,1.488,1.513,5180336.0
1696528800000,1.513,1.518,1.4995,1.5125,2230682.0
1696532400000,1.5125,1.5232,1.5112,1.5213,1520210.0
1696536000000,1.5214,1.5292,1.5164,1.5195,1220111.0
1696539600000,1.5196,1.5278,1.5158,1.5254,793562.0
1696543200000,1.5254,1.527,1.5183,1.5204,1408341.0
1696546800000,1.5206,1.5215,1.5062,1.5082,1457300.0
1696550400000,1.5081,1.522,1.504,1.5172,2546216.0
1696554000000,1.5172,1.54,1.5166,1.539,3162335.0
1696557600000,1.5389,1.5488,1.5343,1.5361,3267106.0
1696561200000,1.5361,1.54,1.5202,1.521,2604357.0
1696564800000,1.5212,1.5227,1.5138,1.5206,2752205.0
1696568400000,1.5206,1.5254,1.5133,1.5167,1832504.0
1696572000000,1.5169,1.5242,1.5107,1.5166,1763470.0
1696575600000,1.5167,1.539,1.514,1.5319,4328884.0
1696579200000,1.532,1.545,1.531,1.5401,2964732.0
1696582800000,1.5404,1.544,1.5312,1.5377,2011246.0
1696586400000,1.5378,1.5501,1.5328,1.5374,2990194.0
1696590000000,1.5372,1.548,1.535,1.5385,2959855.0
1696593600000,1.5385,1.5451,1.5266,1.5331,4688908.0
1696597200000,1.5328,1.5684,1.5285,1.5563,7920685.0
1696600800000,1.5562,1.595,1.5523,1.5796,9035745.0
1696604400000,1.5794,1.638,1.5771,1.624,12552436.0
1696608000000,1.624,1.6319,1.6,1.624,6943942.0
1696611600000,1.6243,1.67,1.6194,1.6539,10285390.0
1696615200000,1.6539,1.667,1.6452,1.6609,3621633.0
1696618800000,1.6609,1.6743,1.6482,1.656,2726266.0
1696622400000,1.6559,1.6726,1.6551,1.6676,1485184.0
1696626000000,1.6677,1.69,1.6621,1.6671,4406690.0
1696629600000,1.6668,1.6796,1.663,1.6633,2731969.0
1696633200000,1.6634,1.6666,1.6453,1.6523,3232013.0
1696636800000,1.6523,1.667,1.6415,1.6627,2719351.0
1696640400000,1.6628,1.6707,1.6358,1.6439,3569917.0
1696644000000,1.6441,1.6508,1.6316,1.6355,2504850.0
1696647600000,1.6363,1.6578,1.6332,1.643,2826115.0
1696651200000,1.643,1.6633,1.643,1.6505,2696236.0
1696654800000,1.6504,1.6617,1.6457,1.6571,2618529.0
1696658400000,1.6574,1.6819,1.6249,1.6305,7560520.0
1696662000000,1.6305,1.6448,1.6248,1.6412,2740214.0
1696665600000,1.6413,1.6561,1.637,1.6543,3121504.0
1696669200000,1.6545,1.6565,1.615,1.622,6037357.0
1696672800000,1.6219,1.632,1.6171,1.627,2439648.0
1696676400000,1.6267,1.634,1.6081,1.619,3229433.0
1696680000000,1.6186,1.6306,1.6149,1.627,1996542.0
1696683600000,1.627,1.6311,1.6182,1.6285,1558069.0
1696687200000,1.6279,1.6415,1.6246,1.6358,2612837.0
1696690800000,1.6358,1.6495,1.634,1.6435,2832614.0
1696694400000,1.6434,1.6571,1.6384,1.6429,2569967.0
1696698000000,1.6428,1.6668,1.6355,1.6502,3795885.0
1696701600000,1.6503,1.6608,1.6395,1.6409,2551249.0
1696705200000,1.6405,1.6413,1.5827,1.5923,8751157.0
1696708800000,1.5925,1.6148,1.5867,1.6125,2701983.0
1696712400000,1.6126,1.6168,1.6027,1.604,872645.0
1696716000000,1.6041,1.6097,1.5991,1.6029,1168060.0
1696719600000,1.603,1.6041,1.5948,1.6017,1637863.0
1696723200000,1.6016,1.6349,1.6007,1.6251,3080710.0
1696726800000,1.625,1.6328,1.6152,1.6262,2595408.0
1696730400000,1.6263,1.6273,1.6053,1.6102,2293952.0
1696734000000,1.6099,1.6186,1.6031,1.6156,1816613.0
1696737600000,1.6157,1.616,1.6035,1.609,1592005.0
1696741200000,1.6084,1.6162,1.5971,1.6141,2582016.0
1696744800000,1.6138,1.6194,1.607,1.6082,1663702.0
1696748400000,1.6082,1.6114,1.6029,1.6036,1389365.0
1696752000000,1.6037,1.6265,1.5983,1.6171,4154053.0
1696755600000,1.6174,1.6229,1.584,1.5987,5446440.0
1696759200000,1.5986,1.601,1.5725,1.5765,4705452.0
1696762800000,1.5763,1.5938,1.5753,1.5777,3811610.0
1696766400000,1.5779,1.5865,1.5652,1.5722,2793353.0
1696770000000,1.5721,1.5998,1.5702,1.5894,4367915.0
1696773600000,1.5895,1.5913,1.5807,1.5814,2316965.0
1696777200000,1.5813,1.5902,1.5766,1.5839,1536980.0
1696780800000,1.584,1.5931,1.5749,1.581,2089814.0
1696784400000,1.5812,1.5825,1.5711,1.5765,1045159.0
1696788000000,1.5767,1.583,1.569,1.5807,1006250.0
1696791600000,1.5809,1.5884,1.5809,1.5865,627230.0
1696795200000,1.5866,1.5911,1.5817,1.591,533479.0
1696798800000,1.5912,1.5996,1.5843,1.5847,1038176.0
1696802400000,1.5847,1.5877,1.5759,1.5788,1181942.0
1696806000000,1.5786,1.5838,1.5722,1.5836,1186597.0
1696809600000,1.5833,1.5932,1.575,1.5777,2163877.0
1696813200000,1.5777,1.5857,1.5701,1.584,1973791.0
1696816800000,1.584,1.5889,1.5777,1.5841,1322877.0
1696820400000,1.5838,1.5976,1.5814,1.5916,1723386.0
1696824000000,1.5918,1.5983,1.5886,1.5933,2212590.0
1696827600000,1.5934,1.606,1.5785,1.5802,2969904.0
1696831200000,1.5803,1.5864,1.5783,1.5845,1177900.0
1696834800000,1.5844,1.5851,1.5712,1.5786,1918330.0
1696838400000,1.5786,1.5837,1.5291,1.536,10405520.0
1696842000000,1.5358,1.5396,1.4802,1.5031,12058904.0
1696845600000,1.5031,1.5156,1.4971,1.5107,5442101.0
1696849200000,1.5106,1.5117,1.4981,1.5039,2660252.0
1696852800000,1.5037,1.5194,1.4988,1.5135,2730803.0
1696856400000,1.5136,1.5272,1.5122,1.5231,3205468.0
1696860000000,1.523,1.5267,1.5136,1.5195,1663262.0
1696863600000,1.5194,1.5371,1.5156,1.5185,3679302.0
1696867200000,1.5184,1.5439,1.5038,1.5214,11039220.0
1696870800000,1.5214,1.5427,1.51,1.5408,3776883.0
1696874400000,1.5406,1.5486,1.5339,1.5346,2728921.0
1696878000000,1.5352,1.5575,1.5333,1.5522,2439322.0
1696881600000,1.5522,1.5576,1.5425,1.5442,891346.0
1696885200000,1.5445,1.5477,1.5402,1.5442,676652.0
1696888800000,1.5444,1.5494,1.5351,1.541,1012691.0
1696892400000,1.5413,1.5568,1.5392,1.5511,1484574.0
1696896000000,1.5515,1.5685,1.55,1.557,4874770.0
1696899600000,1.5568,1.5605,1.543,1.543,2222007.0
1696903200000,1.5429,1.559,1.536,1.559,2829548.0
1696906800000,1.5586,1.5588,1.5404,1.5409,1289437.0
1696910400000,1.5412,1.5422,1.5287,1.5321,2356232.0
1696914000000,1.5321,1.5448,1.5316,1.5439,1310087.0
1696917600000,1.5438,1.5539,1.5369,1.543,2745268.0
1696921200000,1.5431,1.5458,1.5314,1.5349,1153364.0
1696924800000,1.5347,1.5441,1.5308,1.5336,1307932.0
1696928400000,1.5336,1.549,1.5302,1.5484,1798257.0
1696932000000,1.5482,1.5535,1.5358,1.5367,2213522.0
1696935600000,1.5365,1.5411,1.5232,1.5274,2499139.0
1696939200000,1.5274,1.5381,1.5189,1.5248,2707363.0
1696942800000,1.5246,1.5342,1.5134,1.5208,3621596.0
1696946400000,1.5208,1.5397,1.5136,1.523,3026535.0
1696950000000,1.5225,1.5335,1.5202,1.5261,2773587.0
1696953600000,1.527,1.5432,1.5239,1.5317,3940335.0
1696957200000,1.5316,1.5333,1.5148,1.518,2331635.0
1696960800000,1.5181,1.5275,1.5157,1.5275,1086761.0
1696964400000,1.5274,1.5325,1.5241,1.5303,1010171.0
1696968000000,1.5303,1.533,1.5102,1.5207,1240928.0
1696971600000,1.5205,1.5324,1.5163,1.5288,830734.0
1696975200000,1.5292,1.5499,1.5292,1.547,1767503.0
1696978800000,1.5474,1.5542,1.5422,1.5521,1648578.0
1696982400000,1.5521,1.5679,1.5478,1.5646,3729091.0
1696986000000,1.5646,1.5673,1.546,1.5587,2706171.0
1696989600000,1.5586,1.562,1.5189,1.5409,6226734.0
1696993200000,1.5409,1.5635,1.5311,1.5506,4156019.0
1696996800000,1.551,1.5629,1.5494,1.5548,2917302.0
1697000400000,1.5548,1.5573,1.5357,1.5401,3593668.0
1697004000000,1.5401,1.5421,1.5294,1.5349,2771512.0
1697007600000,1.5351,1.5526,1.5305,1.5511,2418812.0
1697011200000,1.551,1.555,1.5376,1.5485,3255688.0
1697014800000,1.5488,1.6424,1.5476,1.6203,15551015.0
1697018400000,1.6203,1.6273,1.6037,1.6177,6779995.0
1697022000000,1.6178,1.6268,1.595,1.5992,5111945.0
1697025600000,1.5992,1.6158,1.5913,1.6103,4855259.0
1697029200000,1.6101,1.6211,1.6034,1.6177,4137991.0
1697032800000,1.6178,1.6211,1.6058,1.6106,3408638.0
1697036400000,1.6106,1.6155,1.5724,1.5901,10418498.0
1697040000000,1.5904,1.6046,1.5792,1.5922,5969213.0
1697043600000,1.5917,1.6004,1.5846,1.592,2711511.0
1697047200000,1.5919,1.5933,1.5766,1.5871,1625448.0
1697050800000,1.5871,1.5871,1.5745,1.5832,2256993.0
1697054400000,1.5835,1.5969,1.578,1.5949,1406996.0
1697058000000,1.5949,1.6178,1.5917,1.615,2206997.0
1697061600000,1.615,1.6466,1.6102,1.644,6445767.0
1697065200000,1.644,1.6585,1.6235,1.6311,4367792.0
1697068800000,1.6307,1.6383,1.6187,1.6304,3008673.0
1697072400000,1.6304,1.6311,1.6083,1.611,2577140.0
1697076000000,1.6111,1.6206,1.6009,1.6051,4297515.0
1697079600000,1.6051,1.6094,1.5613,1.568,7553445.0
1697083200000,1.5679,1.5683,1.5256,1.534,11292232.0
1697086800000,1.534,1.5433,1.5308,1.5397,3216811.0
1697090400000,1.5397,1.5536,1.52,1.5287,5896582.0
1697094000000,1.5287,1.5369,1.5234,1.531,2593066.0
1697097600000,1.5309,1.5345,1.5202,1.5251,2923410.0
1697101200000,1.525,1.5258,1.4902,1.5041,6980082.0
1697104800000,1.5042,1.5111,1.4801,1.4834,5006478.0
1697108400000,1.4836,1.4895,1.452,1.4845,12325636.0
1697112000000,1.4842,1.4845,1.4698,1.4759,5057511.0
1697115600000,1.4759,1.4814,1.458,1.465,4838570.0
1697119200000,1.4652,1.4678,1.44,1.4564,7113586.0
1697122800000,1.4566,1.4776,1.4556,1.4695,4652619.0
1697126400000,1.4694,1.4767,1.4444,1.4627,6482450.0
1697130000000,1.4622,1.4711,1.4564,1.4684,2514784.0
1697133600000,1.4677,1.4755,1.4636,1.4665,1814957.0
1697137200000,1.4667,1.4698,1.458,1.4677,1437209.0
1697140800000,1.4677,1.4804,1.4646,1.4798,1561316.0
1697144400000,1.4798,1.4888,1.4747,1.4799,1986215.0
1697148000000,1.4802,1.4812,1.4693,1.4743,1232001.0
1697151600000,1.4742,1.4768,1.4595,1.4624,1740506.0
1697155200000,1.4625,1.4821,1.4611,1.48,2968134.0
1697158800000,1.4796,1.4873,1.4739,1.4788,2484243.0
1697162400000,1.4789,1.4842,1.4673,1.4681,1716987.0
1697166000000,1.4682,1.4698,1.42,1.4339,7925983.0
1697169600000,1.4338,1.443,1.4297,1.4402,3966613.0
1697173200000,1.4402,1.4462,1.4322,1.4362,3095017.0
1697176800000,1.436,1.4583,1.4343,1.4532,3471813.0
1697180400000,1.4533,1.4657,1.4532,1.4616,3855858.0
1697184000000,1.4616,1.479,1.4613,1.4689,3492647.0
1697187600000,1.4688,1.4739,1.4578,1.4586,2916489.0
1697191200000,1.4586,1.4733,1.4581,1.4691,2047623.0
1697194800000,1.4694,1.4792,1.4629,1.4717,2569757.0
1697198400000,1.4715,1.4845,1.4685,1.4774,2841809.0
1697202000000,1.4775,1.4789,1.4662,1.4745,1917741.0
1697205600000,1.4739,1.4784,1.4653,1.4744,1719590.0
1697209200000,1.4745,1.4766,1.4647,1.4691,1757968.0
1697212800000,1.4689,1.4813,1.4687,1.4789,2346233.0
1697216400000,1.4789,1.4997,1.4676,1.4711,3115982.0
1697220000000,1.4711,1.4795,1.4704,1.4789,923363.0
1697223600000,1.479,1.4809,1.4749,1.4791,674123.0
1697227200000,1.4792,1.5075,1.4785,1.4985,3283388.0
1697230800000,1.4988,1.5083,1.4888,1.4912,2609817.0
1697234400000,1.4915,1.4979,1.48,1.4818,1750932.0
1697238000000,1.4818,1.4858,1.4745,1.4852,1397400.0
1697241600000,1.4857,1.4888,1.4806,1.4848,1327664.0
1697245200000,1.485,1.4887,1.4729,1.4736,1522600.0
1697248800000,1.4737,1.4756,1.4644,1.4681,1909952.0
1697252400000,1.4682,1.4741,1.4618,1.462,1586066.0
1697256000000,1.4622,1.4681,1.4593,1.4623,1295574.0
1697259600000,1.4623,1.4725,1.4623,1.4682,1495766.0
1697263200000,1.468,1.471,1.4632,1.468,860973.0
1697266800000,1.4679,1.4825,1.4679,1.4801,2136046.0
1697270400000,1.48,1.491,1.4714,1.4784,3187752.0
1697274000000,1.4783,1.4816,1.474,1.4792,1533910.0
1697277600000,1.4793,1.4829,1.4715,1.4757,1119150.0
1697281200000,1.4755,1.481,1.4743,1.4782,938229.0
1697284800000,1.4783,1.4813,1.4733,1.4747,1138224.0
1697288400000,1.4748,1.4855,1.473,1.4817,1535716.0
1697292000000,1.4817,1.491,1.4791,1.4868,1780479.0
1697295600000,1.4868,1.5036,1.4839,1.5034,3215570.0
1697299200000,1.5032,1.5167,1.494,1.497,4031614.0
1697302800000,1.4971,1.5011,1.494,1.5008,857085.0
1697306400000,1.5008,1.5015,1.4931,1.497,726090.0
1697310000000,1.4976,1.5033,1.4938,1.503,334446.0
1697313600000,1.503,1.5031,1.4945,1.4952,456462.0
1697317200000,1.4952,1.5074,1.4952,1.5049,545946.0
1697320800000,1.5048,1.5091,1.4922,1.5002,1083542.0
1697324400000,1.5,1.5022,1.4936,1.495,682792.0
1697328000000,1.495,1.4956,1.4784,1.4861,2124580.0
1697331600000,1.4862,1.533,1.4825,1.5047,6514370.0
1697335200000,1.5047,1.5091,1.4923,1.4964,2952174.0
1697338800000,1.4964,1.5032,1.4905,1.4917,1731790.0
1697342400000,1.4917,1.4974,1.4869,1.495,1069535.0
1697346000000,1.495,1.5011,1.4933,1.4951,959298.0
1697349600000,1.4951,1.5042,1.4947,1.5031,1061064.0
1697353200000,1.5026,1.5086,1.5002,1.502,1190770.0
1697356800000,1.5021,1.5106,1.502,1.5066,1342989.0
1697360400000,1.5066,1.5199,1.5036,1.5175,1935904.0
1697364000000,1.5172,1.5175,1.504,1.5043,1713054.0
1697367600000,1.5043,1.5099,1.5,1.5036,1441160.0
1697371200000,1.5036,1.5067,1.4971,1.499,1504898.0
1697374800000,1.499,1.5107,1.4728,1.4811,4247477.0
1697378400000,1.4811,1.4909,1.4741,1.4815,1920257.0
1697382000000,1.4817,1.4902,1.4813,1.4891,821744.0
1697385600000,1.489,1.5159,1.4858,1.5074,2830641.0
1697389200000,1.5071,1.5198,1.5071,1.5174,1767520.0
1697392800000,1.5173,1.5216,1.5103,1.5162,1058321.0
1697396400000,1.5164,1.5265,1.5135,1.5221,1035351.0
1697400000000,1.5222,1.535,1.5201,1.5301,2264621.0
1697403600000,1.5298,1.545,1.5281,1.5281,1542181.0
1697407200000,1.5281,1.539,1.5252,1.5283,1431997.0
1697410800000,1.5282,1.5372,1.5228,1.5282,1166618.0
1697414400000,1.5283,1.5329,1.5214,1.5255,1371505.0
1697418000000,1.5254,1.5335,1.5238,1.526,1593770.0
1697421600000,1.5263,1.5297,1.5102,1.5129,1927419.0
1697425200000,1.513,1.5209,1.51,1.5142,1160219.0
1697428800000,1.5145,1.5188,1.5117,1.5168,802767.0
1697432400000,1.5167,1.5747,1.5166,1.5723,10590978.0
1697436000000,1.5722,1.5746,1.5561,1.5687,3822859.0
1697439600000,1.5686,1.5895,1.5663,1.5738,3354637.0
1697443200000,1.5742,1.5949,1.5734,1.5873,3182987.0
1697446800000,1.5871,1.5946,1.5662,1.5708,3464890.0
1697450400000,1.5709,1.5773,1.5643,1.5669,2196122.0
1697454000000,1.567,1.576,1.5645,1.5722,1243226.0
1697457600000,1.5723,1.5737,1.5651,1.5689,1754538.0
1697461200000,1.5689,1.6994,1.568,1.611,27332248.0
1697464800000,1.6117,1.6238,1.598,1.6122,5566713.0
1697468400000,1.6125,1.6158,1.5905,1.5999,3515572.0
1697472000000,1.5999,1.6057,1.5901,1.5927,2647195.0
1697475600000,1.5925,1.5995,1.5717,1.5967,3028656.0
1697479200000,1.5967,1.6162,1.5949,1.6151,2155226.0
1697482800000,1.615,1.6246,1.6096,1.6174,2107793.0
1697486400000,1.6178,1.6348,1.6119,1.6196,2232196.0
1697490000000,1.6197,1.6273,1.606,1.6269,1079822.0
1697493600000,1.6269,1.631,1.6193,1.6258,1093280.0
1697497200000,1.6257,1.626,1.6068,1.6092,1387649.0
1697500800000,1.609,1.6209,1.5961,1.5998,2288891.0
1697504400000,1.5996,1.6078,1.5914,1.6073,3426531.0
1697508000000,1.6072,1.6169,1.5976,1.6149,1817810.0
1697511600000,1.6149,1.6173,1.5866,1.5887,2091183.0
1697515200000,1.5888,1.6027,1.5838,1.6003,2528496.0
1697518800000,1.6005,1.608,1.5884,1.592,1864013.0
1697522400000,1.592,1.6019,1.5889,1.5987,1735367.0
1697526000000,1.5986,1.6206,1.5952,1.6162,2757005.0
1697529600000,1.6164,1.6307,1.6116,1.6294,3477652.0
1697533200000,1.6296,1.6491,1.6239,1.6481,5213583.0
1697536800000,1.6481,1.6701,1.6405,1.6568,6871184.0
1697540400000,1.6568,1.6699,1.6336,1.6366,4516607.0
1697544000000,1.637,1.6478,1.6267,1.6279,3775220.0
1697547600000,1.6278,1.6435,1.588,1.61,10159007.0
1697551200000,1.6099,1.6448,1.6081,1.6383,4578404.0
1697554800000,1.6383,1.6539,1.6371,1.6418,3376318.0
1697558400000,1.6418,1.6595,1.6302,1.6472,3036848.0
1697562000000,1.6473,1.6473,1.6269,1.6311,2173333.0
1697565600000,1.6307,1.6356,1.6133,1.622,2047048.0
1697569200000,1.6217,1.638,1.6203,1.6357,1228727.0
1697572800000,1.6363,1.6363,1.622,1.6285,1425550.0
1697576400000,1.6285,1.6485,1.623,1.644,963423.0
1697580000000,1.6436,1.649,1.6287,1.6316,866925.0
1697583600000,1.6316,1.6398,1.6241,1.6249,1161130.0
1697587200000,1.6251,1.636,1.6148,1.6295,2272220.0
1697590800000,1.6296,1.6414,1.6135,1.6228,2152643.0
1697594400000,1.6232,1.6235,1.5963,1.6052,3964713.0
1697598000000,1.6055,1.6108,1.577,1.594,4022690.0
1697601600000,1.5939,1.6213,1.5836,1.6061,4116880.0
1697605200000,1.6068,1.6163,1.5952,1.5992,2842593.0
1697608800000,1.5992,1.5996,1.5781,1.5809,2522268.0
1697612400000,1.5811,1.5944,1.5507,1.5929,5067687.0
1697616000000,1.5925,1.6076,1.5895,1.6028,2115427.0
1697619600000,1.6028,1.603,1.5779,1.5794,1637163.0
1697623200000,1.5794,1.605,1.5788,1.6028,2618553.0
1697626800000,1.6033,1.6061,1.5908,1.5934,1228120.0
1697630400000,1.5939,1.6018,1.5852,1.5882,1469848.0
1697634000000,1.5879,1.5933,1.573,1.5797,2560298.0
1697637600000,1.5796,1.5924,1.5665,1.5759,3279199.0
1697641200000,1.576,1.5831,1.5682,1.5781,2003541.0
1697644800000,1.5781,1.587,1.5677,1.5702,1718562.0
1697648400000,1.5706,1.5708,1.5391,1.5441,4758152.0
1697652000000,1.5441,1.5482,1.5207,1.523,3492704.0
1697655600000,1.5229,1.5231,1.4815,1.4966,4485231.0
1697659200000,1.4966,1.4996,1.476,1.4919,2994216.0
1697662800000,1.4918,1.4993,1.4852,1.4969,1399696.0
1697666400000,1.4969,1.5109,1.4942,1.5064,1782052.0
1697670000000,1.5063,1.5065,1.4528,1.4548,5501326.0
1697673600000,1.4549,1.4666,1.4464,1.4655,3293790.0
1697677200000,1.4656,1.4674,1.4274,1.432,6608195.0
1697680800000,1.4322,1.4338,1.4003,1.4306,5093102.0
1697684400000,1.4303,1.4428,1.4231,1.4395,3103059.0
1697688000000,1.4394,1.446,1.4318,1.441,2516357.0
1697691600000,1.4408,1.4484,1.435,1.4392,1689503.0
1697695200000,1.4393,1.455,1.4338,1.452,3135891.0
1697698800000,1.4518,1.4667,1.4488,1.4658,3054267.0
1697702400000,1.4656,1.4764,1.4623,1.4639,4027560.0
1697706000000,1.4639,1.4672,1.4479,1.4547,3177948.0
1697709600000,1.4545,1.4865,1.4532,1.4796,5929706.0
1697713200000,1.4793,1.4987,1.4737,1.4772,4224773.0
1697716800000,1.477,1.4912,1.47,1.4714,3163763.0
1697720400000,1.4717,1.505,1.4655,1.4794,4421822.0
1697724000000,1.4793,1.4843,1.4689,1.4752,2132270.0
1697727600000,1.4752,1.486,1.4611,1.4762,3242269.0
1697731200000,1.4758,1.4848,1.4444,1.4593,5894694.0
1697734800000,1.4598,1.4669,1.4565,1.4616,1475993.0
1697738400000,1.4618,1.4686,1.4522,1.457,1504992.0
1697742000000,1.457,1.4667,1.4539,1.4594,1518095.0
1697745600000,1.4595,1.4764,1.4587,1.4679,1827379.0
1697749200000,1.4677,1.4705,1.4395,1.4525,1985579.0
1697752800000,1.4524,1.4653,1.4518,1.4519,862671.0
1697756400000,1.4519,1.4585,1.4452,1.4527,1011207.0
1697760000000,1.4528,1.4646,1.4466,1.45,1399526.0
1697763600000,1.4503,1.4661,1.434,1.4628,2588838.0
1697767200000,1.4627,1.4826,1.462,1.4723,3353736.0
1697770800000,1.4723,1.484,1.4628,1.4695,3824366.0
1697774400000,1.4694,1.5049,1.4615,1.4979,5186871.0
1697778000000,1.498,1.5255,1.495,1.5084,5774726.0
1697781600000,1.5085,1.5296,1.5073,1.5232,2976244.0
1697785200000,1.5232,1.5396,1.5154,1.5184,4151392.0
1697788800000,1.5185,1.5376,1.5162,1.532,4056492.0
1697792400000,1.5322,1.5643,1.5295,1.5606,4448552.0
1697796000000,1.5608,1.571,1.5217,1.5229,5784308.0
1697799600000,1.5229,1.5466,1.5193,1.5324,3402804.0
1697803200000,1.5321,1.5483,1.5192,1.5449,3854300.0
1697806800000,1.545,1.5573,1.5409,1.5493,2613932.0
1697810400000,1.5493,1.5525,1.524,1.5266,2354057.0
1697814000000,1.5266,1.5389,1.5231,1.5318,1338641.0
1697817600000,1.5318,1.535,1.5178,1.5255,2893242.0
1697821200000,1.5256,1.5274,1.51,1.5218,2104685.0
1697824800000,1.5221,1.529,1.5212,1.5238,1263956.0
1697828400000,1.5237,1.5264,1.5151,1.5216,1028962.0
1697832000000,1.522,1.525,1.5114,1.5123,922882.0
1697835600000,1.5124,1.5354,1.5087,1.5351,918665.0
1697839200000,1.5348,1.538,1.5271,1.5297,725233.0
1697842800000,1.5296,1.5306,1.5166,1.5169,969122.0
1697846400000,1.5171,1.5345,1.514,1.5153,1518695.0
1697850000000,1.5152,1.5189,1.4939,1.5032,2749520.0
1697853600000,1.5035,1.5164,1.4983,1.5074,1504467.0
1697857200000,1.5075,1.5224,1.4981,1.5174,1482904.0
1697860800000,1.5175,1.5267,1.5073,1.5104,1146990.0
1697864400000,1.5108,1.5131,1.5025,1.503,867178.0
1697868000000,1.503,1.5204,1.5019,1.519,1645570.0
1697871600000,1.5191,1.5321,1.5166,1.5305,2190652.0
1697875200000,1.5306,1.5372,1.5255,1.5311,1434432.0
1697878800000,1.5311,1.5476,1.5273,1.5429,2156901.0
1697882400000,1.542,1.5459,1.5309,1.5325,1478901.0
1697886000000,1.5329,1.5592,1.5307,1.5559,1984818.0
1697889600000,1.5561,1.5578,1.527,1.5285,1978989.0
1697893200000,1.5286,1.5336,1.5123,1.5334,2672176.0
1697896800000,1.5334,1.5438,1.5185,1.5376,2628937.0
1697900400000,1.5377,1.544,1.5215,1.5402,1991850.0
1697904000000,1.5401,1.612,1.535,1.583,10889078.0
1697907600000,1.583,1.592,1.5726,1.5813,3917216.0
1697911200000,1.581,1.5902,1.5639,1.5823,3842598.0
1697914800000,1.5823,1.601,1.573,1.5957,2521003.0
1697918400000,1.5956,1.5989,1.5813,1.5943,1887450.0
1697922000000,1.5942,1.648,1.594,1.6443,5169863.0
1697925600000,1.644,1.6623,1.6112,1.6227,4439088.0
1697929200000,1.6227,1.6227,1.6027,1.6082,2250118.0
1697932800000,1.6082,1.6367,1.6038,1.625,3232659.0
1697936400000,1.625,1.6475,1.621,1.6405,3513396.0
1697940000000,1.6406,1.6543,1.6303,1.652,3285459.0
1697943600000,1.6523,1.6649,1.6418,1.6529,3683508.0
1697947200000,1.6528,1.664,1.6428,1.6604,2559723.0
1697950800000,1.6602,1.73,1.6586,1.7066,8562788.0
1697954400000,1.7065,1.7098,1.668,1.675,5020505.0
1697958000000,1.6755,1.6878,1.6207,1.6529,9236318.0
1697961600000,1.6528,1.6577,1.5871,1.6119,8936563.0
1697965200000,1.612,1.632,1.6025,1.6135,3528332.0
1697968800000,1.6136,1.6247,1.5978,1.605,2169604.0
1697972400000,1.6051,1.6099,1.5816,1.5852,3022492.0
1697976000000,1.5851,1.6058,1.5746,1.5774,3084792.0
1697979600000,1.5776,1.5942,1.5768,1.5927,3169287.0
1697983200000,1.5927,1.6129,1.5828,1.5834,5097425.0
1697986800000,1.5834,1.5901,1.5664,1.586,3934234.0
1697990400000,1.5863,1.6172,1.581,1.6147,4184907.0
1697994000000,1.615,1.6296,1.6088,1.6148,3026754.0
1697997600000,1.6149,1.6179,1.6019,1.6084,1555171.0
1698001200000,1.608,1.6193,1.6015,1.6042,1348158.0
1698004800000,1.6037,1.6192,1.6028,1.6169,595256.0
1698008400000,1.6171,1.6173,1.5983,1.6096,890690.0
1698012000000,1.6098,1.6428,1.6055,1.628,2666986.0
1698015600000,1.628,1.6398,1.623,1.6324,1634267.0
1698019200000,1.632,1.6429,1.6185,1.6225,2214792.0
1698022800000,1.6225,1.65,1.608,1.643,5897665.0
1698026400000,1.6432,1.6731,1.6304,1.6612,4874855.0
1698030000000,1.6612,1.6738,1.6331,1.6438,5926694.0
1698033600000,1.6441,1.6573,1.6358,1.6401,3435573.0
1698037200000,1.6399,1.6436,1.6267,1.6414,3255689.0
1698040800000,1.6412,1.6466,1.59,1.5937,5357336.0
1698044400000,1.5936,1.5945,1.5432,1.5573,9076279.0
1698048000000,1.5575,1.5655,1.5341,1.5464,5230783.0
1698051600000,1.5464,1.5493,1.48,1.4957,12411652.0
1698055200000,1.4957,1.523,1.4889,1.52,4334651.0
1698058800000,1.5201,1.5283,1.514,1.5219,2682517.0
1698062400000,1.5218,1.5306,1.5125,1.5271,2870931.0
1698066000000,1.5271,1.5271,1.4905,1.5014,4849902.0
1698069600000,1.5014,1.5182,1.4986,1.5091,2994940.0
1698073200000,1.5091,1.5189,1.5032,1.5079,2897882.0
1698076800000,1.5076,1.5426,1.505,1.5386,4244999.0
1698080400000,1.539,1.5399,1.5088,1.5323,3691117.0
1698084000000,1.5323,1.551,1.5286,1.5482,3248806.0
1698087600000,1.5483,1.5572,1.535,1.5451,2016449.0
1698091200000,1.5449,1.5544,1.5386,1.5448,1732144.0
1698094800000,1.545,1.5596,1.5379,1.5562,1686328.0
1698098400000,1.5562,1.64,1.5479,1.6352,13628369.0
1698102000000,1.6349,1.664,1.596,1.6538,9382484.0
1698105600000,1.6538,1.6833,1.6354,1.6683,6582472.0
1698109200000,1.6689,1.7,1.66,1.6786,5660068.0
1698112800000,1.6786,1.711,1.666,1.7086,7018024.0
1698116400000,1.7083,1.728,1.6441,1.649,8944211.0
1698120000000,1.6487,1.6756,1.6205,1.6433,4515052.0
1698123600000,1.6433,1.6663,1.613,1.6202,4638561.0
1698127200000,1.6203,1.63,1.5898,1.6229,4504264.0
1698130800000,1.6228,1.6595,1.6182,1.659,3600226.0
1698134400000,1.6591,1.68,1.6505,1.664,3902748.0
1698138000000,1.6643,1.696,1.6523,1.6876,3768074.0
1698141600000,1.6876,1.699,1.6655,1.6801,2840423.0
1698145200000,1.6801,1.7187,1.6756,1.7176,5658436.0
1698148800000,1.7176,1.808,1.7123,1.7388,15017796.0
1698152400000,1.7391,1.741,1.6885,1.7143,9574520.0
1698156000000,1.714,1.7173,1.6612,1.7048,7947198.0
1698159600000,1.7051,1.739,1.6038,1.6497,19978709.0
1698163200000,1.6499,1.703,1.6235,1.6792,7964048.0
1698166800000,1.6785,1.6944,1.672,1.6836,2865151.0
1698170400000,1.6836,1.7067,1.6555,1.698,4319076.0
1698174000000,1.6981,1.7091,1.6789,1.6857,2317682.0
1698177600000,1.6855,1.6951,1.6614,1.6683,1968813.0
1698181200000,1.6683,1.6803,1.6366,1.6754,2844629.0
1698184800000,1.6752,1.6918,1.6641,1.6913,1831301.0
1698188400000,1.6904,1.6986,1.6667,1.6792,1944406.0
1698192000000,1.6793,1.7083,1.6569,1.7007,3603352.0
1698195600000,1.7006,1.7364,1.699,1.7274,3810592.0
1698199200000,1.7272,1.7272,1.687,1.7113,3916003.0
1698202800000,1.7116,1.7245,1.6999,1.7209,2548491.0
1698206400000,1.7209,1.7676,1.7033,1.7472,4720667.0
1698210000000,1.7477,1.7579,1.6959,1.7098,4260194.0
1698213600000,1.7097,1.7625,1.7095,1.7406,4726830.0
1698217200000,1.7407,1.7491,1.6878,1.7108,5809681.0
1698220800000,1.7107,1.755,1.6904,1.7412,5236370.0
1698224400000,1.7412,1.7822,1.7325,1.7527,6917509.0
1698228000000,1.7527,1.78,1.7478,1.7644,3296349.0
1698231600000,1.7648,1.7695,1.7452,1.7638,2156121.0
1698235200000,1.7639,1.7888,1.7531,1.7684,3967533.0
1698238800000,1.7685,1.7898,1.738,1.751,5295682.0
1698242400000,1.7507,1.77,1.7351,1.7415,3374993.0
1698246000000,1.7414,1.77,1.7312,1.7469,4125919.0
1698249600000,1.7469,1.7571,1.6798,1.6837,7797391.0
1698253200000,1.6839,1.7098,1.6825,1.7032,2588382.0
1698256800000,1.7032,1.7225,1.7027,1.7212,1626435.0
1698260400000,1.7216,1.7288,1.7104,1.7246,1175904.0
1698264000000,1.7245,1.7426,1.7193,1.7262,1781808.0
1698267600000,1.7259,1.743,1.72,1.7409,924966.0
1698271200000,1.7408,1.8094,1.7343,1.8062,5057734.0
1698274800000,1.806,1.84,1.77,1.804,9072683.0
1698278400000,1.8039,1.842,1.7847,1.8291,6736350.0
1698282000000,1.829,1.8385,1.765,1.79,6181952.0
1698285600000,1.7903,1.7913,1.753,1.7722,3974492.0
1698289200000,1.7722,1.7957,1.7719,1.792,2519780.0
1698292800000,1.7911,1.7921,1.7722,1.7868,2242409.0
1698296400000,1.7867,1.7991,1.7608,1.7695,3234595.0
1698300000000,1.7697,1.786,1.744,1.7798,4032324.0
1698303600000,1.7798,1.8042,1.7767,1.7958,2865495.0
1698307200000,1.7961,1.803,1.7577,1.7688,4038656.0
1698310800000,1.769,1.7754,1.745,1.7694,2687685.0
1698314400000,1.7695,1.7695,1.73,1.7517,4015858.0
1698318000000,1.7517,1.7634,1.7182,1.7411,3563347.0
1698321600000,1.741,1.783,1.739,1.7663,3424522.0
1698325200000,1.7664,1.7766,1.7435,1.7445,2724023.0
1698328800000,1.7441,1.7568,1.682,1.7366,7425590.0
1698332400000,1.7366,1.7622,1.7037,1.7369,6083175.0
1698336000000,1.7368,1.7467,1.7002,1.7114,4580161.0
1698339600000,1.7111,1.7822,1.7101,1.771,3869114.0
1698343200000,1.7711,1.793,1.7553,1.7913,2722065.0
1698346800000,1.7914,1.8266,1.7864,1.8232,3846939.0
1698350400000,1.8235,1.9294,1.8161,1.9247,7847904.0
1698354000000,1.9246,1.9248,1.8354,1.8441,6527150.0
1698357600000,1.8442,1.86,1.8202,1.8524,2674797.0
1698361200000,1.8524,1.8611,1.8365,1.8533,2197735.0
1698364800000,1.8534,1.8539,1.811,1.8139,3235671.0
1698368400000,1.8135,1.8135,1.7606,1.766,6263924.0
1698372000000,1.7661,1.8111,1.7541,1.7958,3615220.0
1698375600000,1.7953,1.7974,1.7764,1.7902,1661079.0
1698379200000,1.7901,1.791,1.763,1.7812,1930143.0
1698382800000,1.7813,1.7843,1.7602,1.7798,1439571.0
1698386400000,1.7799,1.7896,1.7747,1.787,1260140.0
1698390000000,1.7869,1.7869,1.7542,1.7571,2374085.0
1698393600000,1.7574,1.7712,1.7503,1.767,1728796.0
1698397200000,1.7668,1.818,1.7634,1.8128,4006617.0
1698400800000,1.813,1.8193,1.7951,1.7984,3503070.0
1698404400000,1.7983,1.8069,1.7792,1.801,2129081.0
1698408000000,1.8009,1.875,1.7858,1.8431,7243215.0
1698411600000,1.8427,1.8643,1.8245,1.8392,4048905.0
1698415200000,1.8393,1.8595,1.8049,1.8352,6424684.0
1698418800000,1.8349,1.8858,1.824,1.8782,5470955.0
1698422400000,1.8776,1.9,1.8415,1.856,6309214.0
1698426000000,1.8561,1.9184,1.826,1.8774,9625208.0
1698429600000,1.8771,1.9096,1.8486,1.8941,6589341.0
1698433200000,1.8938,1.9144,1.8833,1.9099,2685600.0
1698436800000,1.9096,1.9462,1.9022,1.9359,5050997.0
1698440400000,1.9359,1.95,1.9248,1.9398,2791414.0
1698444000000,1.9399,1.9407,1.858,1.873,6172130.0
1698447600000,1.8732,1.8848,1.863,1.8747,2269697.0
1698451200000,1.8745,1.8961,1.8443,1.8651,3315585.0
1698454800000,1.8651,1.885,1.8543,1.8849,1485042.0
1698458400000,1.8848,1.8878,1.8625,1.8799,2210009.0
1698462000000,1.8799,1.8958,1.8733,1.8918,1844279.0
1698465600000,1.8919,1.8929,1.8653,1.8697,1549435.0
1698469200000,1.8698,1.8886,1.8599,1.87,1934238.0
1698472800000,1.87,1.8868,1.861,1.8793,2149051.0
1698476400000,1.8795,1.9326,1.8713,1.9303,5187073.0
1698480000000,1.9303,1.9568,1.91,1.9166,9407536.0
1698483600000,1.9167,1.9435,1.9079,1.9318,2833451.0
1698487200000,1.9318,1.9399,1.9179,1.9314,2016163.0
1698490800000,1.9314,1.9509,1.8959,1.9045,5101488.0
1698494400000,1.9046,1.915,1.83,1.8572,7232561.0
1698498000000,1.8574,1.878,1.8506,1.8662,2630349.0
1698501600000,1.8663,1.8798,1.8539,1.8592,1856002.0
1698505200000,1.8592,1.874,1.855,1.8712,1586177.0
1698508800000,1.8713,1.8715,1.8367,1.8576,2547906.0
1698512400000,1.8575,1.8672,1.84,1.8626,1750256.0
1698516000000,1.8626,1.8717,1.8521,1.853,1221784.0
1698519600000,1.853,1.8556,1.835,1.8409,1138546.0
1698523200000,1.8413,1.8569,1.8403,1.8557,581460.0
1698526800000,1.8556,1.868,1.8452,1.866,860244.0
1698530400000,1.8658,1.866,1.822,1.8429,1825450.0
1698534000000,1.8428,1.8439,1.8268,1.8377,954790.0
1698537600000,1.8377,1.8673,1.8303,1.8512,2292330.0
1698541200000,1.8512,1.8569,1.8242,1.8332,2356018.0
1698544800000,1.8333,1.8387,1.8141,1.834,2159930.0
1698548400000,1.8338,1.8347,1.8104,1.8173,1739946.0
1698552000000,1.8173,1.8393,1.8081,1.8335,1830555.0
1698555600000,1.8345,1.84,1.8201,1.8262,1423385.0
1698559200000,1.8263,1.8547,1.818,1.8488,1763890.0
1698562800000,1.8488,1.8646,1.8459,1.8501,1828337.0
1698566400000,1.8499,1.8699,1.8494,1.8683,1460833.0
1698570000000,1.8682,1.8696,1.8463,1.8494,1499243.0
1698573600000,1.849,1.8512,1.8361,1.8382,1499262.0
1698577200000,1.8382,1.8495,1.8335,1.8414,1116363.0
1698580800000,1.8412,1.8564,1.8375,1.8525,1143953.0
1698584400000,1.8523,1.8633,1.8462,1.8566,1574165.0
1698588000000,1.8565,1.8582,1.831,1.843,2149995.0
1698591600000,1.8433,1.8455,1.828,1.8387,1485154.0
1698595200000,1.8393,1.8393,1.8167,1.8238,2454853.0
1698598800000,1.8233,1.8543,1.8133,1.8303,2234499.0
1698602400000,1.8304,1.8383,1.7885,1.8132,2867408.0
1698606000000,1.8132,1.8156,1.7909,1.8017,2366454.0
1698609600000,1.8019,1.8088,1.7973,1.8057,434262.0
1698613200000,1.8056,1.8152,1.7931,1.7965,507973.0
1698616800000,1.7966,1.835,1.7959,1.8268,1192302.0
1698620400000,1.8267,1.8292,1.7975,1.8,1477372.0
1698624000000,1.8001,1.826,1.8001,1.8081,1262593.0
1698627600000,1.8077,1.8388,1.8068,1.8189,1691486.0
1698631200000,1.819,1.8318,1.8068,1.8258,1701885.0
1698634800000,1.8257,1.8324,1.8107,1.8161,1335566.0
1698638400000,1.8162,1.8308,1.8055,1.8289,1443866.0
1698642000000,1.829,1.85,1.8203,1.8485,1740366.0
1698645600000,1.8485,1.8589,1.825,1.8525,2365425.0
1698649200000,1.8526,1.8658,1.8403,1.8431,2826761.0
1698652800000,1.8435,1.8905,1.8366,1.8861,3718036.0
1698656400000,1.8863,1.9056,1.8722,1.8802,3664671.0
1698660000000,1.8803,1.887,1.8618,1.865,1764159.0
1698663600000,1.8644,1.8939,1.8626,1.8904,1652202.0
1698667200000,1.8907,1.9169,1.863,1.8666,4829953.0
1698670800000,1.8668,1.8911,1.8544,1.8868,2569107.0
1698674400000,1.8874,1.8929,1.86,1.8674,1725974.0
1698678000000,1.8671,1.9133,1.8402,1.879,3480893.0
1698681600000,1.8794,1.906,1.8683,1.887,3835653.0
1698685200000,1.8872,1.9026,1.8578,1.8989,4991268.0
1698688800000,1.899,1.92,1.893,1.9129,2731278.0
1698692400000,1.9131,1.9369,1.9122,1.9343,2145077.0
1698696000000,1.9344,1.9387,1.9106,1.9192,2327658.0
1698699600000,1.9195,1.9283,1.8983,1.908,1327373.0
1698703200000,1.9073,1.91,1.8777,1.8918,1299178.0
1698706800000,1.892,1.8936,1.8815,1.8874,1120468.0
1698710400000,1.8874,1.9222,1.8775,1.9153,2574688.0
1698714000000,1.9154,1.9283,1.8954,1.9135,2083927.0
1698717600000,1.9132,1.9214,1.8659,1.8784,2965911.0
1698721200000,1.8784,1.8968,1.8695,1.8889,2058960.0
1698724800000,1.8889,1.9336,1.8848,1.9195,3074357.0
1698728400000,1.9194,1.9364,1.9053,1.9276,2787359.0
1698732000000,1.9281,1.97,1.924,1.9468,7459988.0
1698735600000,1.9467,1.949,1.9146,1.9246,3869508.0
1698739200000,1.9247,1.9699,1.9016,1.953,4965570.0
1698742800000,1.9533,1.977,1.943,1.9697,3216296.0
1698746400000,1.9696,1.9899,1.9602,1.9663,3229777.0
1698750000000,1.9664,2.05,1.9547,2.0094,9828477.0
1698753600000,2.0092,2.0247,1.9675,1.9786,4982436.0
1698757200000,1.979,1.9964,1.9518,1.9701,4081622.0
1698760800000,1.9701,2.0176,1.9577,1.9958,5126368.0
1698764400000,1.9957,1.9996,1.9253,1.958,8890937.0
1698768000000,1.9578,1.992,1.9428,1.9826,3988688.0
1698771600000,1.982,1.9945,1.9659,1.9899,1729746.0
1698775200000,1.9908,2.0437,1.98,2.0422,3653149.0
1698778800000,2.0422,2.0491,2.0148,2.0247,2895967.0
1698782400000,2.0244,2.0465,2.0111,2.0384,2089005.0
1698786000000,2.0383,2.0437,2.0054,2.0201,1196926.0
1698789600000,2.0201,2.0344,2.0184,2.0316,1005474.0
1698793200000,2.0317,2.0457,2.0085,2.0325,1947781.0
1698796800000,2.0322,2.0414,2.007,2.0347,2738005.0
1698800400000,2.0351,2.042,1.9891,1.9906,3013678.0
1698804000000,1.9906,2.0064,1.9733,1.9873,2666347.0
1698807600000,1.9874,2.0047,1.9768,1.9926,1473980.0
1698811200000,1.9925,2.0016,1.9784,1.9833,1562204.0
1698814800000,1.9834,1.9841,1.9308,1.9392,4016297.0
1698818400000,1.9388,1.9632,1.925,1.952,2629573.0
1698822000000,1.9521,1.9682,1.915,1.9233,3664050.0
1698825600000,1.9233,1.9445,1.9127,1.9322,2604819.0
1698829200000,1.9324,1.9353,1.91,1.9267,2663210.0
1698832800000,1.9262,1.9262,1.8923,1.9014,2914177.0
1698836400000,1.9014,1.9199,1.8992,1.9171,1512804.0
1698840000000,1.9167,1.9223,1.8833,1.9143,4106400.0
1698843600000,1.9142,1.93,1.8578,1.8806,8013333.0
1698847200000,1.8815,1.9086,1.8332,1.8548,5508718.0
1698850800000,1.8549,1.8692,1.8492,1.862,2835530.0
1698854400000,1.862,1.88,1.8526,1.8657,2413415.0
1698858000000,1.8657,1.8833,1.8647,1.8776,1665677.0
1698861600000,1.8778,1.9299,1.8623,1.9001,4272314.0
1698865200000,1.8995,1.9296,1.8748,1.888,2611230.0
1698868800000,1.888,1.9255,1.8879,1.9227,1671192.0
1698872400000,1.9234,1.9285,1.9063,1.9233,1295465.0
1698876000000,1.9232,1.9273,1.8733,1.877,1692641.0
1698879600000,1.877,1.8912,1.8638,1.8855,1654266.0
1698883200000,1.8857,1.9064,1.8787,1.8994,2136273.0
1698886800000,1.8998,1.9197,1.893,1.9008,1600448.0
1698890400000,1.9006,1.9178,1.8866,1.9035,1941461.0
1698894000000,1.9038,1.9229,1.9024,1.909,1370481.0
1698897600000,1.9091,1.9166,1.8955,1.9012,1173956.0
1698901200000,1.9012,1.9023,1.8682,1.8777,2573416.0
1698904800000,1.8776,1.8862,1.8652,1.8672,1418309.0
1698908400000,1.8672,1.8878,1.8601,1.8696,1555517.0
1698912000000,1.8694,1.8733,1.8455,1.8684,2875275.0
1698915600000,1.8685,1.8716,1.861,1.8652,776687.0
1698919200000,1.8651,1.8777,1.8573,1.8597,1230764.0
1698922800000,1.8595,1.8735,1.852,1.8708,1294828.0
1698926400000,1.8706,1.8867,1.8619,1.8732,1548293.0
1698930000000,1.873,1.8731,1.8066,1.8323,7376420.0
1698933600000,1.8332,1.8422,1.7928,1.8074,3571931.0
1698937200000,1.8073,1.8094,1.7338,1.7465,5684678.0
1698940800000,1.7464,1.7638,1.7034,1.7319,5195088.0
1698944400000,1.732,1.7431,1.7145,1.7395,2172225.0
1698948000000,1.7391,1.7446,1.7208,1.7413,1536458.0
1698951600000,1.7405,1.7718,1.7352,1.7718,1546764.0
1698955200000,1.7718,1.775,1.7482,1.7622,931042.0
1698958800000,1.7624,1.7624,1.7438,1.761,651591.0
1698962400000,1.761,1.7617,1.7347,1.737,860572.0
1698966000000,1.737,1.7523,1.7305,1.7506,1025776.0
1698969600000,1.7507,1.7595,1.7134,1.726,2535854.0
1698973200000,1.726,1.7449,1.7014,1.7398,3555721.0
1698976800000,1.7398,1.7761,1.7379,1.7746,2469173.0
1698980400000,1.7746,1.7783,1.7576,1.7724,2033698.0
1698984000000,1.7725,1.7878,1.7622,1.7874,2658459.0
1698987600000,1.7869,1.8025,1.778,1.7976,2223572.0
1698991200000,1.7979,1.8057,1.7861,1.7909,1583748.0
1698994800000,1.7908,1.8067,1.7873,1.793,1423878.0
1698998400000,1.793,1.8052,1.7745,1.7947,2186453.0
1699002000000,1.795,1.8009,1.7714,1.776,1797955.0
1699005600000,1.7762,1.7863,1.761,1.7815,2420001.0
1699009200000,1.7812,1.8192,1.7722,1.8016,1965473.0
1699012800000,1.8018,1.8193,1.7946,1.819,1587226.0
1699016400000,1.8186,1.8339,1.8082,1.8324,2084205.0
1699020000000,1.8322,1.8353,1.8042,1.8104,2613724.0
1699023600000,1.8105,1.8378,1.8028,1.8345,1617410.0
1699027200000,1.835,1.8355,1.8144,1.8314,1389862.0
1699030800000,1.8314,1.8367,1.8063,1.8333,1472060.0
1699034400000,1.8334,1.8712,1.829,1.8582,3039910.0
1699038000000,1.858,1.8634,1.849,1.8567,725587.0
1699041600000,1.8573,1.8585,1.8455,1.8474,735464.0
1699045200000,1.8476,1.8562,1.8439,1.8464,664568.0
1699048800000,1.8467,1.8496,1.8396,1.8412,576440.0
1699052400000,1.8417,1.8559,1.8417,1.8546,725030.0
1699056000000,1.8546,1.8734,1.8452,1.8527,1936596.0
1699059600000,1.8526,1.8673,1.8444,1.8633,1078480.0
1699063200000,1.8633,1.8795,1.8563,1.8756,1218970.0
1699066800000,1.8756,1.8867,1.8675,1.8801,1094509.0
1699070400000,1.8808,1.9037,1.8715,1.8718,2223985.0
1699074000000,1.8719,1.8903,1.8629,1.8853,1438479.0
1699077600000,1.8853,1.8941,1.8765,1.8788,1519411.0
1699081200000,1.8787,1.8988,1.8762,1.8788,1443698.0
1699084800000,1.8791,1.8828,1.867,1.8713,1052871.0
1699088400000,1.8714,1.8811,1.8686,1.8746,823555.0
1699092000000,1.8743,1.8879,1.87,1.8817,798807.0
1699095600000,1.8816,1.8907,1.8574,1.8638,1368983.0
1699099200000,1.8638,1.864,1.8521,1.8586,1583503.0
1699102800000,1.8589,1.876,1.8556,1.8659,1017703.0
1699106400000,1.8667,1.8769,1.8603,1.8708,948303.0
1699110000000,1.8707,1.8722,1.85,1.8542,1407134.0
1699113600000,1.8542,1.8664,1.8421,1.8438,1257636.0
1699117200000,1.8437,1.8649,1.8386,1.8646,742763.0
1699120800000,1.8646,1.8656,1.8529,1.8604,484308.0
1699124400000,1.8606,1.8658,1.8439,1.8468,468082.0
1699128000000,1.8466,1.8572,1.8446,1.8544,307791.0
1699131600000,1.8544,1.8835,1.8542,1.8813,915854.0
1699135200000,1.8815,1.8848,1.8641,1.8752,710354.0
1699138800000,1.8751,1.8966,1.8618,1.8684,1690448.0
1699142400000,1.8684,1.8746,1.8483,1.8539,2207837.0
1699146000000,1.854,1.8845,1.8526,1.8813,2076092.0
1699149600000,1.8815,1.8833,1.868,1.8795,1174978.0
1699153200000,1.8802,1.8927,1.8737,1.89,1619936.0
1699156800000,1.8898,1.8918,1.87,1.8754,1374253.0
1699160400000,1.8751,1.884,1.8705,1.874,808692.0
1699164000000,1.8745,1.8879,1.8723,1.8779,1274176.0
1699167600000,1.878,1.879,1.8675,1.8684,995907.0
1699171200000,1.8689,1.873,1.82,1.8252,2675254.0
1699174800000,1.8254,1.8459,1.8254,1.8456,1609058.0
1699178400000,1.8457,1.8474,1.8329,1.8374,1047274.0
1699182000000,1.8373,1.8728,1.8287,1.8535,1999390.0
1699185600000,1.8533,1.8658,1.8445,1.8523,956660.0
1699189200000,1.8523,1.8618,1.7956,1.8068,3043469.0
1699192800000,1.8068,1.8413,1.8032,1.8366,2147837.0
1699196400000,1.8369,1.8471,1.8277,1.8307,1253909.0
1699200000000,1.8306,1.8327,1.8205,1.8237,997954.0
1699203600000,1.8236,1.8456,1.8217,1.8305,1179058.0
1699207200000,1.8304,1.8345,1.8147,1.8295,651337.0
1699210800000,1.8296,1.8401,1.8271,1.8338,484431.0
1699214400000,1.8339,1.84,1.8246,1.8275,310345.0
1699218000000,1.8277,1.8297,1.7906,1.8045,1664510.0
1699221600000,1.8046,1.8202,1.8028,1.819,564243.0
1699225200000,1.819,1.832,1.8186,1.8214,1219820.0
1699228800000,1.8211,1.8648,1.8183,1.8638,1928110.0
1699232400000,1.8644,1.8695,1.8305,1.8336,1584746.0
1699236000000,1.8339,1.8411,1.8262,1.8352,934992.0
1699239600000,1.8354,1.8398,1.8194,1.8205,978646.0
1699243200000,1.8205,1.8221,1.8002,1.8096,1539384.0
1699246800000,1.8099,1.8197,1.776,1.7912,2324588.0
1699250400000,1.7909,1.7967,1.7833,1.7966,819898.0
1699254000000,1.7967,1.8059,1.7877,1.7924,874126.0
1699257600000,1.7925,1.8014,1.78,1.7961,1069730.0
1699261200000,1.7959,1.8131,1.7953,1.8082,1029899.0
1699264800000,1.808,1.826,1.804,1.8252,1066536.0
1699268400000,1.8251,1.8253,1.8,1.803,1191078.0
1699272000000,1.8027,1.8082,1.787,1.8077,1397732.0
1699275600000,1.8076,1.8088,1.78,1.792,1739006.0
1699279200000,1.7922,1.8158,1.7904,1.8148,1324416.0
1699282800000,1.8146,1.8215,1.805,1.8093,1169754.0
1699286400000,1.8092,1.8131,1.7879,1.7891,1261503.0
1699290000000,1.789,1.7966,1.7813,1.7851,925222.0
1699293600000,1.785,1.7973,1.7792,1.797,766192.0
1699297200000,1.7968,1.8331,1.792,1.8207,1272140.0
1699300800000,1.8208,1.8226,1.7972,1.8094,559221.0
1699304400000,1.8093,1.8117,1.7865,1.8114,695603.0
1699308000000,1.8113,1.8248,1.8068,1.8242,585947.0
1699311600000,1.824,1.8253,1.8086,1.8217,992886.0
1699315200000,1.8221,1.8224,1.7816,1.7964,1390651.0
1699318800000,1.7962,1.8071,1.7893,1.8053,721418.0
1699322400000,1.8055,1.8166,1.7821,1.7843,1562184.0
1699326000000,1.7846,1.8165,1.7816,1.8044,1204751.0
1699329600000,1.804,1.8062,1.7876,1.7938,874307.0
1699333200000,1.7948,1.798,1.7859,1.7979,634191.0
1699336800000,1.7978,1.824,1.7887,1.8148,1886321.0
1699340400000,1.8145,1.838,1.8074,1.835,2491703.0
1699344000000,1.8345,1.8521,1.8257,1.8376,2904581.0
1699347600000,1.8374,1.8408,1.7979,1.8106,2923934.0
1699351200000,1.8104,1.865,1.8,1.8187,4489056.0
1699354800000,1.8185,1.8471,1.8152,1.8199,1655402.0
1699358400000,1.8199,1.8278,1.7904,1.8102,2905841.0
1699362000000,1.8101,1.8123,1.7836,1.7903,3029984.0
1699365600000,1.7903,1.8131,1.781,1.7896,3382242.0
1699369200000,1.7898,1.7903,1.735,1.7466,4487699.0
1699372800000,1.747,1.7656,1.7423,1.7554,1878587.0
1699376400000,1.7554,1.7967,1.7406,1.7886,2419697.0
1699380000000,1.7886,1.8085,1.7842,1.7996,2081828.0
1699383600000,1.7994,1.8101,1.7871,1.7959,1158127.0
1699387200000,1.796,1.8254,1.7932,1.8216,1216418.0
1699390800000,1.8216,1.8289,1.8106,1.8246,1043489.0
1699394400000,1.8249,1.8264,1.8074,1.8188,917454.0
1699398000000,1.8189,1.8494,1.8142,1.8436,1638344.0
1699401600000,1.8435,1.855,1.8328,1.8425,1642016.0
1699405200000,1.8423,1.8596,1.8297,1.8404,1536933.0
1699408800000,1.8403,1.8435,1.82,1.8259,1580728.0
1699412400000,1.8259,1.8314,1.7766,1.8137,2538943.0
1699416000000,1.8136,1.8194,1.8006,1.8054,905043.0
1699419600000,1.8054,1.8225,1.8008,1.8213,1209082.0
1699423200000,1.8207,1.8273,1.8113,1.8227,923978.0
1699426800000,1.8223,1.827,1.8077,1.8108,826161.0
1699430400000,1.811,1.8146,1.7989,1.8015,1109593.0
1699434000000,1.8013,1.8045,1.7908,1.8009,766460.0
1699437600000,1.8003,1.8088,1.7951,1.802,930716.0
1699441200000,1.802,1.8039,1.7933,1.8026,499064.0
1699444800000,1.8026,1.8165,1.7974,1.8151,647601.0
1699448400000,1.8152,1.8219,1.7992,1.811,1042775.0
1699452000000,1.8111,1.8243,1.8057,1.8182,967998.0
1699455600000,1.8181,1.8265,1.805,1.8108,1356122.0
1699459200000,1.8104,1.836,1.8043,1.8357,1156790.0
1699462800000,1.8357,1.8377,1.8194,1.8298,964940.0
1699466400000,1.8297,1.8364,1.8236,1.835,804606.0
1699470000000,1.835,1.8383,1.8207,1.8295,927691.0
1699473600000,1.829,1.8348,1.8249,1.834,342142.0
1699477200000,1.8341,1.8396,1.8192,1.8358,1132484.0
1699480800000,1.8358,1.8432,1.8291,1.8293,769497.0
1699484400000,1.8293,1.8445,1.8235,1.8324,874903.0
1699488000000,1.8329,1.8455,1.81,1.8414,1640974.0
1699491600000,1.841,1.8419,1.8222,1.8354,860586.0
1699495200000,1.8355,1.8696,1.8328,1.8535,2288425.0
1699498800000,1.8531,1.8597,1.8413,1.8537,867602.0
1699502400000,1.8547,1.8658,1.8466,1.8577,821055.0
1699506000000,1.8577,1.8668,1.8506,1.8592,750023.0
1699509600000,1.8592,1.8765,1.8592,1.8722,1243183.0
1699513200000,1.8722,1.8788,1.8462,1.8511,1782509.0
1699516800000,1.851,1.8634,1.8492,1.8574,707790.0
1699520400000,1.8575,1.8668,1.8521,1.8658,753930.0
1699524000000,1.8659,1.872,1.8575,1.8614,1074798.0
1699527600000,1.8613,1.8639,1.841,1.8606,1292874.0
1699531200000,1.861,1.8813,1.857,1.8673,2772036.0
1699534800000,1.8672,1.873,1.8502,1.8691,1605049.0
1699538400000,1.869,1.9116,1.8588,1.9058,3812872.0
1699542000000,1.9049,1.9135,1.8478,1.8664,5213691.0
1699545600000,1.8664,1.8798,1.5394,1.7433,15556974.0
1699549200000,1.7431,1.7591,1.7209,1.7534,3556274.0
1699552800000,1.7532,1.7546,1.7211,1.7229,1609717.0
1699556400000,1.7234,1.7326,1.6947,1.7134,2055654.0
1699560000000,1.7134,1.7144,1.6642,1.6981,2755709.0
1699563600000,1.6979,1.7194,1.6887,1.7001,2171737.0
1699567200000,1.7002,1.7492,1.6999,1.7476,1349257.0
1699570800000,1.7475,1.7621,1.7324,1.7589,1363407.0
1699574400000,1.7588,1.7709,1.7429,1.7482,2082195.0
1699578000000,1.7483,1.7688,1.7402,1.7674,1129056.0
1699581600000,1.7674,1.7745,1.7505,1.7714,918085.0
1699585200000,1.7716,1.7747,1.7485,1.7486,964229.0
1699588800000,1.749,1.7613,1.7433,1.7547,790053.0
1699592400000,1.755,1.7699,1.7434,1.7674,997004.0
1699596000000,1.767,1.7681,1.747,1.749,1198026.0
1699599600000,1.749,1.757,1.717,1.735,1346931.0
1699603200000,1.734,1.739,1.697,1.725,1827534.0
1699606800000,1.724,1.741,1.718,1.74,993232.0
1699610400000,1.74,1.746,1.728,1.743,1268741.0
1699614000000,1.743,1.758,1.735,1.754,1581409.0
1699617600000,1.754,1.754,1.713,1.739,1561995.0
1699621200000,1.738,1.743,1.692,1.699,1638326.0
1699624800000,1.698,1.714,1.67,1.693,2661227.0
1699628400000,1.692,1.724,1.691,1.714,1063115.0
1699632000000,1.713,1.756,1.71,1.747,1454882.0
1699635600000,1.746,1.757,1.741,1.752,602719.0
1699639200000,1.753,1.758,1.735,1.749,617808.0
1699642800000,1.749,1.757,1.746,1.752,440994.0
1699646400000,1.752,1.788,1.749,1.787,987082.0
1699650000000,1.787,1.918,1.786,1.909,3953360.0
1699653600000,1.909,1.936,1.88,1.91,2776882.0
1699657200000,1.909,1.999,1.906,1.961,5189234.0
1699660800000,1.962,1.969,1.92,1.937,3953930.0
1699664400000,1.939,1.942,1.899,1.914,3006517.0
1699668000000,1.913,1.962,1.889,1.957,2659322.0
1699671600000,1.957,1.998,1.947,1.99,3483548.0
1699675200000,1.991,2.086,1.96,2.062,10949048.0
1699678800000,2.063,2.095,2.021,2.058,4083957.0
1699682400000,2.059,2.07,2.02,2.038,3722518.0
1699686000000,2.039,2.068,2.022,2.046,2865326.0
1699689600000,2.046,2.09,2.01,2.027,5489141.0
1699693200000,2.028,2.059,2.015,2.039,2053550.0
1699696800000,2.038,2.074,2.035,2.058,1761581.0
1699700400000,2.058,2.067,2.025,2.032,1876131.0
1699704000000,2.033,2.042,1.967,1.986,3610059.0
1699707600000,1.986,2.022,1.975,2.006,1633792.0
1699711200000,2.005,2.021,1.933,1.956,3792207.0
1699714800000,1.956,1.97,1.931,1.935,1757218.0
1699718400000,1.936,1.96,1.927,1.948,1824838.0
1699722000000,1.949,1.959,1.922,1.946,1827844.0
1699725600000,1.945,1.946,1.926,1.946,895207.0
1699729200000,1.946,1.969,1.944,1.962,576455.0
1699732800000,1.962,1.963,1.933,1.949,851311.0
1699736400000,1.949,1.955,1.928,1.938,689379.0
1699740000000,1.939,1.956,1.916,1.936,1052932.0
1699743600000,1.935,1.938,1.909,1.937,1056192.0
1699747200000,1.937,1.949,1.843,1.877,4998809.0
1699750800000,1.878,1.917,1.866,1.911,1612568.0
1699754400000,1.912,1.916,1.885,1.896,890055.0
1699758000000,1.896,1.923,1.89,1.907,653048.0
1699761600000,1.907,1.914,1.891,1.903,650105.0
1699765200000,1.903,1.918,1.896,1.914,686893.0
1699768800000,1.913,1.916,1.894,1.911,878233.0
1699772400000,1.911,1.93,1.903,1.906,1123682.0
1699776000000,1.905,1.924,1.893,1.916,1263290.0
1699779600000,1.915,1.916,1.896,1.912,1084402.0
1699783200000,1.911,1.922,1.893,1.902,842563.0
1699786800000,1.903,1.955,1.9,1.94,1702039.0
1699790400000,1.94,1.958,1.902,1.919,1920460.0
1699794000000,1.919,1.959,1.897,1.943,2148209.0
1699797600000,1.943,1.958,1.927,1.949,1123407.0
1699801200000,1.949,1.973,1.94,1.956,1547570.0
1699804800000,1.956,1.971,1.937,1.961,1351411.0
1699808400000,1.961,1.965,1.928,1.952,772063.0
1699812000000,1.951,1.972,1.936,1.963,844599.0
1699815600000,1.963,1.972,1.942,1.952,674085.0
1699819200000,1.952,1.971,1.943,1.971,334779.0
1699822800000,1.971,1.985,1.962,1.967,673209.0
1699826400000,1.968,1.969,1.952,1.955,310826.0
1699830000000,1.955,1.965,1.924,1.948,1215397.0
1699833600000,1.948,1.968,1.918,1.96,1777243.0
1699837200000,1.96,1.988,1.952,1.986,1868999.0
1699840800000,1.986,1.992,1.956,1.96,1093035.0
1699844400000,1.96,1.964,1.875,1.89,3446050.0
1699848000000,1.889,1.942,1.888,1.931,1949879.0
1699851600000,1.93,1.937,1.909,1.921,1147493.0
1699855200000,1.921,1.929,1.897,1.927,1236608.0
1699858800000,1.927,1.948,1.916,1.946,933209.0
1699862400000,1.947,1.977,1.921,1.976,2108916.0
1699866000000,1.976,1.98,1.95,1.978,1840342.0
1699869600000,1.978,2.037,1.973,2.021,4470879.0
1699873200000,2.021,2.147,2.019,2.099,10844034.0
1699876800000,2.1,2.298,2.072,2.281,13842052.0
1699880400000,2.281,2.57,2.217,2.472,25015128.0
1699884000000,2.472,2.599,2.307,2.413,27332469.0
1699887600000,2.413,2.51,2.368,2.489,13954422.0
1699891200000,2.49,2.625,2.419,2.473,15031635.0
1699894800000,2.473,2.485,2.37,2.415,7358019.0
1699898400000,2.414,2.47,2.389,2.444,3241421.0
1699902000000,2.443,2.506,2.411,2.477,2790238.0
1699905600000,2.478,2.518,2.42,2.455,4036850.0
1699909200000,2.454,2.46,2.237,2.263,9228759.0
1699912800000,2.263,2.38,2.263,2.332,2775277.0
1699916400000,2.331,2.418,2.307,2.307,2874180.0
1699920000000,2.308,2.311,2.157,2.179,10025563.0
1699923600000,2.178,2.252,2.161,2.177,4045903.0
1699927200000,2.177,2.228,2.125,2.224,3539894.0
1699930800000,2.225,2.235,2.184,2.186,2136849.0
1699934400000,2.186,2.229,2.181,2.206,2458467.0
1699938000000,2.206,2.296,2.176,2.248,5947755.0
1699941600000,2.248,2.298,2.178,2.214,5162520.0
1699945200000,2.212,2.258,2.191,2.25,2395843.0
1699948800000,2.251,2.278,2.224,2.276,3057878.0
1699952400000,2.275,2.278,2.173,2.174,4005673.0
1699956000000,2.174,2.214,2.159,2.188,3046087.0
1699959600000,2.188,2.196,2.107,2.15,7178180.0
1699963200000,2.15,2.181,2.131,2.176,3403240.0
1699966800000,2.175,2.228,2.167,2.187,4282106.0
1699970400000,2.187,2.229,2.175,2.206,2687046.0
1699974000000,2.206,2.208,2.128,2.203,4912398.0
1699977600000,2.202,2.306,2.195,2.243,4524972.0
1699981200000,2.242,2.264,2.205,2.209,2099582.0
1699984800000,2.209,2.256,2.15,2.233,7510198.0
1699988400000,2.233,2.259,2.159,2.227,4555848.0
1699992000000,2.226,2.312,2.221,2.27,3347319.0
1699995600000,2.27,2.297,2.26,2.269,1428843.0
1699999200000,2.268,2.338,2.268,2.308,1404947.0
1700002800000,2.309,2.322,2.278,2.302,1503609.0
1700006400000,2.302,2.449,2.274,2.412,5641852.0
1700010000000,2.412,2.433,2.329,2.341,3881202.0
1700013600000,2.341,2.363,2.292,2.308,2332813.0
1700017200000,2.308,2.348,2.295,2.316,1597603.0
1700020800000,2.316,2.389,2.314,2.375,2600640.0
1700024400000,2.374,2.382,2.343,2.368,1399860.0
1700028000000,2.367,2.379,2.337,2.365,1597161.0
1700031600000,2.365,2.453,2.362,2.431,4728335.0
1700035200000,2.432,2.444,2.391,2.408,2560514.0
1700038800000,2.409,2.411,2.344,2.349,2912312.0
1700042400000,2.349,2.355,2.327,2.34,1660861.0
1700046000000,2.339,2.375,2.312,2.352,2374158.0
1700049600000,2.352,2.439,2.348,2.41,4082997.0
1700053200000,2.41,2.421,2.336,2.359,3016975.0
1700056800000,2.357,2.384,2.315,2.319,2455218.0
1700060400000,2.319,2.388,2.318,2.372,2087482.0
1700064000000,2.371,2.433,2.34,2.355,4124826.0
1700067600000,2.356,2.361,2.289,2.313,2487169.0
1700071200000,2.314,2.37,2.298,2.364,4024820.0
1700074800000,2.365,2.413,2.358,2.413,1839456.0
1700078400000,2.411,2.422,2.386,2.395,1267101.0
1700082000000,2.395,2.396,2.359,2.362,677014.0
1700085600000,2.363,2.401,2.356,2.386,539183.0
1700089200000,2.386,2.39,2.325,2.358,1532547.0
1700092800000,2.358,2.41,2.338,2.398,1844775.0
1700096400000,2.397,2.5,2.364,2.4,5458374.0
1700100000000,2.399,2.438,2.385,2.406,2093808.0
1700103600000,2.406,2.415,2.35,2.378,2041977.0
1700107200000,2.377,2.384,2.344,2.374,1141875.0
1700110800000,2.375,2.377,2.343,2.354,1216445.0
1700114400000,2.355,2.378,2.328,2.375,1236693.0
1700118000000,2.375,2.422,2.364,2.403,2028424.0
1700121600000,2.403,2.462,2.379,2.408,3896025.0
1700125200000,2.409,2.497,2.382,2.463,5647312.0
1700128800000,2.463,2.529,2.421,2.425,4547844.0
1700132400000,2.425,2.457,2.405,2.406,2651936.0
1700136000000,2.405,2.426,2.356,2.389,3095520.0
1700139600000,2.388,2.395,2.316,2.343,4585006.0
1700143200000,2.343,2.36,2.283,2.323,2350168.0
1700146800000,2.324,2.324,2.169,2.199,7286488.0
1700150400000,2.2,2.225,2.172,2.193,2347830.0
1700154000000,2.193,2.244,2.191,2.225,1403087.0
1700157600000,2.225,2.247,2.202,2.225,1348898.0
1700161200000,2.224,2.238,2.149,2.232,3361858.0
1700164800000,2.232,2.238,2.182,2.186,943836.0
1700168400000,2.186,2.212,2.156,2.188,913401.0
1700172000000,2.188,2.219,2.185,2.192,507300.0
1700175600000,2.191,2.196,2.144,2.182,1826613.0
1700179200000,2.182,2.236,2.173,2.229,1503339.0
1700182800000,2.23,2.249,2.21,2.245,1085940.0
1700186400000,2.245,2.258,2.19,2.198,1506122.0
1700190000000,2.198,2.206,2.151,2.166,1545117.0
1700193600000,2.167,2.176,2.131,2.144,1760801.0
1700197200000,2.144,2.158,2.136,2.143,1599097.0
1700200800000,2.144,2.155,2.111,2.117,2206826.0
1700204400000,2.116,2.12,2.053,2.066,4301544.0
1700208000000,2.067,2.076,2.055,2.06,1629952.0
1700211600000,2.06,2.072,2.034,2.047,2943800.0
1700215200000,2.047,2.048,1.962,1.993,8804711.0
1700218800000,1.993,2.008,1.977,2.002,2228963.0
1700222400000,2.002,2.031,1.958,2.026,3239480.0
1700226000000,2.025,2.055,2.007,2.011,2958060.0
1700229600000,2.01,2.05,1.992,2.039,4950724.0
1700233200000,2.038,2.073,2.009,2.023,4927783.0
1700236800000,2.024,2.078,2.019,2.054,3273251.0
1700240400000,2.054,2.081,2.031,2.065,4439108.0
1700244000000,2.064,2.065,2.032,2.058,1015652.0
1700247600000,2.057,2.057,2.025,2.027,772811.0
1700251200000,2.028,2.055,1.87,1.896,15219419.0
1700254800000,1.896,1.949,1.867,1.916,8285330.0
1700258400000,1.917,1.991,1.907,1.989,2818072.0
1700262000000,1.988,2.016,1.982,1.996,2971211.0
1700265600000,1.995,1.996,1.932,1.953,4077948.0
1700269200000,1.953,1.98,1.908,1.919,3453714.0
1700272800000,1.92,1.945,1.912,1.941,1650650.0
1700276400000,1.941,1.944,1.888,1.893,3704665.0
1700280000000,1.892,1.926,1.888,1.892,1698654.0
1700283600000,1.892,1.9,1.853,1.854,3702354.0
1700287200000,1.854,1.87,1.826,1.842,3488903.0
1700290800000,1.842,1.888,1.816,1.874,3897157.0
1700294400000,1.873,1.896,1.855,1.883,1655263.0
1700298000000,1.883,1.941,1.877,1.927,4219312.0
1700301600000,1.926,1.967,1.92,1.959,1881680.0
1700305200000,1.959,1.98,1.956,1.968,2419096.0
1700308800000,1.968,2.039,1.962,2.019,3504858.0
1700312400000,2.019,2.043,1.963,1.978,4750491.0
1700316000000,1.979,1.998,1.943,1.968,2724887.0
1700319600000,1.968,1.997,1.958,1.989,1620378.0
1700323200000,1.989,2.009,1.959,1.97,1545052.0
1700326800000,1.97,1.981,1.953,1.971,1017743.0
1700330400000,1.971,1.992,1.963,1.984,655135.0
1700334000000,1.984,2.015,1.979,2.013,886242.0
1700337600000,2.012,2.027,1.994,2.006,710083.0
1700341200000,2.005,2.045,2.005,2.032,1137114.0
1700344800000,2.031,2.119,1.994,2.101,3274038.0
1700348400000,2.101,2.101,2.031,2.058,3220737.0
1700352000000,2.057,2.114,2.02,2.055,4728886.0
1700355600000,2.056,2.067,2.001,2.041,2866792.0
1700359200000,2.041,2.053,2.0,2.04,2259794.0
1700362800000,2.04,2.124,2.035,2.112,3029060.0
1700366400000,2.112,2.235,2.089,2.217,6181341.0
1700370000000,2.217,2.317,2.182,2.272,12741506.0
1700373600000,2.273,2.376,2.266,2.343,11651640.0
1700377200000,2.342,2.428,2.32,2.337,9786966.0
1700380800000,2.336,2.357,2.27,2.282,7882594.0
1700384400000,2.282,2.337,2.282,2.318,4600570.0
1700388000000,2.319,2.35,2.294,2.327,3891946.0
1700391600000,2.328,2.449,2.326,2.438,14553867.0
1700395200000,2.438,2.48,2.391,2.406,9466900.0
1700398800000,2.407,2.488,2.383,2.396,10917754.0
1700402400000,2.397,2.444,2.365,2.398,7559526.0
1700406000000,2.398,2.436,2.381,2.432,5069865.0
1700409600000,2.431,2.469,2.41,2.431,6327391.0
1700413200000,2.431,2.476,2.423,2.446,3954061.0
1700416800000,2.447,2.598,2.434,2.539,10148437.0
1700420400000,2.539,2.557,2.511,2.546,3172442.0
1700424000000,2.546,2.569,2.497,2.503,2996679.0
1700427600000,2.504,2.511,2.474,2.481,2716471.0
1700431200000,2.482,2.487,2.371,2.385,4931154.0
1700434800000,2.384,2.439,2.384,2.416,4340610.0
1700438400000,2.417,2.485,2.383,2.465,5312332.0
1700442000000,2.465,2.523,2.428,2.433,5939177.0
1700445600000,2.433,2.442,2.393,2.438,4590100.0
1700449200000,2.437,2.44,2.362,2.386,3818249.0
1700452800000,2.388,2.415,2.282,2.286,7151808.0
1700456400000,2.286,2.341,2.239,2.331,13304908.0
1700460000000,2.331,2.352,2.309,2.319,4084238.0
1700463600000,2.317,2.603,2.317,2.555,10625697.0
1700467200000,2.556,2.718,2.385,2.4,34827813.0
1700470800000,2.399,2.453,2.336,2.366,10444522.0
1700474400000,2.366,2.424,2.354,2.422,4073981.0
1700478000000,2.422,2.423,2.232,2.303,8961077.0
1700481600000,2.303,2.308,2.257,2.286,6417242.0
1700485200000,2.286,2.318,2.25,2.288,5940650.0
1700488800000,2.287,2.33,2.265,2.307,5405240.0
1700492400000,2.307,2.33,2.292,2.321,3065307.0
1700496000000,2.32,2.354,2.288,2.303,5728452.0
1700499600000,2.303,2.328,2.268,2.316,3626286.0
1700503200000,2.316,2.323,2.261,2.274,2359649.0
1700506800000,2.274,2.277,2.224,2.254,2786559.0
1700510400000,2.253,2.259,2.215,2.234,1525353.0
1700514000000,2.234,2.235,2.163,2.21,3902565.0
1700517600000,2.21,2.229,2.187,2.216,1457970.0
1700521200000,2.215,2.228,2.184,2.199,2023157.0
1700524800000,2.198,2.267,2.181,2.246,3475803.0
1700528400000,2.247,2.358,2.242,2.315,5211598.0
1700532000000,2.314,2.318,2.261,2.313,4167376.0
1700535600000,2.312,2.371,2.287,2.362,3546129.0
1700539200000,2.361,2.434,2.326,2.407,6067553.0
1700542800000,2.406,2.449,2.343,2.416,7300729.0
1700546400000,2.416,2.419,2.363,2.38,3868115.0
1700550000000,2.381,2.425,2.354,2.396,3776800.0
1700553600000,2.396,2.45,2.373,2.433,5038970.0
1700557200000,2.434,2.441,2.344,2.354,4934238.0
1700560800000,2.354,2.438,2.354,2.422,3548992.0
1700564400000,2.423,2.505,2.411,2.432,8295092.0
1700568000000,2.433,2.455,2.391,2.415,4378818.0
1700571600000,2.414,2.416,2.375,2.377,3713093.0
1700575200000,2.377,2.413,2.362,2.404,4663318.0
1700578800000,2.403,2.428,2.294,2.381,14580930.0
1700582400000,2.381,2.448,2.311,2.345,8408841.0
1700586000000,2.345,2.377,2.248,2.304,7404217.0
1700589600000,2.303,2.328,2.25,2.32,5061187.0
1700593200000,2.32,2.351,2.304,2.322,1597213.0
1700596800000,2.323,2.351,2.294,2.341,1422184.0
1700600400000,2.341,2.35,2.304,2.31,861290.0
1700604000000,2.31,2.312,2.177,2.203,3857669.0
1700607600000,2.203,2.282,2.182,2.237,3867442.0
1700611200000,2.237,2.338,2.231,2.331,3360948.0
1700614800000,2.331,2.359,2.318,2.336,2384812.0
1700618400000,2.335,2.419,2.31,2.406,3710781.0
1700622000000,2.406,2.438,2.391,2.426,3297536.0
1700625600000,2.428,2.472,2.399,2.445,3981490.0
1700629200000,2.445,2.466,2.424,2.438,2476430.0
1700632800000,2.439,2.588,2.433,2.484,15824356.0
1700636400000,2.484,2.487,2.371,2.412,6301516.0
1700640000000,2.412,2.425,2.372,2.4,4159243.0
1700643600000,2.4,2.475,2.392,2.46,3161820.0
1700647200000,2.459,2.489,2.433,2.457,3126702.0
1700650800000,2.456,2.466,2.433,2.44,2106761.0
1700654400000,2.44,2.541,2.439,2.516,4539492.0
1700658000000,2.517,2.552,2.499,2.536,3233529.0
1700661600000,2.536,2.559,2.505,2.536,3404797.0
1700665200000,2.536,2.615,2.469,2.498,7552434.0
1700668800000,2.499,2.57,2.48,2.513,5391824.0
1700672400000,2.513,2.567,2.512,2.554,2680250.0
1700676000000,2.555,2.58,2.512,2.524,2857252.0
1700679600000,2.526,2.583,2.526,2.58,1508124.0
1700683200000,2.579,2.587,2.552,2.573,1039672.0
1700686800000,2.572,2.576,2.534,2.552,1183055.0
1700690400000,2.551,2.571,2.514,2.522,1168073.0
1700694000000,2.523,2.526,2.5,2.511,1278515.0
1700697600000,2.512,2.515,2.471,2.49,2687185.0
1700701200000,2.491,2.546,2.48,2.509,2248691.0
1700704800000,2.509,2.51,2.447,2.451,3001721.0
1700708400000,2.451,2.469,2.441,2.446,2091646.0
1700712000000,2.446,2.46,2.425,2.459,1710214.0
1700715600000,2.458,2.468,2.436,2.439,1258378.0
1700719200000,2.438,2.44,2.401,2.419,2537488.0
1700722800000,2.418,2.438,2.414,2.437,1361133.0
1700726400000,2.436,2.453,2.429,2.446,1779940.0
1700730000000,2.445,2.459,2.419,2.453,1496788.0
1700733600000,2.453,2.469,2.405,2.413,2181313.0
1700737200000,2.414,2.417,2.361,2.373,3944616.0
1700740800000,2.373,2.424,2.365,2.393,4000770.0
1700744400000,2.393,2.42,2.372,2.387,2415405.0
1700748000000,2.386,2.39,2.323,2.36,6871163.0
1700751600000,2.359,2.367,2.314,2.318,2801298.0
1700755200000,2.319,2.353,2.315,2.342,1696774.0
1700758800000,2.342,2.397,2.34,2.381,2234584.0
1700762400000,2.381,2.404,2.374,2.397,671631.0
1700766000000,2.397,2.41,2.381,2.383,1158956.0
1700769600000,2.383,2.391,2.376,2.379,481111.0
1700773200000,2.379,2.397,2.368,2.389,661738.0
1700776800000,2.39,2.394,2.373,2.394,492754.0
1700780400000,2.394,2.398,2.372,2.379,642764.0
1700784000000,2.379,2.418,2.367,2.406,1405268.0
1700787600000,2.406,2.436,2.374,2.383,1784884.0
1700791200000,2.383,2.395,2.342,2.387,2101710.0
1700794800000,2.387,2.392,2.371,2.384,612997.0
1700798400000,2.385,2.416,2.38,2.397,1020301.0
1700802000000,2.396,2.469,2.372,2.465,4618021.0
1700805600000,2.466,2.498,2.448,2.469,4287718.0
1700809200000,2.47,2.503,2.45,2.482,2758312.0
1700812800000,2.482,2.545,2.465,2.527,3617634.0
1700816400000,2.526,2.547,2.455,2.456,4647487.0
1700820000000,2.457,2.495,2.421,2.488,4027338.0
1700823600000,2.489,2.523,2.471,2.489,4123489.0
1700827200000,2.49,2.506,2.468,2.49,2056018.0
1700830800000,2.491,2.5,2.456,2.482,1361738.0
1700834400000,2.482,2.544,2.472,2.513,4282928.0
1700838000000,2.513,2.528,2.454,2.471,4626640.0
1700841600000,2.47,2.547,2.47,2.518,3805269.0
1700845200000,2.519,2.572,2.517,2.542,3528727.0
1700848800000,2.543,2.561,2.519,2.529,1580065.0
1700852400000,2.529,2.53,2.481,2.491,1952601.0
1700856000000,2.492,2.523,2.487,2.519,702730.0
1700859600000,2.519,2.549,2.51,2.514,1293220.0
1700863200000,2.514,2.522,2.46,2.481,1406610.0
1700866800000,2.483,2.486,2.435,2.478,1874617.0
1700870400000,2.478,2.539,2.441,2.537,2110140.0
1700874000000,2.537,2.609,2.532,2.596,3686472.0
1700877600000,2.596,2.648,2.575,2.58,4311424.0
1700881200000,2.58,2.595,2.561,2.588,1642507.0
1700884800000,2.588,2.623,2.56,2.614,2185868.0
1700888400000,2.615,2.643,2.603,2.623,2815673.0
1700892000000,2.623,2.676,2.616,2.638,4363498.0
1700895600000,2.638,2.687,2.637,2.658,3495594.0
1700899200000,2.657,2.67,2.585,2.61,4786587.0
1700902800000,2.611,2.631,2.603,2.624,1755501.0
1700906400000,2.624,2.69,2.619,2.664,6567441.0
1700910000000,2.664,2.684,2.633,2.68,4374533.0
1700913600000,2.681,2.715,2.66,2.708,3807030.0
1700917200000,2.708,2.764,2.691,2.759,7661408.0
1700920800000,2.76,2.794,2.724,2.777,6783360.0
1700924400000,2.776,2.783,2.718,2.722,4395907.0
1700928000000,2.723,2.756,2.706,2.744,3446167.0
1700931600000,2.745,2.788,2.737,2.767,3066776.0
1700935200000,2.767,2.847,2.766,2.84,5049724.0
1700938800000,2.84,2.883,2.811,2.818,4373115.0
1700942400000,2.818,2.843,2.792,2.818,2109066.0
1700946000000,2.818,2.847,2.814,2.818,1466413.0
1700949600000,2.817,2.82,2.75,2.764,2520833.0
1700953200000,2.764,2.769,2.725,2.733,3187737.0
1700956800000,2.734,2.762,2.705,2.744,2889391.0
1700960400000,2.744,2.752,2.676,2.712,3809446.0
1700964000000,2.713,2.733,2.698,2.71,2143862.0
1700967600000,2.71,2.723,2.66,2.672,2941551.0
1700971200000,2.672,2.703,2.654,2.69,2612904.0
1700974800000,2.688,2.716,2.684,2.696,1790569.0
1700978400000,2.696,2.709,2.65,2.666,2698216.0
1700982000000,2.666,2.681,2.648,2.657,1501203.0
1700985600000,2.657,2.679,2.638,2.666,2227962.0
1700989200000,2.665,2.699,2.652,2.66,2246793.0
1700992800000,2.66,2.684,2.638,2.66,2029228.0
1700996400000,2.661,2.682,2.653,2.68,1748793.0
1701000000000,2.68,2.737,2.645,2.723,5529776.0
1701003600000,2.723,2.732,2.686,2.697,3145152.0
1701007200000,2.698,2.699,2.611,2.688,6650485.0
1701010800000,2.689,2.717,2.654,2.676,3308077.0
1701014400000,2.676,2.701,2.558,2.634,9458575.0
1701018000000,2.635,2.662,2.633,2.65,1697101.0
1701021600000,2.65,2.671,2.619,2.667,1526838.0
1701025200000,2.667,2.725,2.666,2.718,2264752.0
1701028800000,2.718,2.725,2.687,2.692,1357402.0
1701032400000,2.693,2.702,2.679,2.689,732195.0
1701036000000,2.689,2.698,2.666,2.681,897415.0
1701039600000,2.681,2.683,2.649,2.659,1213980.0
1701043200000,2.659,2.693,2.626,2.642,2530697.0
1701046800000,2.641,2.664,2.613,2.631,1672981.0
1701050400000,2.63,2.638,2.616,2.622,1144257.0
1701054000000,2.62,2.626,2.576,2.612,3643012.0
1701057600000,2.611,2.654,2.603,2.622,1485411.0
1701061200000,2.621,2.659,2.619,2.652,1677015.0
1701064800000,2.651,2.672,2.611,2.624,2276780.0
1701068400000,2.623,2.71,2.619,2.708,5762491.0
1701072000000,2.708,2.776,2.69,2.766,7689688.0
1701075600000,2.765,2.785,2.662,2.673,6838842.0
1701079200000,2.674,2.676,2.529,2.567,10964614.0
1701082800000,2.567,2.578,2.502,2.541,6240718.0
1701086400000,2.542,2.545,2.454,2.481,8819640.0
1701090000000,2.481,2.511,2.472,2.494,2901586.0
1701093600000,2.493,2.518,2.47,2.515,2749863.0
1701097200000,2.515,2.564,2.498,2.506,3948084.0
1701100800000,2.505,2.523,2.453,2.518,4524369.0
1701104400000,2.519,2.52,2.482,2.487,1537718.0
1701108000000,2.488,2.497,2.474,2.478,846336.0
1701111600000,2.477,2.505,2.462,2.496,1852875.0
1701115200000,2.496,2.52,2.483,2.491,1283003.0
1701118800000,2.492,2.509,2.484,2.491,747013.0
1701122400000,2.491,2.499,2.454,2.496,1172268.0
1701126000000,2.496,2.512,2.487,2.508,941180.0
1701129600000,2.508,2.576,2.506,2.559,2464496.0
1701133200000,2.559,2.562,2.511,2.515,1567007.0
1701136800000,2.515,2.515,2.456,2.495,3313092.0
1701140400000,2.495,2.509,2.482,2.491,1080772.0
1701144000000,2.49,2.495,2.432,2.444,2160856.0
1701147600000,2.445,2.453,2.42,2.425,3347375.0
1701151200000,2.426,2.446,2.406,2.422,2455354.0
1701154800000,2.422,2.449,2.41,2.447,1875833.0
1701158400000,2.446,2.447,2.409,2.41,1745985.0
1701162000000,2.41,2.445,2.399,2.432,1982488.0
1701165600000,2.432,2.435,2.398,2.421,1535886.0
1701169200000,2.421,2.468,2.413,2.463,2618374.0
1701172800000,2.463,2.47,2.435,2.446,1523533.0
1701176400000,2.446,2.492,2.428,2.49,2093136.0
1701180000000,2.491,2.496,2.465,2.47,2829731.0
1701183600000,2.469,2.482,2.432,2.451,3255058.0
1701187200000,2.452,2.508,2.439,2.503,3395326.0
1701190800000,2.503,2.527,2.48,2.526,2925524.0
1701194400000,2.527,2.533,2.476,2.489,1567074.0
1701198000000,2.489,2.513,2.486,2.499,732758.0
1701201600000,2.498,2.518,2.479,2.516,614339.0
1701205200000,2.516,2.541,2.514,2.53,968054.0
1701208800000,2.529,2.544,2.508,2.528,688395.0
1701212400000,2.528,2.53,2.51,2.52,594160.0
1701216000000,2.52,2.533,2.508,2.519,752153.0
1701219600000,2.518,2.594,2.511,2.58,2683069.0
1701223200000,2.58,2.599,2.56,2.57,1588306.0
1701226800000,2.569,2.636,2.56,2.629,2738578.0
1701230400000,2.629,2.64,2.592,2.598,2553806.0
1701234000000,2.597,2.62,2.583,2.612,1342755.0
1701237600000,2.612,2.612,2.579,2.598,1541876.0
1701241200000,2.598,2.606,2.553,2.561,2466958.0
1701244800000,2.561,2.592,2.538,2.58,2523961.0
1701248400000,2.58,2.591,2.549,2.554,1586845.0
1701252000000,2.554,2.582,2.534,2.568,2098482.0
1701255600000,2.568,2.593,2.566,2.571,1124541.0
1701259200000,2.569,2.588,2.552,2.552,1711223.0
1701262800000,2.553,2.554,2.522,2.534,1923964.0
1701266400000,2.535,2.551,2.512,2.513,1753432.0
1701270000000,2.514,2.522,2.461,2.469,3236164.0
1701273600000,2.47,2.474,2.403,2.421,3060205.0
1701277200000,2.42,2.441,2.417,2.429,1027883.0
1701280800000,2.428,2.433,2.378,2.425,3164538.0
1701284400000,2.424,2.428,2.409,2.427,677401.0
1701288000000,2.426,2.426,2.397,2.399,433266.0
1701291600000,2.399,2.4,2.338,2.347,2714162.0
1701295200000,2.348,2.353,2.331,2.347,995005.0
1701298800000,2.348,2.348,2.322,2.342,1254227.0
1701302400000,2.341,2.364,2.323,2.326,1772158.0
1701306000000,2.327,2.364,2.315,2.342,2083006.0
1701309600000,2.342,2.39,2.337,2.384,1566254.0
1701313200000,2.384,2.398,2.359,2.397,1374923.0
1701316800000,2.397,2.414,2.391,2.397,1457666.0
1701320400000,2.397,2.403,2.364,2.376,1196193.0
1701324000000,2.376,2.393,2.356,2.383,1339302.0
1701327600000,2.383,2.403,2.37,2.394,1153725.0
1701331200000,2.393,2.403,2.363,2.385,1657923.0
1701334800000,2.385,2.391,2.366,2.375,579683.0
1701338400000,2.376,2.409,2.371,2.402,892706.0
1701342000000,2.402,2.417,2.391,2.396,1100150.0
1701345600000,2.398,2.406,2.378,2.389,978860.0
1701349200000,2.39,2.393,2.368,2.376,1253313.0
1701352800000,2.376,2.414,2.364,2.414,1290849.0
1701356400000,2.413,2.423,2.393,2.413,1572064.0
1701360000000,2.412,2.416,2.39,2.399,781749.0
1701363600000,2.398,2.405,2.382,2.392,626106.0
1701367200000,2.392,2.429,2.386,2.41,1124859.0
1701370800000,2.409,2.45,2.407,2.432,1484789.0
1701374400000,2.431,2.435,2.417,2.423,230043.0
1701378000000,2.422,2.437,2.415,2.43,337756.0
1701381600000,2.43,2.434,2.408,2.41,394545.0
1701385200000,2.41,2.438,2.403,2.435,610599.0
1701388800000,2.436,2.449,2.425,2.446,844101.0
1701392400000,2.447,2.474,2.443,2.469,1132749.0
1701396000000,2.47,2.475,2.445,2.468,1214538.0
1701399600000,2.468,2.496,2.463,2.477,1012073.0
1701403200000,2.476,2.504,2.471,2.496,1219207.0
1701406800000,2.496,2.522,2.491,2.499,1693868.0
1701410400000,2.5,2.507,2.479,2.485,896963.0
1701414000000,2.486,2.5,2.461,2.466,1718435.0
1701417600000,2.467,2.475,2.45,2.461,1308635.0
1701421200000,2.46,2.477,2.455,2.461,1016509.0
1701424800000,2.461,2.467,2.434,2.446,1241431.0
1701428400000,2.446,2.456,2.439,2.443,574645.0
1701432000000,2.443,2.449,2.419,2.429,1185530.0
1701435600000,2.43,2.436,2.42,2.428,480117.0
1701439200000,2.428,2.436,2.385,2.396,1599121.0
1701442800000,2.396,2.405,2.381,2.399,1174018.0
1701446400000,2.399,2.43,2.386,2.411,1628040.0
1701450000000,2.412,2.413,2.371,2.381,1534675.0
1701453600000,2.38,2.405,2.378,2.389,755958.0
1701457200000,2.389,2.403,2.387,2.398,409525.0
1701460800000,2.398,2.402,2.385,2.388,316510.0
1701464400000,2.388,2.413,2.387,2.408,399494.0
1701468000000,2.408,2.41,2.394,2.396,347500.0
1701471600000,2.396,2.413,2.393,2.401,505855.0
1701475200000,2.4,2.438,2.397,2.433,1171769.0
1701478800000,2.434,2.439,2.416,2.42,644822.0
1701482400000,2.42,2.429,2.415,2.423,430319.0
1701486000000,2.423,2.439,2.414,2.421,604967.0
1701489600000,2.421,2.44,2.409,2.436,777364.0
1701493200000,2.437,2.44,2.42,2.438,674617.0
1701496800000,2.439,2.444,2.404,2.414,1402361.0
1701500400000,2.414,2.424,2.406,2.42,592324.0
1701504000000,2.419,2.442,2.419,2.431,724024.0
1701507600000,2.432,2.441,2.425,2.434,959215.0
1701511200000,2.435,2.447,2.426,2.432,846135.0
1701514800000,2.432,2.44,2.421,2.433,452125.0
1701518400000,2.433,2.448,2.422,2.446,644599.0
1701522000000,2.446,2.502,2.446,2.475,3352467.0
1701525600000,2.475,2.496,2.423,2.442,3032607.0
1701529200000,2.443,2.452,2.425,2.445,2062456.0
1701532800000,2.444,2.496,2.437,2.476,2982891.0
1701536400000,2.476,2.532,2.474,2.531,1898558.0
1701540000000,2.53,2.546,2.507,2.52,1760580.0
1701543600000,2.521,2.539,2.506,2.531,2003551.0
1701547200000,2.532,2.6,2.525,2.574,2060706.0
1701550800000,2.573,2.586,2.551,2.567,895990.0
1701554400000,2.567,2.567,2.524,2.541,1118422.0
1701558000000,2.542,2.559,2.542,2.555,445661.0
1701561600000,2.554,2.555,2.528,2.553,1215371.0
1701565200000,2.552,2.593,2.552,2.585,1407537.0
1701568800000,2.585,2.61,2.568,2.576,2206859.0
1701572400000,2.575,2.584,2.528,2.555,1885387.0
1701576000000,2.555,2.578,2.539,2.546,908934.0
1701579600000,2.546,2.547,2.521,2.531,820414.0
1701583200000,2.532,2.533,2.513,2.528,960031.0
1701586800000,2.527,2.53,2.501,2.509,952167.0
1701590400000,2.509,2.535,2.502,2.531,1713476.0
1701594000000,2.53,2.542,2.523,2.534,640490.0
1701597600000,2.534,2.534,2.516,2.524,934433.0
1701601200000,2.525,2.525,2.469,2.482,2172359.0
1701604800000,2.482,2.5,2.446,2.461,2140718.0
1701608400000,2.46,2.477,2.44,2.456,1620496.0
1701612000000,2.456,2.463,2.436,2.445,1098663.0
1701615600000,2.445,2.469,2.429,2.451,1971502.0
1701619200000,2.451,2.486,2.449,2.481,1187879.0
1701622800000,2.481,2.482,2.42,2.429,1601261.0
1701626400000,2.429,2.44,2.426,2.427,511407.0
1701630000000,2.427,2.439,2.426,2.429,361930.0
1701633600000,2.43,2.45,2.426,2.437,902673.0
1701637200000,2.438,2.441,2.421,2.439,762402.0
1701640800000,2.439,2.49,2.433,2.476,1480920.0
1701644400000,2.475,2.486,2.442,2.465,1369342.0
1701648000000,2.465,2.503,2.453,2.502,1730054.0
1701651600000,2.501,2.569,2.484,2.555,3676594.0
1701655200000,2.554,2.564,2.528,2.534,1668141.0
1701658800000,2.534,2.541,2.515,2.519,1333229.0
1701662400000,2.519,2.554,2.519,2.546,1051673.0
1701666000000,2.547,2.558,2.515,2.522,2008470.0
1701669600000,2.523,2.56,2.494,2.557,2041144.0
1701673200000,2.558,2.579,2.54,2.548,1813268.0
1701676800000,2.549,2.561,2.532,2.539,997174.0
1701680400000,2.54,2.54,2.471,2.477,1946084.0
1701684000000,2.477,2.508,2.476,2.488,984284.0
1701687600000,2.487,2.493,2.294,2.418,11373018.0
1701691200000,2.417,2.436,2.395,2.435,2256553.0
1701694800000,2.435,2.438,2.365,2.381,1996833.0
1701698400000,2.382,2.389,2.347,2.376,2378866.0
1701702000000,2.375,2.385,2.355,2.366,1397064.0
1701705600000,2.367,2.431,2.361,2.427,1543410.0
1701709200000,2.426,2.431,2.395,2.408,1026238.0
1701712800000,2.408,2.423,2.406,2.422,354666.0
1701716400000,2.421,2.437,2.408,2.426,795913.0
1701720000000,2.426,2.432,2.41,2.418,368188.0
1701723600000,2.418,2.448,2.418,2.442,645551.0
1701727200000,2.442,2.466,2.411,2.432,902528.0
1701730800000,2.432,2.465,2.428,2.464,874635.0
1701734400000,2.464,2.54,2.439,2.51,2105968.0
1701738000000,2.51,2.522,2.462,2.467,1822858.0
1701741600000,2.466,2.469,2.415,2.422,1855903.0
1701745200000,2.423,2.468,2.42,2.445,918359.0
1701748800000,2.446,2.461,2.43,2.446,675678.0
1701752400000,2.447,2.471,2.44,2.458,671683.0
1701756000000,2.459,2.463,2.424,2.435,1163036.0
1701759600000,2.436,2.439,2.367,2.398,2187011.0
1701763200000,2.398,2.414,2.385,2.402,871800.0
1701766800000,2.403,2.418,2.4,2.404,517960.0
1701770400000,2.404,2.41,2.379,2.381,478364.0
1701774000000,2.381,2.412,2.371,2.394,858641.0
1701777600000,2.394,2.432,2.389,2.419,1529521.0
1701781200000,2.418,2.428,2.394,2.404,983298.0
1701784800000,2.403,2.452,2.398,2.443,1466375.0
1701788400000,2.444,2.469,2.432,2.453,1190937.0
1701792000000,2.453,2.463,2.419,2.436,1661380.0
1701795600000,2.438,2.466,2.415,2.466,1828789.0
1701799200000,2.467,2.489,2.462,2.466,1631092.0
1701802800000,2.467,2.497,2.464,2.494,600352.0
1701806400000,2.494,2.503,2.471,2.486,661635.0
1701810000000,2.486,2.487,2.451,2.453,788303.0
1701813600000,2.453,2.455,2.424,2.438,646362.0
1701817200000,2.439,2.469,2.438,2.452,536912.0
1701820800000,2.453,2.486,2.453,2.478,1151232.0
1701824400000,2.478,2.488,2.458,2.481,858006.0
1701828000000,2.481,2.49,2.44,2.455,710026.0
1701831600000,2.455,2.461,2.43,2.451,715237.0
1701835200000,2.451,2.529,2.45,2.516,3595544.0
1701838800000,2.516,2.528,2.406,2.446,4312850.0
1701842400000,2.445,2.454,2.4,2.444,2080177.0
1701846000000,2.445,2.481,2.424,2.471,1775383.0
1701849600000,2.47,2.547,2.47,2.534,3415865.0
1701853200000,2.534,2.539,2.474,2.479,1943835.0
1701856800000,2.48,2.528,2.477,2.504,2001793.0
1701860400000,2.504,2.513,2.396,2.434,4887397.0
1701864000000,2.433,2.462,2.426,2.457,1097662.0
1701867600000,2.456,2.486,2.428,2.436,1594615.0
1701871200000,2.435,2.52,2.417,2.429,5526433.0
1701874800000,2.429,2.473,2.422,2.464,1191533.0
1701878400000,2.465,2.5,2.463,2.484,1144610.0
1701882000000,2.484,2.497,2.472,2.481,957235.0
1701885600000,2.481,2.496,2.467,2.493,485821.0
1701889200000,2.493,2.507,2.484,2.496,346735.0
1701892800000,2.496,2.505,2.457,2.457,488174.0
1701896400000,2.458,2.48,2.434,2.446,625477.0
1701900000000,2.447,2.462,2.408,2.427,598082.0
1701903600000,2.428,2.439,2.414,2.431,751834.0
1701907200000,2.43,2.49,2.426,2.47,861031.0
1701910800000,2.471,2.484,2.439,2.451,666481.0
1701914400000,2.452,2.461,2.434,2.439,384083.0
1701918000000,2.438,2.441,2.421,2.435,551274.0
1701921600000,2.436,2.46,2.433,2.446,503299.0
1701925200000,2.448,2.46,2.441,2.451,358681.0
1701928800000,2.451,2.455,2.434,2.443,435012.0
1701932400000,2.443,2.452,2.437,2.44,304914.0
1701936000000,2.44,2.45,2.397,2.401,1729339.0
1701939600000,2.402,2.41,2.335,2.379,4203248.0
1701943200000,2.378,2.387,2.36,2.367,808126.0
1701946800000,2.366,2.386,2.364,2.373,632841.0
1701950400000,2.372,2.405,2.358,2.404,1004124.0
1701954000000,2.405,2.405,2.385,2.394,476725.0
1701957600000,2.394,2.407,2.383,2.398,493302.0
1701961200000,2.398,2.44,2.398,2.43,1619789.0
1701964800000,2.431,2.519,2.417,2.487,3317238.0
1701968400000,2.488,2.521,2.475,2.505,1995645.0
1701972000000,2.506,2.515,2.474,2.481,795766.0
1701975600000,2.481,2.482,2.442,2.455,802705.0
1701979200000,2.456,2.473,2.449,2.472,344494.0
1701982800000,2.472,2.499,2.467,2.497,378517.0
1701986400000,2.498,2.505,2.48,2.482,329207.0
1701990000000,2.483,2.515,2.483,2.502,586909.0
1701993600000,2.502,2.514,2.488,2.489,586257.0
1701997200000,2.489,2.501,2.472,2.488,459008.0
1702000800000,2.487,2.512,2.482,2.512,436553.0
1702004400000,2.512,2.529,2.502,2.521,784616.0
1702008000000,2.521,2.537,2.508,2.514,853808.0
1702011600000,2.515,2.539,2.506,2.536,631108.0
1702015200000,2.536,2.548,2.52,2.525,740521.0
1702018800000,2.526,2.526,2.484,2.487,892242.0
1702022400000,2.487,2.492,2.463,2.468,764326.0
1702026000000,2.468,2.49,2.466,2.473,574179.0
1702029600000,2.474,2.5,2.471,2.498,458239.0
1702033200000,2.498,2.519,2.497,2.509,668997.0
1702036800000,2.509,2.526,2.498,2.513,590409.0
1702040400000,2.514,2.529,2.437,2.439,3563015.0
1702044000000,2.44,2.461,2.429,2.452,1178907.0
1702047600000,2.452,2.459,2.437,2.443,383749.0
1702051200000,2.443,2.475,2.442,2.464,680671.0
1702054800000,2.464,2.471,2.439,2.458,443884.0
1702058400000,2.459,2.463,2.448,2.456,186813.0
1702062000000,2.456,2.469,2.455,2.467,239474.0
1702065600000,2.466,2.481,2.464,2.479,232777.0
1702069200000,2.479,2.487,2.466,2.483,438793.0
1702072800000,2.483,2.485,2.465,2.471,257981.0
1702076400000,2.471,2.489,2.471,2.487,338316.0
1702080000000,2.487,2.521,2.487,2.514,578955.0
1702083600000,2.514,2.515,2.476,2.502,946627.0
1702087200000,2.501,2.512,2.494,2.503,429976.0
1702090800000,2.503,2.511,2.496,2.497,345987.0
1702094400000,2.497,2.529,2.491,2.528,453236.0
1702098000000,2.527,2.528,2.513,2.525,685198.0
1702101600000,2.525,2.53,2.504,2.507,577742.0
1702105200000,2.508,2.524,2.498,2.518,490012.0
1702108800000,2.518,2.543,2.438,2.478,4039640.0
1702112400000,2.477,2.496,2.453,2.464,1067587.0
1702116000000,2.464,2.485,2.46,2.478,455127.0
1702119600000,2.478,2.484,2.465,2.479,319679.0
1702123200000,2.478,2.517,2.47,2.502,969516.0
1702126800000,2.501,2.518,2.495,2.511,661489.0
1702130400000,2.511,2.548,2.481,2.51,2250086.0
1702134000000,2.509,2.533,2.487,2.531,968271.0
1702137600000,2.53,2.591,2.506,2.532,2955542.0
1702141200000,2.531,2.532,2.486,2.492,1611646.0
1702144800000,2.492,2.505,2.471,2.498,753165.0
1702148400000,2.498,2.522,2.494,2.511,311408.0
1702152000000,2.51,2.519,2.48,2.496,337021.0
1702155600000,2.495,2.513,2.476,2.509,346388.0
1702159200000,2.51,2.517,2.487,2.494,334760.0
1702162800000,2.494,2.503,2.44,2.486,1451145.0
1702166400000,2.487,2.601,2.482,2.573,3163355.0
1702170000000,2.574,2.625,2.547,2.606,1961655.0
1702173600000,2.607,2.619,2.59,2.6,1436480.0
1702177200000,2.599,2.607,2.568,2.573,1285372.0
1702180800000,2.574,2.603,2.572,2.591,1103066.0
1702184400000,2.592,2.617,2.578,2.611,767281.0
1702188000000,2.611,2.69,2.607,2.676,3576561.0
1702191600000,2.675,2.685,2.621,2.63,2773238.0
1702195200000,2.629,2.637,2.562,2.584,2922887.0
1702198800000,2.583,2.59,2.543,2.549,2392013.0
1702202400000,2.549,2.619,2.547,2.617,1821414.0
1702206000000,2.617,2.619,2.592,2.601,749072.0
1702209600000,2.601,2.613,2.583,2.601,803513.0
1702213200000,2.601,2.658,2.589,2.647,2091019.0
1702216800000,2.647,2.655,2.61,2.621,1873423.0
1702220400000,2.621,2.649,2.621,2.643,617200.0
1702224000000,2.642,2.661,2.611,2.633,1562040.0
1702227600000,2.632,2.667,2.623,2.655,1603203.0
1702231200000,2.656,2.688,2.654,2.667,1264993.0
1702234800000,2.668,2.672,2.642,2.652,694601.0
1702238400000,2.651,2.68,2.634,2.68,1190123.0
1702242000000,2.68,2.74,2.662,2.736,2600977.0
1702245600000,2.736,2.75,2.703,2.716,1321030.0
1702249200000,2.716,2.719,2.662,2.689,1478823.0
1702252800000,2.688,2.701,2.637,2.645,1413623.0
1702256400000,2.646,2.692,2.607,2.683,2622836.0
1702260000000,2.683,2.684,2.327,2.57,15283911.0
1702263600000,2.57,2.661,2.565,2.597,4487245.0
1702267200000,2.597,2.617,2.525,2.526,3823520.0
1702270800000,2.526,2.553,2.466,2.504,4592655.0
1702274400000,2.504,2.505,2.417,2.463,4470714.0
1702278000000,2.463,2.483,2.442,2.455,1464113.0
1702281600000,2.456,2.518,2.444,2.516,1897064.0
1702285200000,2.515,2.531,2.488,2.502,1430940.0
1702288800000,2.502,2.52,2.498,2.498,557367.0
1702292400000,2.499,2.517,2.489,2.508,677991.0
1702296000000,2.507,2.511,2.471,2.484,817692.0
1702299600000,2.485,2.489,2.438,2.459,1756705.0
1702303200000,2.46,2.472,2.429,2.446,1515592.0
1702306800000,2.446,2.478,2.435,2.464,1404923.0
1702310400000,2.464,2.464,2.436,2.462,1251337.0
1702314000000,2.461,2.461,2.412,2.419,1080135.0
1702317600000,2.418,2.423,2.367,2.411,4272302.0
1702321200000,2.411,2.414,2.365,2.406,1273607.0
1702324800000,2.405,2.414,2.394,2.411,617109.0
1702328400000,2.41,2.437,2.41,2.436,660206.0
1702332000000,2.435,2.452,2.43,2.442,525655.0
1702335600000,2.441,2.452,2.431,2.447,581219.0
1702339200000,2.446,2.478,2.439,2.476,885937.0
1702342800000,2.477,2.498,2.472,2.478,870974.0
1702346400000,2.479,2.496,2.476,2.487,647298.0
1702350000000,2.488,2.492,2.466,2.472,846849.0
1702353600000,2.472,2.485,2.447,2.449,719119.0
1702357200000,2.45,2.475,2.449,2.453,844089.0
1702360800000,2.453,2.465,2.428,2.456,1227525.0
1702364400000,2.455,2.487,2.449,2.477,1081382.0
1702368000000,2.477,2.479,2.442,2.455,1099276.0
1702371600000,2.455,2.46,2.432,2.452,843524.0
1702375200000,2.452,2.458,2.415,2.428,1852536.0
1702378800000,2.428,2.43,2.391,2.393,1102311.0
1702382400000,2.392,2.437,2.383,2.423,1369282.0
1702386000000,2.423,2.449,2.409,2.435,1493940.0
1702389600000,2.434,2.437,2.392,2.408,1023654.0
1702393200000,2.408,2.423,2.385,2.407,1763971.0
1702396800000,2.406,2.414,2.376,2.392,904911.0
1702400400000,2.392,2.392,2.351,2.366,1175991.0
1702404000000,2.365,2.44,2.361,2.406,2301135.0
1702407600000,2.405,2.406,2.38,2.398,626906.0
1702411200000,2.397,2.406,2.379,2.401,380042.0
1702414800000,2.402,2.413,2.375,2.381,384966.0
1702418400000,2.38,2.411,2.374,2.401,378015.0
1702422000000,2.401,2.427,2.4,2.416,596117.0
1702425600000,2.416,2.419,2.388,2.391,493514.0
1702429200000,2.392,2.396,2.346,2.348,1519926.0
1702432800000,2.348,2.367,2.319,2.359,2479107.0
1702436400000,2.36,2.372,2.327,2.331,1317180.0
1702440000000,2.33,2.348,2.31,2.343,1070578.0
1702443600000,2.342,2.348,2.326,2.348,297494.0
1702447200000,2.347,2.355,2.31,2.316,889815.0
1702450800000,2.317,2.347,2.301,2.338,908156.0
1702454400000,2.338,2.362,2.337,2.354,459327.0
1702458000000,2.355,2.36,2.344,2.355,290910.0
1702461600000,2.356,2.358,2.33,2.347,427434.0
1702465200000,2.348,2.359,2.331,2.337,357079.0
1702468800000,2.336,2.359,2.332,2.351,351387.0
1702472400000,2.352,2.373,2.35,2.366,653797.0
1702476000000,2.366,2.581,2.366,2.457,16560786.0
1702479600000,2.456,2.543,2.45,2.534,4104340.0
1702483200000,2.533,2.546,2.472,2.489,2640272.0
1702486800000,2.489,2.498,2.446,2.476,1439490.0
1702490400000,2.476,2.488,2.464,2.486,689799.0
1702494000000,2.487,2.528,2.486,2.526,1334676.0
1702497600000,2.526,2.556,2.515,2.545,995981.0
1702501200000,2.545,2.571,2.542,2.567,665466.0
1702504800000,2.568,2.579,2.533,2.534,767837.0
1702508400000,2.535,2.552,2.509,2.518,942175.0
1702512000000,2.519,2.533,2.505,2.533,612936.0
1702515600000,2.533,2.552,2.523,2.524,923311.0
1702519200000,2.524,2.529,2.504,2.517,773524.0
1702522800000,2.517,2.528,2.496,2.51,570300.0
1702526400000,2.511,2.537,2.506,2.511,829284.0
1702530000000,2.511,2.578,2.511,2.566,1731845.0
1702533600000,2.566,2.577,2.544,2.57,1123778.0
1702537200000,2.57,2.576,2.553,2.572,635582.0
1702540800000,2.572,2.64,2.568,2.595,3722263.0
1702544400000,2.594,2.629,2.58,2.59,1458454.0
1702548000000,2.589,2.593,2.56,2.586,961826.0
1702551600000,2.586,2.604,2.571,2.601,850482.0
1702555200000,2.602,2.62,2.58,2.607,1150909.0
1702558800000,2.606,2.608,2.43,2.57,6863092.0
1702562400000,2.57,2.573,2.532,2.548,1122986.0
1702566000000,2.548,2.574,2.542,2.568,767603.0
1702569600000,2.569,2.588,2.558,2.582,860685.0
1702573200000,2.582,2.618,2.581,2.599,983664.0
1702576800000,2.6,2.627,2.598,2.6,791799.0
1702580400000,2.601,2.602,2.583,2.596,737864.0
1702584000000,2.595,2.615,2.577,2.602,307871.0
1702587600000,2.601,2.623,2.6,2.609,431348.0
1702591200000,2.609,2.631,2.602,2.614,381392.0
1702594800000,2.614,2.678,2.608,2.612,1930076.0
1702598400000,2.613,2.634,2.57,2.614,2044676.0
1702602000000,2.614,2.65,2.611,2.648,1386248.0
1702605600000,2.649,2.685,2.631,2.654,1790018.0
1702609200000,2.654,2.693,2.651,2.692,1154690.0
1702612800000,2.693,2.695,2.662,2.695,866660.0
1702616400000,2.694,2.721,2.642,2.644,2724231.0
1702620000000,2.645,2.661,2.622,2.636,1371280.0
1702623600000,2.636,2.644,2.587,2.594,1523373.0
1702627200000,2.595,2.678,2.591,2.673,1881044.0
1702630800000,2.674,2.683,2.638,2.663,1448818.0
1702634400000,2.664,2.673,2.644,2.656,751631.0
1702638000000,2.655,2.656,2.605,2.615,960156.0
1702641600000,2.615,2.622,2.59,2.597,1257068.0
1702645200000,2.596,2.597,2.552,2.571,2777063.0
1702648800000,2.571,2.585,2.526,2.543,1917821.0
1702652400000,2.543,2.554,2.512,2.537,1315562.0
1702656000000,2.538,2.564,2.522,2.543,1106890.0
1702659600000,2.542,2.558,2.519,2.52,737603.0
1702663200000,2.52,2.568,2.517,2.566,480714.0
1702666800000,2.566,2.582,2.549,2.552,778772.0
1702670400000,2.553,2.58,2.546,2.579,553624.0
1702674000000,2.579,2.586,2.563,2.568,319328.0
1702677600000,2.568,2.569,2.506,2.513,881468.0
1702681200000,2.513,2.521,2.46,2.466,1561814.0
1702684800000,2.466,2.478,2.415,2.455,1733856.0
1702688400000,2.456,2.603,2.454,2.559,3376965.0
1702692000000,2.558,2.578,2.535,2.564,864623.0
1702695600000,2.566,2.568,2.521,2.535,736105.0
1702699200000,2.536,2.537,2.508,2.526,700713.0
1702702800000,2.526,2.564,2.526,2.56,691889.0
1702706400000,2.559,2.592,2.554,2.589,669237.0
1702710000000,2.59,2.594,2.57,2.588,585308.0
1702713600000,2.588,2.667,2.585,2.641,3027093.0
1702717200000,2.641,3.273,2.638,3.204,19670314.0
1702720800000,3.204,3.22,3.016,3.054,10006323.0
1702724400000,3.054,3.057,2.902,2.995,7439273.0
1702728000000,2.995,3.118,2.993,3.095,6379587.0
1702731600000,3.095,3.199,3.069,3.183,5306506.0
1702735200000,3.182,3.293,3.161,3.237,8490829.0
1702738800000,3.236,3.278,3.153,3.256,7203107.0
1702742400000,3.256,4.147,3.219,3.668,18854041.0
1702746000000,3.668,4.6,3.624,4.374,28631091.0
1702749600000,4.373,4.373,3.958,4.106,15379123.0
1702753200000,4.105,4.125,3.82,3.924,8623314.0
1702756800000,3.925,4.02,3.841,3.897,6369029.0
1702760400000,3.898,3.902,3.67,3.7,7839360.0
1702764000000,3.701,3.835,3.61,3.81,5400846.0
1702767600000,3.811,3.844,3.734,3.813,3556937.0
1702771200000,3.812,3.93,3.718,3.808,6324971.0
1702774800000,3.808,3.978,3.772,3.903,7085182.0
1702778400000,3.902,3.947,3.818,3.834,6121270.0
1702782000000,3.834,3.92,3.723,3.842,6717607.0
1702785600000,3.841,4.148,3.818,4.045,11395831.0
1702789200000,4.045,4.085,3.831,3.886,7274415.0
1702792800000,3.886,3.963,3.783,3.935,7418231.0
1702796400000,3.935,4.023,3.88,3.905,7277980.0
1702800000000,3.904,4.1,3.855,4.08,7289464.0
1702803600000,4.079,4.194,3.985,4.145,9492390.0
1702807200000,4.143,4.332,4.105,4.25,10705349.0
1702810800000,4.249,4.39,4.103,4.163,9297062.0
1702814400000,4.163,4.202,3.995,4.101,7449838.0
1702818000000,4.102,4.221,4.023,4.154,6909641.0
1702821600000,4.154,4.299,4.137,4.148,7902210.0
1702825200000,4.149,4.763,4.088,4.684,19626088.0
1702828800000,4.684,4.8,4.395,4.46,17583903.0
1702832400000,4.459,4.541,4.201,4.279,9609092.0
1702836000000,4.278,4.392,4.205,4.374,4268010.0
1702839600000,4.373,4.446,4.351,4.408,2787589.0
1702843200000,4.409,4.688,4.406,4.608,5968024.0
1702846800000,4.61,4.694,4.445,4.487,4570165.0
1702850400000,4.487,4.525,4.339,4.387,2998851.0
1702854000000,4.387,4.399,4.064,4.207,7231979.0
1702857600000,4.205,4.358,4.091,4.158,6827616.0
1702861200000,4.158,4.223,3.963,4.04,8007110.0
1702864800000,4.04,4.183,4.021,4.112,5525180.0
1702868400000,4.112,4.242,4.096,4.213,3989693.0
1702872000000,4.211,4.216,4.041,4.095,4338099.0
1702875600000,4.096,4.15,4.011,4.043,3095763.0
1702879200000,4.042,4.165,4.041,4.127,3994863.0
1702882800000,4.127,4.179,3.744,3.803,13201906.0
1702886400000,3.803,3.88,3.738,3.828,5534971.0
1702890000000,3.83,3.927,3.754,3.916,6627325.0
1702893600000,3.916,3.943,3.779,3.899,6194909.0
1702897200000,3.898,3.965,3.889,3.924,3307674.0
1702900800000,3.923,4.0,3.862,3.886,3791344.0
1702904400000,3.886,3.973,3.853,3.947,3253133.0
1702908000000,3.947,4.161,3.935,4.046,7286105.0
1702911600000,4.048,4.054,3.86,3.875,6730715.0
1702915200000,3.874,3.904,3.644,3.749,8552578.0
1702918800000,3.75,3.814,3.736,3.793,2969279.0
1702922400000,3.793,3.857,3.759,3.851,2006133.0
1702926000000,3.852,3.906,3.822,3.866,1621507.0
1702929600000,3.866,3.895,3.818,3.853,1644022.0
1702933200000,3.853,3.948,3.853,3.928,1801274.0
1702936800000,3.929,3.96,3.893,3.96,1060273.0
1702940400000,3.958,3.969,3.881,3.941,1490854.0
1702944000000,3.942,3.966,3.896,3.908,2135758.0
1702947600000,3.909,4.129,3.873,4.125,4603952.0
1702951200000,4.124,4.314,4.077,4.119,5790824.0
1702954800000,4.119,4.215,4.092,4.174,2171460.0
1702958400000,4.175,4.222,4.1,4.119,2630512.0
1702962000000,4.122,4.331,4.095,4.245,3615732.0
1702965600000,4.244,4.245,4.14,4.153,2493914.0
1702969200000,4.152,4.186,4.097,4.123,2071987.0
1702972800000,4.122,4.123,4.002,4.012,3011599.0
1702976400000,4.011,4.029,3.888,3.904,3686712.0
1702980000000,3.901,3.932,3.834,3.912,3615772.0
1702983600000,3.913,3.985,3.898,3.978,2244510.0
1702987200000,3.979,4.123,3.972,4.115,4450436.0
1702990800000,4.116,4.184,3.856,3.989,7231180.0
1702994400000,3.989,4.004,3.852,3.872,5367214.0
1702998000000,3.873,3.958,3.778,3.81,4983613.0
1703001600000,3.811,3.902,3.759,3.882,3423117.0
1703005200000,3.882,3.914,3.761,3.79,3229173.0
1703008800000,3.79,3.846,3.706,3.838,2439827.0
1703012400000,3.839,3.887,3.829,3.841,1089808.0
1703016000000,3.842,3.888,3.775,3.79,1230548.0
1703019600000,3.791,3.826,3.784,3.795,873800.0
1703023200000,3.796,3.803,3.7,3.721,1028771.0
1703026800000,3.722,3.759,3.677,3.723,1232125.0
1703030400000,3.724,3.781,3.69,3.77,1925155.0
1703034000000,3.769,3.811,3.459,3.592,4622275.0
1703037600000,3.592,3.629,3.424,3.573,7082932.0
1703041200000,3.573,3.577,3.471,3.518,2282531.0
1703044800000,3.518,3.598,3.505,3.576,2233242.0
1703048400000,3.575,3.607,3.542,3.58,1608136.0
1703052000000,3.579,3.609,3.549,3.552,1163239.0
1703055600000,3.551,3.577,3.517,3.542,1723399.0
1703059200000,3.542,3.593,3.512,3.591,1932042.0
1703062800000,3.591,3.644,3.574,3.605,1748090.0
1703066400000,3.606,3.606,3.548,3.564,1121138.0
1703070000000,3.565,3.587,3.52,3.559,1499100.0
1703073600000,3.559,3.569,3.519,3.55,1264909.0
1703077200000,3.549,3.779,3.545,3.731,5823730.0
1703080800000,3.73,3.77,3.622,3.639,3734906.0
1703084400000,3.639,3.745,3.632,3.673,2081861.0
1703088000000,3.673,3.715,3.551,3.598,3100858.0
1703091600000,3.6,3.631,3.559,3.576,1687630.0
1703095200000,3.577,3.608,3.548,3.555,1101066.0
1703098800000,3.555,3.572,3.52,3.532,1321770.0
1703102400000,3.532,3.542,3.455,3.465,2230902.0
1703106000000,3.465,3.489,3.409,3.435,1468816.0
1703109600000,3.436,3.504,3.417,3.483,955115.0
1703113200000,3.482,3.497,3.44,3.496,953058.0
1703116800000,3.495,3.508,3.447,3.47,1224278.0
1703120400000,3.471,3.494,3.443,3.489,1039736.0
1703124000000,3.49,3.525,3.46,3.5,1218243.0
1703127600000,3.5,3.577,3.479,3.571,1394270.0
1703131200000,3.57,3.596,3.52,3.549,1115460.0
1703134800000,3.549,3.656,3.509,3.615,2866081.0
1703138400000,3.615,3.768,3.604,3.758,4220054.0
1703142000000,3.757,3.77,3.644,3.673,2326632.0
1703145600000,3.674,3.757,3.67,3.754,1788450.0
1703149200000,3.754,3.768,3.587,3.65,3118126.0
1703152800000,3.649,3.694,3.629,3.645,1711309.0
1703156400000,3.645,3.838,3.635,3.773,3388481.0
1703160000000,3.772,3.865,3.724,3.832,3209592.0
1703163600000,3.831,3.869,3.734,3.76,2771214.0
1703167200000,3.76,3.761,3.635,3.668,2862832.0
1703170800000,3.67,3.723,3.612,3.635,1828120.0
1703174400000,3.635,3.669,3.561,3.62,1859658.0
1703178000000,3.621,3.649,3.585,3.615,951229.0
1703181600000,3.616,3.64,3.568,3.587,616161.0
1703185200000,3.587,3.61,3.532,3.562,1147767.0
1703188800000,3.563,3.597,3.55,3.594,878116.0
1703192400000,3.595,3.596,3.524,3.556,1175063.0
1703196000000,3.558,3.592,3.534,3.581,542211.0
1703199600000,3.581,3.583,3.511,3.531,870015.0
1703203200000,3.531,3.666,3.531,3.658,2115578.0
1703206800000,3.658,3.72,3.652,3.708,1852003.0
1703210400000,3.709,3.716,3.581,3.598,2061488.0
1703214000000,3.599,3.648,3.557,3.645,1320530.0
1703217600000,3.645,3.691,3.592,3.689,1185016.0
1703221200000,3.687,3.772,3.675,3.71,2526072.0
1703224800000,3.709,3.71,3.56,3.583,3317064.0
1703228400000,3.584,3.62,3.525,3.583,2599963.0
1703232000000,3.583,3.624,3.556,3.567,1810472.0
1703235600000,3.569,3.583,3.467,3.521,3106663.0
1703239200000,3.521,3.538,3.488,3.507,1109600.0
1703242800000,3.509,3.552,3.493,3.537,995720.0
1703246400000,3.537,3.544,3.474,3.5,1313356.0
1703250000000,3.499,3.571,3.476,3.551,1270541.0
1703253600000,3.551,3.56,3.469,3.509,1737593.0
1703257200000,3.509,3.545,3.46,3.535,1681715.0
1703260800000,3.534,3.639,3.534,3.626,3619721.0
1703264400000,3.624,3.654,3.564,3.643,1906257.0
1703268000000,3.643,3.651,3.619,3.638,943147.0
1703271600000,3.637,3.668,3.59,3.649,1186687.0
1703275200000,3.649,3.712,3.648,3.665,1366404.0
1703278800000,3.665,3.741,3.647,3.698,1608338.0
1703282400000,3.698,3.722,3.675,3.717,589897.0
1703286000000,3.717,3.733,3.682,3.692,948488.0
1703289600000,3.693,3.745,3.634,3.655,1726539.0
1703293200000,3.655,3.655,3.316,3.385,5429944.0
1703296800000,3.386,3.422,3.33,3.359,3241865.0
1703300400000,3.36,3.416,3.329,3.366,2067860.0
1703304000000,3.364,3.396,3.336,3.39,1314962.0
1703307600000,3.391,3.402,3.373,3.4,762555.0
1703311200000,3.401,3.413,3.374,3.409,838370.0
1703314800000,3.409,3.444,3.378,3.399,1330976.0
1703318400000,3.4,3.41,3.381,3.399,505843.0
1703322000000,3.4,3.401,3.361,3.385,1037901.0
1703325600000,3.385,3.406,3.37,3.391,942187.0
1703329200000,3.391,3.394,3.354,3.386,862046.0
1703332800000,3.387,3.413,3.373,3.381,739756.0
1703336400000,3.382,3.394,3.355,3.373,716938.0
1703340000000,3.373,3.392,3.353,3.384,895028.0
1703343600000,3.386,3.404,3.362,3.402,719595.0
1703347200000,3.402,3.465,3.401,3.453,1590926.0
1703350800000,3.452,3.455,3.412,3.419,807641.0
1703354400000,3.419,3.463,3.406,3.447,1004286.0
1703358000000,3.446,3.467,3.437,3.449,429602.0
1703361600000,3.449,3.469,3.436,3.465,379884.0
1703365200000,3.466,3.486,3.44,3.449,369800.0
1703368800000,3.45,3.471,3.435,3.441,391055.0
1703372400000,3.442,3.493,3.437,3.459,584930.0
1703376000000,3.46,3.461,3.377,3.389,1529876.0
1703379600000,3.391,3.452,3.388,3.418,989727.0
1703383200000,3.417,3.469,3.405,3.427,984965.0
1703386800000,3.427,3.442,3.406,3.418,599527.0
1703390400000,3.419,3.471,3.408,3.441,898458.0
1703394000000,3.44,3.46,3.331,3.383,2545043.0
1703397600000,3.383,3.458,3.337,3.452,1917009.0
1703401200000,3.452,3.534,3.435,3.471,2222363.0
1703404800000,3.47,3.487,3.43,3.449,805165.0
1703408400000,3.449,3.498,3.443,3.47,852313.0
1703412000000,3.47,3.528,3.443,3.523,2214154.0
1703415600000,3.523,3.585,3.502,3.582,2033975.0
1703419200000,3.582,3.593,3.487,3.528,1854977.0
1703422800000,3.53,3.536,3.487,3.493,649539.0
1703426400000,3.494,3.526,3.39,3.419,2261182.0
1703430000000,3.419,3.433,3.391,3.402,1080564.0
1703433600000,3.402,3.462,3.392,3.44,1050005.0
1703437200000,3.44,3.441,3.408,3.413,521896.0
1703440800000,3.414,3.459,3.404,3.45,611813.0
1703444400000,3.449,3.451,3.397,3.418,382349.0
1703448000000,3.418,3.421,3.354,3.388,767077.0
1703451600000,3.389,3.425,3.376,3.39,486730.0
1703455200000,3.39,3.403,3.253,3.35,3721442.0
1703458800000,3.351,3.39,3.339,3.365,637607.0
1703462400000,3.364,3.418,3.364,3.406,1728445.0
1703466000000,3.405,3.452,3.401,3.435,984853.0
1703469600000,3.435,3.486,3.394,3.47,1381885.0
1703473200000,3.469,3.498,3.437,3.46,1064135.0
1703476800000,3.461,3.484,3.434,3.445,690027.0
1703480400000,3.446,3.49,3.44,3.471,602352.0
1703484000000,3.472,3.513,3.47,3.49,1205841.0
1703487600000,3.491,3.515,3.46,3.479,828590.0
1703491200000,3.48,3.507,3.419,3.433,1432201.0
1703494800000,3.432,3.47,3.421,3.467,814280.0
1703498400000,3.468,3.626,3.46,3.625,3060253.0
1703502000000,3.625,3.709,3.57,3.636,5087462.0
1703505600000,3.636,3.736,3.609,3.727,2948099.0
1703509200000,3.728,3.776,3.64,3.757,4195790.0
1703512800000,3.758,3.776,3.657,3.709,2735419.0
1703516400000,3.71,3.731,3.674,3.691,1105389.0
1703520000000,3.691,3.7,3.58,3.664,2858060.0
1703523600000,3.663,3.716,3.651,3.678,1855831.0
1703527200000,3.679,3.684,3.631,3.64,782591.0
1703530800000,3.641,3.709,3.635,3.688,899201.0
1703534400000,3.689,3.693,3.603,3.674,1019505.0
1703538000000,3.674,3.763,3.64,3.746,1012282.0
1703541600000,3.746,3.768,3.714,3.755,789914.0
1703545200000,3.756,3.78,3.717,3.761,942202.0
1703548800000,3.762,3.937,3.746,3.866,3524055.0
1703552400000,3.865,3.87,3.782,3.8,1595920.0
1703556000000,3.801,3.945,3.78,3.936,2081867.0
1703559600000,3.935,4.084,3.901,3.994,4128986.0
1703563200000,3.994,4.068,3.915,3.934,3086070.0
1703566800000,3.934,3.941,3.773,3.808,5492344.0
1703570400000,3.807,3.813,3.68,3.709,4939914.0
1703574000000,3.71,3.79,3.662,3.727,2870646.0
1703577600000,3.727,3.749,3.698,3.705,1328022.0
1703581200000,3.706,3.74,3.675,3.735,2202500.0
1703584800000,3.735,3.82,3.709,3.755,2087194.0
1703588400000,3.756,3.817,3.73,3.806,1043477.0
1703592000000,3.805,3.828,3.768,3.776,1019247.0
1703595600000,3.777,3.837,3.777,3.817,1336677.0
1703599200000,3.816,3.886,3.76,3.882,2255401.0
1703602800000,3.882,3.895,3.691,3.702,3043865.0
1703606400000,3.702,3.782,3.691,3.696,1961879.0
1703610000000,3.696,3.72,3.333,3.529,7327344.0
1703613600000,3.53,3.58,3.487,3.555,1586599.0
1703617200000,3.555,3.564,3.52,3.548,942646.0
1703620800000,3.549,3.593,3.531,3.582,623329.0
1703624400000,3.582,3.676,3.581,3.659,1166859.0
1703628000000,3.657,3.694,3.651,3.657,461511.0
1703631600000,3.657,3.691,3.646,3.682,501851.0
1703635200000,3.682,3.709,3.649,3.659,614692.0
1703638800000,3.659,3.686,3.631,3.655,527752.0
1703642400000,3.655,3.657,3.56,3.573,1314413.0
1703646000000,3.573,3.607,3.51,3.538,1065847.0
1703649600000,3.54,3.582,3.536,3.555,712595.0
1703653200000,3.555,3.599,3.521,3.568,1274398.0
1703656800000,3.567,3.581,3.534,3.546,707271.0
1703660400000,3.546,3.548,3.42,3.434,2982180.0
1703664000000,3.435,3.526,3.431,3.517,1599778.0
1703667600000,3.516,3.538,3.5,3.53,743913.0
1703671200000,3.53,3.608,3.52,3.604,1246784.0
1703674800000,3.603,3.638,3.569,3.607,1257511.0
1703678400000,3.607,3.621,3.561,3.591,1555382.0
1703682000000,3.591,3.623,3.555,3.591,1067123.0
1703685600000,3.591,3.629,3.556,3.603,1614050.0
1703689200000,3.603,3.751,3.577,3.728,2146763.0
1703692800000,3.728,3.732,3.617,3.677,2039111.0
1703696400000,3.678,3.717,3.624,3.651,1703385.0
1703700000000,3.652,3.695,3.646,3.688,633685.0
1703703600000,3.687,3.71,3.651,3.654,564587.0
1703707200000,3.655,3.71,3.654,3.68,407353.0
1703710800000,3.68,3.687,3.636,3.664,402752.0
1703714400000,3.665,3.684,3.568,3.591,689001.0
1703718000000,3.591,3.65,3.591,3.619,592525.0
1703721600000,3.619,3.743,3.617,3.675,2031523.0
1703725200000,3.674,3.678,3.581,3.611,1448924.0
1703728800000,3.611,3.635,3.556,3.579,744523.0
1703732400000,3.579,3.584,3.533,3.56,828328.0
1703736000000,3.56,3.599,3.539,3.551,994129.0
1703739600000,3.551,3.595,3.509,3.592,1363075.0
1703743200000,3.591,3.649,3.526,3.551,1677400.0
1703746800000,3.55,3.565,3.476,3.541,1726655.0
1703750400000,3.54,3.566,3.516,3.526,624443.0
1703754000000,3.527,3.564,3.518,3.539,499070.0
1703757600000,3.538,3.568,3.529,3.546,641777.0
1703761200000,3.546,3.559,3.531,3.538,339430.0
1703764800000,3.537,3.561,3.467,3.477,1348231.0
1703768400000,3.478,3.553,3.426,3.53,1946080.0
1703772000000,3.53,3.534,3.336,3.464,4154493.0
1703775600000,3.465,3.485,3.411,3.454,1410419.0
1703779200000,3.453,3.476,3.432,3.469,682529.0
1703782800000,3.469,3.501,3.435,3.445,503664.0
1703786400000,3.446,3.459,3.415,3.433,460402.0
1703790000000,3.433,3.473,3.43,3.458,374511.0
1703793600000,3.457,3.464,3.418,3.457,278191.0
1703797200000,3.457,3.492,3.44,3.451,525737.0
1703800800000,3.45,3.48,3.424,3.474,412188.0
1703804400000,3.474,3.543,3.458,3.513,726050.0
1703808000000,3.514,3.545,3.415,3.427,1136323.0
1703811600000,3.427,3.517,3.396,3.497,2278452.0
1703815200000,3.497,3.604,3.486,3.586,1752482.0
1703818800000,3.585,3.614,3.559,3.574,1054516.0
1703822400000,3.574,3.592,3.543,3.555,766557.0
1703826000000,3.554,3.558,3.518,3.545,483111.0
1703829600000,3.544,3.571,3.53,3.541,651417.0
1703833200000,3.541,3.557,3.461,3.474,1051323.0
1703836800000,3.473,3.582,3.473,3.579,1151943.0
1703840400000,3.579,3.596,3.538,3.589,870383.0
1703844000000,3.588,3.628,3.57,3.571,1169140.0
1703847600000,3.572,3.645,3.566,3.586,926046.0
1703851200000,3.586,3.621,3.559,3.571,768339.0
1703854800000,3.573,3.591,3.548,3.574,435022.0
1703858400000,3.575,3.648,3.556,3.629,1405873.0
1703862000000,3.627,3.634,3.488,3.524,3234040.0
1703865600000,3.525,3.537,3.436,3.454,2360214.0
1703869200000,3.453,3.479,3.417,3.441,1699059.0
1703872800000,3.441,3.499,3.434,3.497,522318.0
1703876400000,3.497,3.534,3.479,3.508,405862.0
1703880000000,3.508,3.509,3.466,3.494,284129.0
1703883600000,3.493,3.516,3.455,3.466,301237.0
1703887200000,3.465,3.481,3.374,3.469,937399.0
1703890800000,3.469,3.51,3.456,3.509,549928.0
1703894400000,3.508,3.603,3.492,3.588,1213477.0
1703898000000,3.587,3.605,3.542,3.604,780027.0
1703901600000,3.603,3.62,3.555,3.576,892035.0
1703905200000,3.574,3.629,3.574,3.599,734160.0
1703908800000,3.599,3.638,3.58,3.593,562089.0
1703912400000,3.591,3.619,3.579,3.61,629433.0
1703916000000,3.609,3.621,3.586,3.592,413186.0
1703919600000,3.591,3.606,3.558,3.573,559112.0
1703923200000,3.573,3.606,3.455,3.472,2298237.0
1703926800000,3.472,3.489,3.442,3.459,1183474.0
1703930400000,3.459,3.479,3.447,3.468,901499.0
1703934000000,3.467,3.517,3.467,3.509,784438.0
1703937600000,3.509,3.765,3.508,3.725,7036590.0
1703941200000,3.726,3.846,3.705,3.809,5396093.0
1703944800000,3.809,3.87,3.765,3.858,3283330.0
1703948400000,3.858,3.938,3.808,3.93,3442470.0
1703952000000,3.93,3.996,3.759,3.793,5261585.0
1703955600000,3.793,3.808,3.723,3.737,2670683.0
1703959200000,3.738,3.771,3.694,3.735,1144861.0
1703962800000,3.734,3.752,3.663,3.678,1120531.0
1703966400000,3.678,3.734,3.663,3.714,1027985.0
1703970000000,3.713,3.739,3.677,3.704,632595.0
1703973600000,3.703,3.705,3.626,3.641,820945.0
1703977200000,3.642,3.729,3.638,3.669,1241645.0
1703980800000,3.668,3.728,3.665,3.714,974651.0
1703984400000,3.713,3.768,3.68,3.751,1603322.0
1703988000000,3.75,3.786,3.712,3.781,1543170.0
1703991600000,3.781,3.798,3.712,3.74,1412601.0
1703995200000,3.739,3.779,3.683,3.738,1498023.0
1703998800000,3.738,3.76,3.689,3.694,667456.0
1704002400000,3.695,3.717,3.66,3.689,742956.0
1704006000000,3.69,3.777,3.682,3.741,936648.0
1704009600000,3.74,3.76,3.694,3.715,791865.0
1704013200000,3.715,3.784,3.712,3.766,1079233.0
1704016800000,3.765,3.844,3.742,3.826,1307648.0
1704020400000,3.826,3.891,3.78,3.789,1758372.0
1704024000000,3.789,3.824,3.676,3.698,2858494.0
1704027600000,3.699,3.718,3.675,3.68,1453352.0
1704031200000,3.681,3.708,3.646,3.658,1675215.0
1704034800000,3.658,3.688,3.61,3.68,1602835.0
1704038400000,3.68,3.737,3.66,3.696,940206.0
1704042000000,3.695,3.738,3.681,3.72,731898.0
1704045600000,3.72,3.74,3.703,3.718,654745.0
1704049200000,3.718,3.74,3.706,3.709,307009.0
1704052800000,3.709,3.745,3.691,3.718,887274.0
1704056400000,3.717,3.768,3.715,3.752,519584.0
1704060000000,3.752,3.771,3.442,3.573,2563418.0
1704063600000,3.575,3.666,3.57,3.633,1086480.0
1704067200000,3.633,3.686,3.628,3.686,770375.0
1704070800000,3.685,3.776,3.669,3.735,1516262.0
1704074400000,3.735,3.739,3.627,3.65,866890.0
1704078000000,3.649,3.655,3.548,3.571,1240219.0
1704081600000,3.572,3.599,3.526,3.572,1175430.0
1704085200000,3.572,3.605,3.554,3.563,637470.0
1704088800000,3.563,3.621,3.56,3.609,422805.0
1704092400000,3.608,3.609,3.567,3.582,366461.0
1704096000000,3.582,3.586,3.558,3.578,310259.0
1704099600000,3.578,3.583,3.543,3.574,417242.0
1704103200000,3.574,3.59,3.548,3.563,349635.0
1704106800000,3.563,3.576,3.531,3.559,399307.0
1704110400000,3.559,3.571,3.532,3.539,357969.0
1704114000000,3.539,3.576,3.517,3.571,752346.0
1704117600000,3.569,3.569,3.485,3.518,1235982.0
1704121200000,3.518,3.543,3.509,3.537,480326.0
1704124800000,3.537,3.561,3.502,3.505,675507.0
1704128400000,3.506,3.534,3.492,3.534,311374.0
1704132000000,3.533,3.576,3.526,3.546,453215.0
1704135600000,3.546,3.602,3.544,3.597,446044.0
1704139200000,3.597,3.621,3.583,3.589,558470.0
1704142800000,3.589,3.605,3.558,3.6,343520.0
1704146400000,3.6,3.638,3.575,3.635,407855.0
1704150000000,3.635,3.636,3.591,3.616,718139.0
1704153600000,3.617,3.665,3.584,3.651,1298684.0
1704157200000,3.651,3.691,3.615,3.685,978420.0
1704160800000,3.685,3.786,3.67,3.749,1735544.0
1704164400000,3.749,3.785,3.703,3.779,1027578.0
1704168000000,3.778,3.8,3.727,3.743,877162.0
1704171600000,3.744,3.777,3.723,3.767,644514.0
1704175200000,3.767,3.817,3.74,3.801,774197.0
1704178800000,3.801,3.831,3.768,3.805,1293520.0
1704182400000,3.806,3.833,3.753,3.776,1143749.0
1704186000000,3.776,3.918,3.755,3.892,1853954.0
1704189600000,3.893,3.912,3.745,3.773,1720136.0
1704193200000,3.773,3.795,3.71,3.738,986825.0
1704196800000,3.739,3.771,3.716,3.726,871898.0
1704200400000,3.727,3.856,3.722,3.811,1411110.0
1704204000000,3.811,3.822,3.6,3.63,3228133.0
1704207600000,3.63,3.651,3.557,3.6,2090579.0
1704211200000,3.601,3.653,3.558,3.652,1311604.0
1704214800000,3.652,3.657,3.57,3.592,914081.0
1704218400000,3.593,3.617,3.568,3.58,368923.0
1704222000000,3.58,3.605,3.551,3.568,402072.0
1704225600000,3.568,3.58,3.519,3.525,824310.0
1704229200000,3.526,3.562,3.51,3.557,615338.0
1704232800000,3.558,3.591,3.551,3.583,413043.0
1704236400000,3.583,3.593,3.555,3.576,494368.0
1704240000000,3.577,3.705,3.576,3.699,1501697.0
1704243600000,3.698,3.777,3.662,3.751,1496490.0
1704247200000,3.751,3.752,3.675,3.72,1208594.0
1704250800000,3.72,3.745,3.691,3.72,807511.0
1704254400000,3.721,3.794,3.709,3.78,1090890.0
1704258000000,3.78,3.855,3.769,3.782,1598155.0
1704261600000,3.782,3.845,3.765,3.807,1382327.0
1704265200000,3.808,3.832,3.716,3.727,1458883.0
1704268800000,3.728,3.778,3.721,3.772,830255.0
1704272400000,3.772,3.791,3.734,3.745,688146.0
1704276000000,3.746,3.858,3.738,3.767,1985779.0
1704279600000,3.767,3.773,3.594,3.625,4357830.0
1704283200000,3.625,3.627,2.346,3.249,20040710.0
1704286800000,3.248,3.249,3.085,3.146,4698678.0
1704290400000,3.146,3.149,3.015,3.056,4068518.0
1704294000000,3.055,3.141,3.023,3.137,2477750.0
1704297600000,3.138,3.178,3.062,3.104,3140364.0
1704301200000,3.103,3.122,3.058,3.115,1237273.0
1704304800000,3.111,3.13,2.971,3.044,1795498.0
1704308400000,3.044,3.099,3.041,3.052,734339.0
1704312000000,3.051,3.098,3.042,3.091,427141.0
1704315600000,3.093,3.166,3.08,3.149,903232.0
1704319200000,3.15,3.152,3.054,3.057,562677.0
1704322800000,3.057,3.081,3.016,3.079,795850.0
1704326400000,3.078,3.13,3.056,3.077,1528237.0
1704330000000,3.076,3.085,2.985,3.043,1344722.0
1704333600000,3.042,3.167,3.033,3.164,1066108.0
1704337200000,3.164,3.165,3.086,3.122,848733.0
1704340800000,3.123,3.155,3.1,3.142,680470.0
1704344400000,3.143,3.159,3.115,3.131,616925.0
1704348000000,3.132,3.143,3.105,3.124,540414.0
1704351600000,3.125,3.134,3.054,3.071,846811.0
1704355200000,3.072,3.118,3.058,3.098,875233.0
1704358800000,3.098,3.183,3.078,3.116,1259130.0
1704362400000,3.115,3.149,3.04,3.094,2375904.0
1704366000000,3.095,3.127,3.072,3.112,971870.0
1704369600000,3.112,3.156,3.098,3.147,1648921.0
1704373200000,3.148,3.152,3.095,3.133,1212709.0
1704376800000,3.133,3.167,3.115,3.165,810516.0
1704380400000,3.165,3.232,3.141,3.192,2133006.0
1704384000000,3.192,3.214,3.148,3.176,885059.0
1704387600000,3.176,3.208,3.148,3.17,836291.0
1704391200000,3.169,3.201,3.165,3.188,333484.0
1704394800000,3.189,3.216,3.169,3.179,618324.0
1704398400000,3.179,3.226,3.177,3.189,467526.0
1704402000000,3.189,3.225,3.175,3.21,681015.0
1704405600000,3.21,3.251,3.184,3.213,443549.0
1704409200000,3.211,3.219,3.182,3.202,291047.0
1704412800000,3.203,3.244,3.189,3.216,497993.0
1704416400000,3.215,3.231,2.959,3.097,4588983.0
1704420000000,3.097,3.132,3.063,3.072,1440548.0
1704423600000,3.072,3.099,3.054,3.069,582535.0
1704427200000,3.069,3.092,3.025,3.082,992766.0
1704430800000,3.083,3.118,3.078,3.096,787897.0
1704434400000,3.096,3.108,3.07,3.094,453915.0
1704438000000,3.094,3.106,3.067,3.075,360010.0
1704441600000,3.076,3.098,3.068,3.073,363913.0
1704445200000,3.074,3.119,3.074,3.089,706250.0
1704448800000,3.089,3.094,2.969,3.02,2105546.0
1704452400000,3.021,3.054,3.017,3.044,1120823.0
1704456000000,3.044,3.068,3.02,3.041,842326.0
1704459600000,3.042,3.06,3.026,3.036,1033446.0
1704463200000,3.036,3.057,2.925,2.952,2771025.0
1704466800000,2.952,2.987,2.923,2.964,1616558.0
1704470400000,2.963,2.995,2.91,2.926,1576033.0
1704474000000,2.925,2.958,2.867,2.918,2989378.0
1704477600000,2.918,2.94,2.903,2.926,388245.0
1704481200000,2.926,2.949,2.909,2.922,359069.0
1704484800000,2.922,2.938,2.895,2.903,819269.0
1704488400000,2.904,2.905,2.853,2.9,665155.0
1704492000000,2.899,2.921,2.872,2.904,255637.0
1704495600000,2.905,2.982,2.905,2.981,529666.0
1704499200000,2.982,2.983,2.91,2.934,568974.0
1704502800000,2.933,2.937,2.867,2.899,686998.0
1704506400000,2.899,2.91,2.857,2.879,645506.0
1704510000000,2.88,2.903,2.869,2.872,300397.0
1704513600000,2.873,2.883,2.81,2.818,1078329.0
1704517200000,2.817,2.83,2.763,2.801,2180358.0
1704520800000,2.802,2.811,2.69,2.714,2678676.0
1704524400000,2.713,2.771,2.636,2.767,2609131.0
1704528000000,2.767,2.801,2.748,2.798,928470.0
1704531600000,2.797,2.8,2.768,2.771,505572.0
1704535200000,2.772,2.776,2.744,2.75,564016.0
1704538800000,2.75,2.793,2.739,2.781,457424.0
1704542400000,2.782,2.793,2.743,2.754,514979.0
1704546000000,2.754,2.791,2.744,2.773,436111.0
1704549600000,2.772,2.834,2.769,2.806,913841.0
1704553200000,2.807,2.823,2.786,2.808,515275.0
1704556800000,2.808,2.852,2.796,2.841,967964.0
1704560400000,2.841,2.842,2.807,2.824,460095.0
1704564000000,2.823,2.845,2.801,2.824,366802.0
1704567600000,2.823,2.824,2.766,2.794,518013.0
1704571200000,2.792,2.813,2.772,2.795,334871.0
1704574800000,2.795,2.801,2.767,2.782,289090.0
1704578400000,2.783,2.792,2.742,2.769,362044.0
1704582000000,2.769,2.79,2.725,2.778,493473.0
1704585600000,2.777,2.836,2.76,2.813,623991.0
1704589200000,2.813,2.822,2.773,2.779,455507.0
1704592800000,2.777,2.818,2.767,2.791,577299.0
1704596400000,2.79,2.816,2.776,2.799,365745.0
1704600000000,2.798,2.852,2.79,2.831,612830.0
1704603600000,2.832,2.84,2.796,2.808,457774.0
1704607200000,2.809,2.828,2.789,2.814,513713.0
1704610800000,2.813,2.822,2.795,2.806,533579.0
1704614400000,2.805,2.835,2.75,2.757,1382510.0
1704618000000,2.758,2.772,2.716,2.731,1087848.0
1704621600000,2.731,2.761,2.728,2.751,374718.0
1704625200000,2.75,2.768,2.737,2.74,329407.0
1704628800000,2.74,2.757,2.7,2.747,957512.0
1704632400000,2.747,2.799,2.743,2.772,827246.0
1704636000000,2.772,2.786,2.742,2.757,738801.0
1704639600000,2.757,2.764,2.702,2.728,940783.0
1704643200000,2.727,2.737,2.658,2.675,1319238.0
1704646800000,2.675,2.727,2.663,2.723,538670.0
1704650400000,2.722,2.758,2.722,2.745,366593.0
1704654000000,2.745,2.757,2.731,2.752,191299.0
1704657600000,2.752,2.77,2.734,2.735,251779.0
1704661200000,2.735,2.743,2.701,2.711,294459.0
1704664800000,2.709,2.711,2.589,2.625,1311289.0
1704668400000,2.626,2.663,2.591,2.63,937577.0
1704672000000,2.63,2.658,2.561,2.564,1411712.0
1704675600000,2.564,2.619,2.543,2.562,1506607.0
1704679200000,2.563,2.601,2.444,2.499,4059230.0
1704682800000,2.499,2.516,2.403,2.493,2940712.0
1704686400000,2.493,2.552,2.475,2.547,826327.0
1704690000000,2.546,2.559,2.526,2.548,755895.0
1704693600000,2.547,2.62,2.537,2.577,1798619.0
1704697200000,2.578,2.614,2.561,2.581,515806.0
1704700800000,2.581,2.619,2.565,2.572,545664.0
1704704400000,2.573,2.598,2.549,2.556,459081.0
1704708000000,2.557,2.594,2.544,2.591,696223.0
1704711600000,2.591,2.633,2.582,2.625,896286.0
1704715200000,2.626,2.702,2.626,2.692,2410950.0
1704718800000,2.693,2.703,2.651,2.654,978159.0
1704722400000,2.655,2.742,2.651,2.692,1260946.0
1704726000000,2.693,2.763,2.676,2.751,1352530.0
1704729600000,2.752,2.824,2.707,2.716,1803835.0
1704733200000,2.717,2.777,2.712,2.775,797176.0
1704736800000,2.774,2.831,2.764,2.807,1401734.0
1704740400000,2.807,2.875,2.781,2.851,1014945.0
1704744000000,2.852,2.858,2.8,2.817,457355.0
1704747600000,2.819,2.843,2.81,2.813,318845.0
1704751200000,2.813,2.831,2.803,2.821,507744.0
1704754800000,2.821,2.822,2.793,2.816,459879.0
1704758400000,2.816,2.836,2.739,2.785,1568225.0
1704762000000,2.785,2.799,2.743,2.773,724307.0
1704765600000,2.772,2.778,2.753,2.771,460617.0
1704769200000,2.771,2.773,2.739,2.749,344644.0
1704772800000,2.748,2.794,2.722,2.782,771024.0
1704776400000,2.78,2.79,2.744,2.761,415219.0
1704780000000,2.762,2.775,2.747,2.77,382891.0
1704783600000,2.769,2.784,2.755,2.765,361170.0
1704787200000,2.764,2.77,2.69,2.7,1249526.0
1704790800000,2.699,2.712,2.655,2.673,1137160.0
1704794400000,2.673,2.707,2.67,2.686,393123.0
1704798000000,2.686,2.714,2.681,2.695,374809.0
1704801600000,2.694,2.705,2.522,2.604,4040035.0
1704805200000,2.605,2.697,2.595,2.682,1833752.0
1704808800000,2.68,2.693,2.614,2.616,1233132.0
1704812400000,2.616,2.643,2.599,2.619,1057591.0
1704816000000,2.619,2.623,2.573,2.594,990887.0
1704819600000,2.593,2.595,2.558,2.567,601159.0
1704823200000,2.567,2.606,2.562,2.6,377864.0
1704826800000,2.6,2.603,2.481,2.524,1902846.0
1704830400000,2.524,2.531,2.372,2.378,4224129.0
1704834000000,2.378,2.486,2.375,2.424,9075039.0
1704837600000,2.424,2.507,2.416,2.487,956446.0
1704841200000,2.486,2.503,2.46,2.501,577441.0
1704844800000,2.501,2.524,2.48,2.485,1299312.0
1704848400000,2.485,2.527,2.476,2.524,765869.0
1704852000000,2.523,2.541,2.503,2.507,636424.0
1704855600000,2.507,2.567,2.501,2.559,638468.0
1704859200000,2.56,2.607,2.551,2.565,970293.0
1704862800000,2.565,2.572,2.545,2.567,499248.0
1704866400000,2.567,2.575,2.544,2.55,388470.0
1704870000000,2.549,2.556,2.514,2.522,604706.0
1704873600000,2.521,2.538,2.481,2.501,894184.0
1704877200000,2.502,2.589,2.501,2.565,1295409.0
1704880800000,2.565,2.573,2.534,2.537,525651.0
1704884400000,2.537,2.558,2.487,2.523,1205829.0
1704888000000,2.523,2.525,2.397,2.433,4521816.0
1704891600000,2.433,2.462,2.407,2.43,1638705.0
1704895200000,2.43,2.462,2.403,2.42,1261476.0
1704898800000,2.42,2.488,2.404,2.476,2016536.0
1704902400000,2.476,2.505,2.461,2.465,1115744.0
1704906000000,2.465,2.54,2.452,2.531,1779602.0
1704909600000,2.532,2.573,2.517,2.531,1617267.0
1704913200000,2.531,2.567,2.524,2.558,1056774.0
1704916800000,2.559,2.583,2.473,2.574,3664196.0
1704920400000,2.574,2.738,2.554,2.713,2719565.0
1704924000000,2.714,2.81,2.683,2.785,1776435.0
1704927600000,2.785,2.829,2.742,2.751,2014058.0
1704931200000,2.752,2.789,2.701,2.78,1375002.0
1704934800000,2.779,2.795,2.735,2.736,972189.0
1704938400000,2.736,2.746,2.715,2.716,534978.0
1704942000000,2.717,2.767,2.717,2.763,727094.0
1704945600000,2.763,2.783,2.749,2.771,468454.0
1704949200000,2.771,2.773,2.721,2.747,694730.0
1704952800000,2.747,2.753,2.707,2.726,649567.0
1704956400000,2.727,2.821,2.719,2.791,1087145.0
1704960000000,2.791,2.882,2.782,2.86,1611993.0
1704963600000,2.86,2.89,2.831,2.852,1152881.0
1704967200000,2.852,2.898,2.83,2.875,966057.0
1704970800000,2.875,2.904,2.845,2.881,1591615.0
1704974400000,2.88,2.893,2.853,2.888,730342.0
1704978000000,2.889,2.94,2.766,2.854,3355132.0
1704981600000,2.855,2.905,2.803,2.852,3042969.0
1704985200000,2.852,2.858,2.69,2.737,3906092.0
1704988800000,2.737,2.763,2.643,2.701,2927435.0
1704992400000,2.701,2.744,2.652,2.726,1255354.0
1704996000000,2.726,2.748,2.701,2.739,567947.0
1704999600000,2.738,2.747,2.718,2.743,274562.0
1705003200000,2.743,2.793,2.722,2.756,1080770.0
1705006800000,2.754,2.773,2.728,2.74,342467.0
1705010400000,2.739,2.759,2.706,2.739,398251.0
1705014000000,2.739,2.789,2.731,2.775,327192.0
1705017600000,2.775,2.796,2.727,2.744,637028.0
1705021200000,2.744,2.784,2.684,2.742,1005977.0
1705024800000,2.741,2.797,2.731,2.794,659361.0
1705028400000,2.794,2.812,2.757,2.776,742640.0
1705032000000,2.775,2.896,2.77,2.855,1664005.0
1705035600000,2.854,2.898,2.839,2.873,1592139.0
1705039200000,2.872,2.881,2.827,2.836,578442.0
1705042800000,2.836,2.843,2.798,2.822,853481.0
1705046400000,2.821,2.824,2.746,2.778,808625.0
1705050000000,2.777,2.841,2.767,2.835,730363.0
1705053600000,2.834,2.893,2.807,2.878,1473444.0
1705057200000,2.878,2.899,2.847,2.869,969206.0
1705060800000,2.87,2.951,2.866,2.909,1503756.0
1705064400000,2.91,3.188,2.907,3.17,5770411.0
1705068000000,3.17,3.185,3.056,3.117,3704083.0
1705071600000,3.117,3.131,2.94,2.976,4184638.0
1705075200000,2.975,3.115,2.926,2.992,7511971.0
1705078800000,2.992,3.016,2.84,2.961,4634458.0
1705082400000,2.961,2.994,2.903,2.947,1232283.0
1705086000000,2.947,2.963,2.907,2.922,616812.0
1705089600000,2.922,2.981,2.911,2.928,616045.0
1705093200000,2.928,2.947,2.811,2.865,1389628.0
1705096800000,2.864,2.867,2.694,2.824,3554031.0
1705100400000,2.824,2.859,2.821,2.848,526196.0
1705104000000,2.847,2.858,2.766,2.772,1001566.0
1705107600000,2.772,2.786,2.701,2.782,1291686.0
1705111200000,2.781,2.827,2.764,2.779,799623.0
1705114800000,2.779,2.826,2.775,2.812,442674.0
1705118400000,2.812,2.828,2.801,2.815,310930.0
1705122000000,2.814,2.935,2.802,2.89,1221943.0
1705125600000,2.891,2.891,2.835,2.858,894526.0
1705129200000,2.858,2.873,2.837,2.851,497171.0
1705132800000,2.851,2.886,2.842,2.862,760899.0
1705136400000,2.862,2.885,2.819,2.832,880852.0
1705140000000,2.832,2.906,2.818,2.865,925752.0
1705143600000,2.865,2.873,2.834,2.852,511832.0
1705147200000,2.851,2.87,2.83,2.832,509756.0
1705150800000,2.832,2.858,2.804,2.823,599737.0
1705154400000,2.823,2.843,2.802,2.808,464543.0
1705158000000,2.806,2.868,2.806,2.839,686148.0
1705161600000,2.84,2.849,2.784,2.825,1277642.0
1705165200000,2.826,2.864,2.806,2.824,479889.0
1705168800000,2.824,2.838,2.816,2.827,187913.0
1705172400000,2.827,2.874,2.827,2.864,281990.0
1705176000000,2.865,2.867,2.833,2.847,310227.0
1705179600000,2.845,2.858,2.823,2.837,225370.0
1705183200000,2.838,2.884,2.836,2.876,220518.0
1705186800000,2.876,2.919,2.863,2.866,531385.0
1705190400000,2.866,2.883,2.813,2.821,611458.0
1705194000000,2.821,2.848,2.814,2.844,456025.0
1705197600000,2.844,2.851,2.799,2.84,407145.0
1705201200000,2.84,2.87,2.829,2.86,342316.0
1705204800000,2.86,2.884,2.809,2.818,639458.0
1705208400000,2.817,2.908,2.817,2.886,551958.0
1705212000000,2.886,2.924,2.879,2.92,516380.0
1705215600000,2.921,2.926,2.866,2.882,501638.0
1705219200000,2.881,2.897,2.86,2.891,371342.0
1705222800000,2.891,2.891,2.85,2.877,305338.0
1705226400000,2.877,2.878,2.833,2.835,462005.0
1705230000000,2.835,2.859,2.82,2.834,410060.0
1705233600000,2.833,2.845,2.81,2.815,364057.0
1705237200000,2.814,2.832,2.802,2.826,548483.0
1705240800000,2.825,2.841,2.81,2.819,365615.0
1705244400000,2.82,2.832,2.807,2.822,488521.0
1705248000000,2.822,2.841,2.76,2.773,1005257.0
1705251600000,2.774,2.808,2.766,2.798,347351.0
1705255200000,2.799,2.813,2.767,2.784,262197.0
1705258800000,2.784,2.788,2.73,2.738,596963.0
1705262400000,2.737,2.771,2.71,2.741,538498.0
1705266000000,2.742,2.749,2.712,2.748,373553.0
1705269600000,2.749,2.757,2.706,2.713,252939.0
1705273200000,2.714,2.725,2.656,2.663,1482138.0
1705276800000,2.662,2.713,2.661,2.699,647904.0
1705280400000,2.699,2.723,2.69,2.716,326789.0
1705284000000,2.716,2.738,2.707,2.737,245331.0
1705287600000,2.736,2.744,2.712,2.719,320882.0
1705291200000,2.72,2.738,2.704,2.736,327400.0
1705294800000,2.736,2.78,2.735,2.754,606853.0
1705298400000,2.754,2.763,2.731,2.735,419674.0
1705302000000,2.736,2.757,2.724,2.74,269979.0
1705305600000,2.739,2.775,2.734,2.762,452380.0
1705309200000,2.762,2.791,2.747,2.787,337754.0
1705312800000,2.787,2.8,2.768,2.78,466679.0
1705316400000,2.78,2.788,2.765,2.773,332083.0
1705320000000,2.773,2.784,2.733,2.75,460871.0
1705323600000,2.752,2.775,2.735,2.76,430666.0
1705327200000,2.759,2.796,2.738,2.752,1457476.0
1705330800000,2.751,2.775,2.718,2.733,650751.0
1705334400000,2.733,2.773,2.73,2.757,454446.0
1705338000000,2.758,2.805,2.749,2.798,597505.0
1705341600000,2.799,2.837,2.791,2.796,690086.0
1705345200000,2.796,2.832,2.792,2.794,214811.0
1705348800000,2.795,2.816,2.776,2.785,227598.0
1705352400000,2.785,2.792,2.768,2.773,272667.0
1705356000000,2.774,2.785,2.734,2.767,323790.0
1705359600000,2.768,2.783,2.758,2.766,361490.0
1705363200000,2.766,2.822,2.766,2.795,586242.0
1705366800000,2.795,2.847,2.794,2.828,679332.0
1705370400000,2.828,2.856,2.814,2.833,642401.0
1705374000000,2.833,2.847,2.814,2.842,407770.0
1705377600000,2.842,2.847,2.82,2.824,262709.0
1705381200000,2.824,2.83,2.776,2.782,625131.0
1705384800000,2.782,2.787,2.764,2.777,409942.0
1705388400000,2.778,2.791,2.764,2.774,382353.0
1705392000000,2.774,2.787,2.763,2.78,337863.0
1705395600000,2.78,2.813,2.773,2.801,517177.0
1705399200000,2.802,2.805,2.758,2.771,372340.0
1705402800000,2.772,2.779,2.733,2.747,660124.0
1705406400000,2.746,2.773,2.743,2.772,271412.0
1705410000000,2.773,2.782,2.741,2.752,391886.0
1705413600000,2.751,2.763,2.688,2.724,1232550.0
1705417200000,2.724,2.788,2.704,2.777,1019884.0
1705420800000,2.778,2.789,2.757,2.765,490809.0
1705424400000,2.765,2.769,2.738,2.746,208195.0
1705428000000,2.747,2.756,2.726,2.736,247485.0
1705431600000,2.737,2.746,2.726,2.745,271400.0
1705435200000,2.745,2.756,2.737,2.752,98247.0
1705438800000,2.753,2.781,2.749,2.774,279500.0
1705442400000,2.774,2.778,2.748,2.753,193913.0
1705446000000,2.753,2.766,2.739,2.751,200753.0
1705449600000,2.752,2.772,2.744,2.759,235408.0
1705453200000,2.76,2.771,2.745,2.745,240422.0
1705456800000,2.746,2.762,2.74,2.753,286606.0
1705460400000,2.754,2.756,2.731,2.733,196100.0
1705464000000,2.733,2.741,2.722,2.734,314708.0
1705467600000,2.734,2.754,2.707,2.712,429362.0
1705471200000,2.712,2.725,2.703,2.708,328127.0
1705474800000,2.708,2.719,2.684,2.69,338232.0
1705478400000,2.69,2.704,2.672,2.701,540323.0
1705482000000,2.702,2.724,2.695,2.71,375397.0
1705485600000,2.711,2.742,2.709,2.737,328529.0
1705489200000,2.738,2.752,2.728,2.747,329519.0
1705492800000,2.748,2.773,2.738,2.763,511329.0
1705496400000,2.764,2.778,2.73,2.734,997631.0
1705500000000,2.734,2.764,2.711,2.738,686455.0
1705503600000,2.739,2.771,2.721,2.732,541943.0
1705507200000,2.733,2.751,2.719,2.721,464185.0
1705510800000,2.721,2.735,2.68,2.724,623942.0
1705514400000,2.725,2.738,2.707,2.738,227742.0
1705518000000,2.737,2.742,2.721,2.724,179756.0
1705521600000,2.725,2.739,2.715,2.73,120644.0
1705525200000,2.73,2.748,2.724,2.725,110270.0
1705528800000,2.725,2.727,2.682,2.713,250486.0
1705532400000,2.713,2.719,2.693,2.718,114950.0
1705536000000,2.718,2.738,2.703,2.72,304525.0
1705539600000,2.721,2.729,2.67,2.687,613531.0
1705543200000,2.688,2.705,2.685,2.696,185549.0
1705546800000,2.696,2.704,2.679,2.683,213311.0
1705550400000,2.683,2.697,2.678,2.682,201917.0
1705554000000,2.683,2.7,2.679,2.697,133278.0
1705557600000,2.698,2.753,2.698,2.741,955901.0
1705561200000,2.742,2.76,2.735,2.748,328667.0
1705564800000,2.749,2.77,2.729,2.738,505616.0
1705568400000,2.737,2.761,2.727,2.731,392570.0
1705572000000,2.731,2.771,2.728,2.731,748286.0
1705575600000,2.73,2.743,2.7,2.721,856541.0
1705579200000,2.72,2.72,2.67,2.684,685317.0
1705582800000,2.684,2.725,2.636,2.704,1135390.0
1705586400000,2.703,2.743,2.699,2.736,388527.0
1705590000000,2.736,2.751,2.714,2.734,687478.0
1705593600000,2.734,2.738,2.588,2.63,2289258.0
1705597200000,2.629,2.637,2.567,2.597,1074820.0
1705600800000,2.596,2.615,2.562,2.599,692597.0
1705604400000,2.599,2.623,2.523,2.55,1422551.0
1705608000000,2.55,2.593,2.538,2.558,996836.0
1705611600000,2.557,2.592,2.546,2.578,504631.0
1705615200000,2.578,2.592,2.562,2.577,242859.0
1705618800000,2.577,2.578,2.557,2.571,405991.0
1705622400000,2.57,2.579,2.534,2.556,468643.0
1705626000000,2.556,2.561,2.507,2.548,636328.0
1705629600000,2.549,2.564,2.506,2.518,468212.0
1705633200000,2.518,2.532,2.456,2.516,1488955.0
1705636800000,2.516,2.528,2.508,2.513,376716.0
1705640400000,2.514,2.547,2.509,2.546,352743.0
1705644000000,2.546,2.586,2.544,2.556,960633.0
1705647600000,2.557,2.561,2.522,2.532,755765.0
1705651200000,2.531,2.556,2.522,2.545,332929.0
1705654800000,2.546,2.57,2.54,2.559,391202.0
1705658400000,2.559,2.577,2.555,2.572,270995.0
1705662000000,2.572,2.582,2.558,2.575,204381.0
1705665600000,2.573,2.575,2.555,2.568,289536.0
1705669200000,2.569,2.581,2.559,2.572,217583.0
1705672800000,2.572,2.575,2.527,2.541,808499.0
1705676400000,2.541,2.546,2.499,2.506,1143082.0
1705680000000,2.505,2.514,2.337,2.371,4791670.0
1705683600000,2.371,2.465,2.369,2.462,2224588.0
1705687200000,2.463,2.501,2.442,2.492,665064.0
1705690800000,2.493,2.509,2.458,2.509,754023.0
1705694400000,2.507,2.537,2.49,2.495,484778.0
1705698000000,2.494,2.526,2.493,2.515,373097.0
1705701600000,2.516,2.517,2.494,2.515,307506.0
1705705200000,2.516,2.522,2.505,2.515,162858.0
1705708800000,2.514,2.524,2.487,2.495,386197.0
1705712400000,2.495,2.549,2.489,2.544,373854.0
1705716000000,2.545,2.553,2.523,2.545,343158.0
1705719600000,2.544,2.548,2.518,2.531,205163.0
1705723200000,2.531,2.537,2.517,2.523,193179.0
1705726800000,2.523,2.529,2.509,2.52,367394.0
1705730400000,2.521,2.529,2.504,2.522,187172.0
1705734000000,2.522,2.535,2.512,2.514,171361.0
1705737600000,2.514,2.52,2.485,2.497,622947.0
1705741200000,2.497,2.507,2.445,2.452,711158.0
1705744800000,2.451,2.476,2.45,2.462,332864.0
1705748400000,2.461,2.486,2.456,2.479,224471.0
1705752000000,2.479,2.489,2.471,2.482,134274.0
1705755600000,2.483,2.483,2.453,2.469,576691.0
1705759200000,2.469,2.475,2.444,2.454,259655.0
1705762800000,2.455,2.488,2.438,2.468,384835.0
1705766400000,2.467,2.476,2.448,2.455,229182.0
1705770000000,2.454,2.477,2.446,2.464,296312.0
1705773600000,2.464,2.477,2.456,2.466,167508.0
1705777200000,2.465,2.489,2.461,2.479,157036.0
1705780800000,2.479,2.503,2.472,2.493,159294.0
1705784400000,2.492,2.515,2.49,2.498,232699.0
1705788000000,2.498,2.517,2.498,2.508,107135.0
1705791600000,2.509,2.51,2.488,2.5,192135.0
1705795200000,2.5,2.505,2.47,2.476,368143.0
1705798800000,2.476,2.507,2.472,2.491,163394.0
1705802400000,2.492,2.524,2.49,2.518,346502.0
1705806000000,2.517,2.559,2.517,2.545,391223.0
1705809600000,2.544,2.545,2.524,2.533,197460.0
1705813200000,2.534,2.553,2.53,2.534,186225.0
1705816800000,2.533,2.535,2.506,2.513,245357.0
1705820400000,2.514,2.534,2.497,2.532,288241.0
1705824000000,2.531,2.552,2.523,2.528,320663.0
1705827600000,2.529,2.559,2.527,2.554,244563.0
1705831200000,2.555,2.575,2.537,2.564,318839.0
1705834800000,2.564,2.566,2.543,2.554,263156.0
1705838400000,2.554,2.595,2.542,2.575,634713.0
1705842000000,2.575,2.674,2.571,2.632,2123123.0
1705845600000,2.632,2.645,2.59,2.618,1010671.0
1705849200000,2.618,2.623,2.555,2.564,1118335.0
1705852800000,2.563,2.586,2.535,2.567,1040941.0
1705856400000,2.566,2.599,2.564,2.595,398337.0
1705860000000,2.594,2.597,2.556,2.566,333585.0
1705863600000,2.566,2.568,2.543,2.561,246308.0
1705867200000,2.561,2.563,2.523,2.524,400020.0
1705870800000,2.524,2.542,2.52,2.541,190271.0
1705874400000,2.541,2.543,2.51,2.513,239508.0
1705878000000,2.513,2.525,2.494,2.503,380566.0
1705881600000,2.502,2.522,2.473,2.494,605579.0
1705885200000,2.494,2.504,2.433,2.446,1251657.0
1705888800000,2.446,2.471,2.422,2.44,692062.0
1705892400000,2.439,2.45,2.429,2.434,416973.0
1705896000000,2.434,2.443,2.411,2.418,636278.0
1705899600000,2.419,2.45,2.401,2.45,578954.0
1705903200000,2.451,2.467,2.443,2.455,307812.0
1705906800000,2.455,2.459,2.434,2.443,237635.0
1705910400000,2.443,2.443,2.369,2.395,1299026.0
1705914000000,2.395,2.411,2.351,2.365,1032673.0
1705917600000,2.366,2.383,2.334,2.37,1039580.0
1705921200000,2.371,2.396,2.368,2.385,439309.0
1705924800000,2.384,2.384,2.347,2.374,758550.0
1705928400000,2.374,2.42,2.374,2.397,580131.0
1705932000000,2.397,2.407,2.331,2.359,1256102.0
1705935600000,2.36,2.369,2.32,2.364,1085956.0
1705939200000,2.363,2.382,2.331,2.335,636271.0
1705942800000,2.335,2.363,2.327,2.346,247437.0
1705946400000,2.346,2.363,2.317,2.353,743925.0
1705950000000,2.354,2.374,2.258,2.295,3295399.0
1705953600000,2.295,2.354,2.292,2.334,864561.0
1705957200000,2.334,2.339,2.305,2.311,275402.0
1705960800000,2.311,2.33,2.274,2.288,687700.0
1705964400000,2.288,2.296,2.247,2.262,957709.0
1705968000000,2.262,2.288,2.227,2.263,967343.0
1705971600000,2.263,2.29,2.256,2.275,475614.0
1705975200000,2.276,2.323,2.272,2.319,382250.0
1705978800000,2.32,2.327,2.306,2.314,405154.0
1705982400000,2.314,2.339,2.314,2.315,339850.0
1705986000000,2.315,2.33,2.311,2.318,230248.0
1705989600000,2.318,2.321,2.3,2.306,258459.0
1705993200000,2.307,2.311,2.245,2.26,724108.0
1705996800000,2.26,2.275,2.176,2.205,2332875.0
1706000400000,2.205,2.211,2.07,2.142,5270157.0
1706004000000,2.143,2.19,2.141,2.15,969679.0
1706007600000,2.151,2.172,2.144,2.17,1050304.0
1706011200000,2.171,2.195,2.152,2.172,559063.0
1706014800000,2.173,2.173,2.137,2.145,618317.0
1706018400000,2.145,2.156,2.107,2.152,1711363.0
1706022000000,2.151,2.185,2.14,2.177,1063033.0
1706025600000,2.178,2.184,2.14,2.166,823698.0
1706029200000,2.166,2.205,2.163,2.18,1084376.0
1706032800000,2.181,2.205,2.153,2.155,506800.0
1706036400000,2.155,2.174,2.152,2.158,311606.0
1706040000000,2.158,2.186,2.152,2.165,323453.0
1706043600000,2.165,2.182,2.144,2.177,227829.0
1706047200000,2.177,2.224,2.171,2.216,353051.0
1706050800000,2.216,2.248,2.215,2.245,253061.0
1706054400000,2.246,2.266,2.223,2.265,522074.0
1706058000000,2.265,2.265,2.226,2.23,764526.0
1706061600000,2.231,2.243,2.215,2.223,785904.0
1706065200000,2.224,2.23,2.207,2.213,303030.0
1706068800000,2.214,2.23,2.209,2.21,290891.0
1706072400000,2.211,2.244,2.21,2.232,412335.0
1706076000000,2.232,2.246,2.212,2.246,448235.0
1706079600000,2.246,2.267,2.23,2.247,338759.0
1706083200000,2.248,2.263,2.24,2.258,326818.0
1706086800000,2.258,2.274,2.24,2.248,388824.0
1706090400000,2.247,2.286,2.243,2.271,405263.0
1706094000000,2.272,2.274,2.234,2.24,472117.0
1706097600000,2.24,2.266,2.231,2.235,376195.0
1706101200000,2.235,2.239,2.204,2.22,665962.0
1706104800000,2.219,2.245,2.209,2.22,408585.0
1706108400000,2.219,2.25,2.21,2.243,323222.0
1706112000000,2.243,2.263,2.226,2.26,424070.0
1706115600000,2.261,2.263,2.235,2.244,235008.0
1706119200000,2.243,2.246,2.207,2.224,374574.0
1706122800000,2.224,2.236,2.212,2.226,298090.0
1706126400000,2.227,2.249,2.208,2.214,222404.0
1706130000000,2.215,2.238,2.212,2.229,135102.0
1706133600000,2.23,2.257,2.225,2.252,180261.0
1706137200000,2.252,2.294,2.252,2.292,334525.0
1706140800000,2.292,2.302,2.28,2.299,413470.0
1706144400000,2.299,2.305,2.272,2.277,519336.0
1706148000000,2.277,2.292,2.254,2.263,423660.0
1706151600000,2.263,2.288,2.259,2.275,211751.0
1706155200000,2.275,2.281,2.25,2.259,167533.0
1706158800000,2.259,2.261,2.226,2.242,523370.0
1706162400000,2.242,2.369,2.239,2.354,3694232.0
1706166000000,2.354,2.371,2.314,2.341,2058053.0
1706169600000,2.341,2.35,2.296,2.305,888443.0
1706173200000,2.305,2.327,2.282,2.285,860440.0
1706176800000,2.284,2.326,2.262,2.307,1548587.0
1706180400000,2.308,2.319,2.284,2.292,607975.0
1706184000000,2.293,2.302,2.238,2.258,1025852.0
1706187600000,2.258,2.269,2.234,2.26,972411.0
1706191200000,2.259,2.285,2.243,2.274,443482.0
1706194800000,2.274,2.277,2.224,2.232,816420.0
1706198400000,2.231,2.244,2.213,2.219,475966.0
1706202000000,2.218,2.263,2.211,2.257,395476.0
1706205600000,2.257,2.292,2.256,2.268,471426.0
1706209200000,2.268,2.285,2.259,2.271,198596.0
1706212800000,2.271,2.273,2.245,2.266,343682.0
1706216400000,2.266,2.279,2.254,2.27,146779.0
1706220000000,2.269,2.27,2.247,2.258,142085.0
1706223600000,2.259,2.262,2.235,2.244,187245.0
1706227200000,2.243,2.243,2.214,2.228,345564.0
1706230800000,2.228,2.251,2.216,2.243,335450.0
1706234400000,2.242,2.279,2.239,2.274,469950.0
1706238000000,2.274,2.285,2.263,2.274,289808.0
1706241600000,2.274,2.292,2.272,2.275,390051.0
1706245200000,2.276,2.282,2.27,2.274,188064.0
1706248800000,2.274,2.284,2.248,2.249,384034.0
1706252400000,2.25,2.26,2.239,2.25,269702.0
1706256000000,2.25,2.286,2.249,2.28,382722.0
1706259600000,2.279,2.307,2.276,2.283,594061.0
1706263200000,2.282,2.322,2.277,2.317,585831.0
1706266800000,2.316,2.354,2.315,2.345,960638.0
1706270400000,2.345,2.38,2.333,2.349,935330.0
1706274000000,2.348,2.365,2.333,2.349,508942.0
1706277600000,2.349,2.37,2.345,2.368,385773.0
1706281200000,2.368,2.369,2.346,2.357,357262.0
1706284800000,2.357,2.387,2.355,2.383,783042.0
1706288400000,2.384,2.387,2.354,2.366,611962.0
1706292000000,2.366,2.374,2.355,2.372,322545.0
1706295600000,2.372,2.384,2.36,2.377,241015.0
1706299200000,2.376,2.386,2.349,2.357,280989.0
1706302800000,2.356,2.36,2.344,2.351,390227.0
1706306400000,2.35,2.362,2.336,2.36,366972.0
1706310000000,2.36,2.363,2.347,2.356,138390.0
1706313600000,2.356,2.378,2.346,2.368,445478.0
1706317200000,2.368,2.382,2.36,2.37,334635.0
1706320800000,2.37,2.418,2.368,2.401,628533.0
1706324400000,2.401,2.446,2.401,2.437,836937.0
1706328000000,2.437,2.44,2.41,2.415,523108.0
1706331600000,2.415,2.416,2.375,2.383,477044.0
1706335200000,2.383,2.405,2.368,2.374,421436.0
1706338800000,2.374,2.385,2.356,2.373,340137.0
1706342400000,2.373,2.384,2.357,2.359,337381.0
1706346000000,2.36,2.393,2.355,2.39,421951.0
1706349600000,2.389,2.404,2.38,2.383,552558.0
1706353200000,2.383,2.392,2.374,2.382,292771.0
1706356800000,2.382,2.404,2.374,2.386,243095.0
1706360400000,2.385,2.399,2.38,2.384,239615.0
1706364000000,2.383,2.4,2.379,2.385,248297.0
1706367600000,2.384,2.411,2.378,2.403,402887.0
1706371200000,2.403,2.414,2.369,2.372,495811.0
1706374800000,2.371,2.385,2.368,2.377,159937.0
1706378400000,2.377,2.408,2.373,2.396,303314.0
1706382000000,2.395,2.454,2.395,2.447,1124232.0
1706385600000,2.446,2.452,2.424,2.437,230827.0
1706389200000,2.438,2.439,2.42,2.428,155261.0
1706392800000,2.427,2.43,2.412,2.426,220979.0
1706396400000,2.426,2.426,2.408,2.419,352340.0
1706400000000,2.418,2.435,2.404,2.412,394107.0
1706403600000,2.413,2.444,2.413,2.417,450374.0
1706407200000,2.418,2.421,2.401,2.416,165995.0
1706410800000,2.415,2.445,2.412,2.445,225778.0
1706414400000,2.444,2.454,2.427,2.451,417500.0
1706418000000,2.451,2.452,2.413,2.424,483301.0
1706421600000,2.424,2.426,2.402,2.411,285842.0
1706425200000,2.412,2.418,2.388,2.394,443065.0
1706428800000,2.394,2.398,2.358,2.388,933892.0
1706432400000,2.388,2.395,2.382,2.384,268873.0
1706436000000,2.383,2.412,2.382,2.403,316512.0
1706439600000,2.402,2.405,2.364,2.375,405325.0
1706443200000,2.375,2.378,2.332,2.349,794523.0
1706446800000,2.349,2.352,2.319,2.335,571447.0
1706450400000,2.334,2.343,2.301,2.31,675304.0
1706454000000,2.31,2.332,2.305,2.319,385856.0
1706457600000,2.318,2.336,2.312,2.331,339700.0
1706461200000,2.33,2.331,2.304,2.314,325001.0
1706464800000,2.314,2.319,2.282,2.29,743052.0
1706468400000,2.289,2.302,2.269,2.28,533076.0
1706472000000,2.279,2.3,2.259,2.297,528781.0
1706475600000,2.297,2.303,2.282,2.294,214147.0
1706479200000,2.293,2.295,2.261,2.271,274300.0
1706482800000,2.271,2.291,2.261,2.279,206164.0
1706486400000,2.278,2.299,2.266,2.285,326409.0
1706490000000,2.286,2.338,2.286,2.317,598695.0
1706493600000,2.318,2.334,2.312,2.325,272840.0
1706497200000,2.324,2.349,2.32,2.322,464877.0
1706500800000,2.321,2.325,2.307,2.316,230269.0
1706504400000,2.316,2.332,2.296,2.306,575089.0
1706508000000,2.305,2.326,2.305,2.318,214466.0
1706511600000,2.317,2.326,2.294,2.304,434965.0
1706515200000,2.303,2.332,2.3,2.321,285028.0
1706518800000,2.321,2.34,2.305,2.334,331656.0
1706522400000,2.335,2.347,2.324,2.339,250781.0
1706526000000,2.338,2.346,2.328,2.332,303636.0
1706529600000,2.333,2.348,2.323,2.333,441096.0
1706533200000,2.334,2.337,2.297,2.302,444929.0
1706536800000,2.302,2.317,2.277,2.291,424361.0
1706540400000,2.29,2.348,2.283,2.345,489850.0
1706544000000,2.346,2.38,2.324,2.377,1004147.0
1706547600000,2.377,2.39,2.365,2.38,650833.0
1706551200000,2.379,2.394,2.366,2.376,235798.0
1706554800000,2.376,2.398,2.372,2.373,394982.0
1706558400000,2.373,2.388,2.369,2.381,178822.0
1706562000000,2.38,2.388,2.37,2.381,162009.0
1706565600000,2.381,2.399,2.379,2.386,254903.0
1706569200000,2.386,2.388,2.372,2.379,197090.0
1706572800000,2.378,2.379,2.352,2.362,289488.0
1706576400000,2.361,2.411,2.36,2.386,580898.0
1706580000000,2.385,2.422,2.384,2.402,733315.0
1706583600000,2.401,2.412,2.374,2.376,368800.0
1706587200000,2.375,2.383,2.357,2.366,226073.0
1706590800000,2.368,2.385,2.367,2.381,206290.0
1706594400000,2.38,2.387,2.354,2.374,364504.0
1706598000000,2.373,2.376,2.343,2.352,437822.0
1706601600000,2.352,2.385,2.347,2.364,450530.0
1706605200000,2.365,2.37,2.353,2.355,207134.0
1706608800000,2.354,2.375,2.352,2.371,198964.0
1706612400000,2.37,2.763,2.356,2.677,15003487.0
1706616000000,2.676,2.726,2.596,2.674,10498252.0
1706619600000,2.675,2.689,2.587,2.635,5062635.0
1706623200000,2.636,2.645,2.582,2.613,3814516.0
1706626800000,2.614,2.616,2.523,2.535,4803306.0
1706630400000,2.536,2.599,2.519,2.592,2908700.0
1706634000000,2.593,2.606,2.567,2.577,1556458.0
1706637600000,2.578,2.589,2.555,2.563,865052.0
1706641200000,2.563,2.567,2.54,2.556,611899.0
1706644800000,2.556,2.584,2.533,2.562,741333.0
1706648400000,2.563,2.568,2.52,2.527,935927.0
1706652000000,2.527,2.536,2.481,2.484,1267995.0
1706655600000,2.483,2.5,2.45,2.473,1507675.0
1706659200000,2.474,2.483,2.405,2.443,1916618.0
1706662800000,2.443,2.456,2.401,2.415,1640269.0
1706666400000,2.416,2.444,2.402,2.435,1149573.0
1706670000000,2.435,2.449,2.425,2.436,577303.0
1706673600000,2.437,2.437,2.41,2.431,581685.0
1706677200000,2.431,2.449,2.419,2.443,810861.0
1706680800000,2.442,2.462,2.428,2.442,788403.0
1706684400000,2.442,2.514,2.44,2.505,1864833.0
1706688000000,2.505,2.535,2.462,2.467,2623267.0
1706691600000,2.467,2.469,2.402,2.408,1878660.0
1706695200000,2.409,2.42,2.319,2.321,3736510.0
1706698800000,2.32,2.359,2.316,2.341,2277131.0
1706702400000,2.34,2.367,2.326,2.357,1234125.0
1706706000000,2.358,2.371,2.338,2.343,1299835.0
1706709600000,2.343,2.351,2.316,2.33,2087112.0
1706713200000,2.33,2.348,2.275,2.339,2186548.0
1706716800000,2.338,2.355,2.327,2.339,771544.0
1706720400000,2.339,2.375,2.331,2.367,848034.0
1706724000000,2.366,2.373,2.355,2.37,566330.0
1706727600000,2.37,2.39,2.343,2.367,722111.0
1706731200000,2.367,2.368,2.31,2.315,811563.0
1706734800000,2.316,2.329,2.279,2.297,806902.0
1706738400000,2.297,2.312,2.263,2.306,658658.0
1706742000000,2.306,2.315,2.292,2.297,411747.0
1706745600000,2.296,2.311,2.282,2.299,425489.0
1706749200000,2.3,2.3,2.224,2.236,1742055.0
1706752800000,2.236,2.266,2.231,2.264,499559.0
1706756400000,2.264,2.279,2.257,2.258,472079.0
1706760000000,2.257,2.267,2.231,2.258,497292.0
1706763600000,2.259,2.259,2.229,2.244,725252.0
1706767200000,2.245,2.253,2.225,2.249,471298.0
1706770800000,2.249,2.276,2.244,2.261,648514.0
1706774400000,2.261,2.278,2.255,2.274,454837.0
1706778000000,2.274,2.307,2.266,2.303,959562.0
1706781600000,2.303,2.303,2.277,2.283,622484.0
1706785200000,2.284,2.287,2.258,2.262,353051.0
1706788800000,2.262,2.278,2.26,2.269,300737.0
1706792400000,2.268,2.283,2.251,2.28,405599.0
1706796000000,2.28,2.295,2.268,2.289,636623.0
1706799600000,2.289,2.306,2.276,2.276,723767.0
1706803200000,2.276,2.28,2.24,2.278,607369.0
1706806800000,2.278,2.298,2.272,2.289,368438.0
1706810400000,2.289,2.289,2.251,2.261,319426.0
1706814000000,2.261,2.283,2.254,2.277,216604.0
1706817600000,2.277,2.283,2.268,2.276,257356.0
1706821200000,2.276,2.298,2.274,2.295,276015.0
1706824800000,2.295,2.296,2.266,2.271,285344.0
1706828400000,2.272,2.281,2.265,2.279,159430.0
1706832000000,2.278,2.306,2.274,2.303,309063.0
1706835600000,2.303,2.314,2.301,2.305,263055.0
1706839200000,2.305,2.313,2.29,2.309,279735.0
1706842800000,2.31,2.311,2.299,2.302,196032.0
1706846400000,2.302,2.314,2.287,2.293,343566.0
1706850000000,2.293,2.32,2.287,2.317,317020.0
1706853600000,2.317,2.333,2.313,2.322,496533.0
1706857200000,2.321,2.349,2.314,2.334,547371.0
1706860800000,2.334,2.34,2.302,2.31,470194.0
1706864400000,2.31,2.318,2.3,2.309,296731.0
1706868000000,2.309,2.33,2.298,2.328,282060.0
1706871600000,2.328,2.33,2.314,2.32,248105.0
1706875200000,2.321,2.33,2.303,2.306,184256.0
1706878800000,2.305,2.308,2.277,2.291,1155346.0
1706882400000,2.291,2.345,2.282,2.323,932858.0
1706886000000,2.324,2.362,2.323,2.354,734330.0
1706889600000,2.353,2.374,2.334,2.364,984847.0
1706893200000,2.364,2.373,2.341,2.345,528950.0
1706896800000,2.344,2.355,2.33,2.345,379609.0
1706900400000,2.345,2.351,2.327,2.341,178552.0
1706904000000,2.342,2.351,2.334,2.344,99229.0
1706907600000,2.344,2.358,2.344,2.345,104044.0
1706911200000,2.346,2.379,2.341,2.373,308334.0
1706914800000,2.373,2.375,2.352,2.358,328747.0
1706918400000,2.359,2.375,2.349,2.359,355870.0
1706922000000,2.358,2.39,2.358,2.388,499843.0
1706925600000,2.388,2.397,2.368,2.385,378635.0
1706929200000,2.386,2.409,2.367,2.393,956856.0
1706932800000,2.393,2.407,2.376,2.379,493924.0
1706936400000,2.38,2.388,2.356,2.374,658888.0
1706940000000,2.373,2.383,2.369,2.378,241009.0
1706943600000,2.378,2.378,2.332,2.348,764267.0
1706947200000,2.349,2.361,2.319,2.319,515284.0
1706950800000,2.32,2.328,2.303,2.322,681554.0
1706954400000,2.323,2.327,2.313,2.321,243298.0
1706958000000,2.322,2.325,2.292,2.3,564404.0
1706961600000,2.301,2.316,2.301,2.309,262773.0
1706965200000,2.309,2.321,2.306,2.321,231717.0
1706968800000,2.32,2.32,2.298,2.305,302055.0
1706972400000,2.305,2.319,2.276,2.312,759035.0
1706976000000,2.313,2.327,2.311,2.315,352613.0
1706979600000,2.316,2.338,2.314,2.337,239403.0
1706983200000,2.338,2.343,2.323,2.329,296013.0
1706986800000,2.329,2.338,2.327,2.332,160616.0
1706990400000,2.333,2.338,2.324,2.332,113448.0
1706994000000,2.332,2.334,2.312,2.32,234309.0
1706997600000,2.321,2.326,2.311,2.316,113971.0
1707001200000,2.316,2.328,2.306,2.311,229296.0
1707004800000,2.311,2.312,2.261,2.288,990266.0
1707008400000,2.288,2.299,2.271,2.297,348060.0
1707012000000,2.297,2.3,2.278,2.281,326124.0
1707015600000,2.282,2.294,2.28,2.286,150099.0
1707019200000,2.287,2.288,2.255,2.271,385029.0
1707022800000,2.27,2.277,2.261,2.263,232559.0
1707026400000,2.262,2.273,2.236,2.243,710825.0
1707030000000,2.243,2.254,2.227,2.24,519106.0
1707033600000,2.241,2.247,2.226,2.234,304914.0
1707037200000,2.234,2.246,2.208,2.243,747557.0
1707040800000,2.243,2.244,2.228,2.236,210882.0
1707044400000,2.237,2.258,2.236,2.25,318043.0
1707048000000,2.25,2.264,2.248,2.252,577673.0
1707051600000,2.251,2.264,2.244,2.248,503142.0
1707055200000,2.249,2.257,2.232,2.238,420837.0
1707058800000,2.238,2.242,2.227,2.237,198619.0
1707062400000,2.236,2.254,2.228,2.239,401208.0
1707066000000,2.239,2.244,2.221,2.24,360431.0
1707069600000,2.239,2.249,2.22,2.225,276087.0
1707073200000,2.225,2.229,2.194,2.222,733831.0
1707076800000,2.222,2.242,2.207,2.233,237298.0
1707080400000,2.233,2.245,2.229,2.233,133811.0
1707084000000,2.233,2.237,2.16,2.184,814595.0
1707087600000,2.184,2.191,2.178,2.182,387274.0
1707091200000,2.182,2.208,2.179,2.181,595055.0
1707094800000,2.181,2.191,2.151,2.188,766327.0
1707098400000,2.187,2.198,2.175,2.183,409783.0
1707102000000,2.183,2.212,2.183,2.209,395580.0
1707105600000,2.209,2.217,2.2,2.205,313743.0
1707109200000,2.204,2.211,2.198,2.211,253980.0
1707112800000,2.21,2.225,2.208,2.221,291493.0
1707116400000,2.221,2.237,2.216,2.227,426598.0
1707120000000,2.226,2.233,2.211,2.215,360409.0
1707123600000,2.214,2.218,2.199,2.208,337605.0
1707127200000,2.207,2.227,2.207,2.217,332184.0
1707130800000,2.217,2.219,2.206,2.213,193307.0
1707134400000,2.214,2.225,2.212,2.22,237161.0
1707138000000,2.22,2.245,2.214,2.233,1134034.0
1707141600000,2.233,2.243,2.219,2.226,570835.0
1707145200000,2.226,2.226,2.181,2.189,878967.0
1707148800000,2.19,2.197,2.164,2.196,726078.0
1707152400000,2.195,2.219,2.192,2.211,241318.0
1707156000000,2.211,2.217,2.196,2.217,160708.0
1707159600000,2.217,2.226,2.211,2.213,248077.0
1707163200000,2.214,2.216,2.183,2.216,405582.0
1707166800000,2.215,2.216,2.199,2.205,202858.0
1707170400000,2.206,2.215,2.19,2.206,226215.0
1707174000000,2.206,2.229,2.199,2.223,263577.0
1707177600000,2.223,2.236,2.214,2.227,423263.0
1707181200000,2.226,2.234,2.214,2.215,231949.0
1707184800000,2.215,2.242,2.209,2.24,555258.0
1707188400000,2.24,2.249,2.226,2.234,368375.0
1707192000000,2.235,2.241,2.223,2.23,371337.0
1707195600000,2.23,2.231,2.215,2.223,274674.0
1707199200000,2.224,2.244,2.219,2.237,224776.0
1707202800000,2.237,2.24,2.222,2.235,298130.0
1707206400000,2.236,2.246,2.225,2.241,409350.0
1707210000000,2.24,2.242,2.227,2.23,301768.0
1707213600000,2.23,2.238,2.197,2.214,655480.0
1707217200000,2.214,2.215,2.196,2.208,441759.0
1707220800000,2.207,2.244,2.176,2.196,1436386.0
1707224400000,2.195,2.215,2.181,2.211,368775.0
1707228000000,2.21,2.235,2.21,2.221,398192.0
1707231600000,2.22,2.243,2.217,2.235,417385.0
1707235200000,2.235,2.243,2.224,2.226,312708.0
1707238800000,2.225,2.234,2.22,2.228,170188.0
1707242400000,2.228,2.237,2.216,2.235,165761.0
1707246000000,2.235,2.242,2.221,2.241,290561.0
1707249600000,2.24,2.251,2.23,2.234,346036.0
1707253200000,2.233,2.237,2.221,2.224,118195.0
1707256800000,2.223,2.233,2.214,2.232,247016.0
1707260400000,2.23,2.234,2.216,2.22,364524.0
1707264000000,2.22,2.232,2.215,2.22,181710.0
1707267600000,2.219,2.238,2.217,2.232,197094.0
1707271200000,2.232,2.253,2.23,2.237,371592.0
1707274800000,2.236,2.242,2.225,2.229,221299.0
1707278400000,2.228,2.231,2.205,2.22,520508.0
1707282000000,2.22,2.241,2.2,2.232,445365.0
1707285600000,2.231,2.243,2.225,2.237,153010.0
1707289200000,2.237,2.25,2.229,2.234,321943.0
1707292800000,2.234,2.252,2.229,2.242,275460.0
1707296400000,2.242,2.268,2.238,2.26,720223.0
1707300000000,2.259,2.292,2.254,2.258,788930.0
1707303600000,2.258,2.274,2.254,2.272,390312.0
1707307200000,2.271,2.299,2.267,2.297,586394.0
1707310800000,2.296,2.299,2.274,2.28,423259.0
1707314400000,2.28,2.298,2.278,2.283,372755.0
1707318000000,2.283,2.334,2.277,2.322,1231385.0
1707321600000,2.322,2.351,2.315,2.347,845115.0
1707325200000,2.346,2.376,2.334,2.343,1132361.0
1707328800000,2.344,2.368,2.344,2.356,521794.0
1707332400000,2.356,2.358,2.343,2.347,231373.0
1707336000000,2.346,2.363,2.343,2.356,317956.0
1707339600000,2.356,2.37,2.347,2.358,523364.0
1707343200000,2.358,2.376,2.353,2.365,289338.0
1707346800000,2.364,2.381,2.351,2.355,394023.0
1707350400000,2.355,2.393,2.353,2.389,657407.0
1707354000000,2.389,2.39,2.353,2.388,489773.0
1707357600000,2.387,2.394,2.361,2.368,605820.0
1707361200000,2.369,2.38,2.347,2.354,728474.0
1707364800000,2.354,2.367,2.352,2.354,317148.0
1707368400000,2.354,2.371,2.349,2.356,265696.0
1707372000000,2.356,2.372,2.349,2.352,219473.0
1707375600000,2.351,2.357,2.342,2.35,263372.0
1707379200000,2.349,2.369,2.349,2.368,260217.0
1707382800000,2.367,2.376,2.348,2.356,377880.0
1707386400000,2.356,2.367,2.352,2.353,202657.0
1707390000000,2.352,2.374,2.347,2.366,351898.0
1707393600000,2.366,2.386,2.345,2.352,761904.0
1707397200000,2.351,2.36,2.329,2.359,455417.0
1707400800000,2.359,2.39,2.354,2.381,711699.0
1707404400000,2.382,2.422,2.381,2.397,893050.0
1707408000000,2.397,2.43,2.363,2.389,2899106.0
1707411600000,2.389,2.402,2.352,2.383,1130230.0
1707415200000,2.383,2.411,2.382,2.394,424725.0
1707418800000,2.393,2.423,2.393,2.402,256091.0
1707422400000,2.401,2.418,2.392,2.398,322653.0
1707426000000,2.398,2.414,2.385,2.386,847072.0
1707429600000,2.385,2.397,2.383,2.388,213143.0
1707433200000,2.388,2.401,2.381,2.384,189860.0
1707436800000,2.384,2.434,2.383,2.42,551281.0
1707440400000,2.419,2.434,2.405,2.429,516042.0
1707444000000,2.428,2.435,2.344,2.416,1931650.0
1707447600000,2.415,2.436,2.405,2.421,555888.0
1707451200000,2.42,2.433,2.404,2.413,542825.0
1707454800000,2.412,2.435,2.404,2.433,303375.0
1707458400000,2.432,2.432,2.407,2.413,282167.0
1707462000000,2.412,2.434,2.41,2.427,318806.0
1707465600000,2.427,2.45,2.427,2.445,484600.0
1707469200000,2.445,2.452,2.421,2.43,727307.0
1707472800000,2.43,2.439,2.419,2.426,208346.0
1707476400000,2.426,2.435,2.404,2.433,550258.0
1707480000000,2.432,2.486,2.426,2.462,1114406.0
1707483600000,2.461,2.474,2.445,2.473,1034793.0
1707487200000,2.472,2.482,2.423,2.443,1373298.0
1707490800000,2.443,2.476,2.415,2.47,898941.0
1707494400000,2.469,2.51,2.469,2.483,1721845.0
1707498000000,2.483,2.506,2.472,2.496,617938.0
1707501600000,2.495,2.503,2.456,2.463,745900.0
1707505200000,2.463,2.471,2.438,2.469,644934.0
1707508800000,2.469,2.488,2.466,2.475,285902.0
1707512400000,2.476,2.494,2.471,2.49,198649.0
1707516000000,2.49,2.498,2.477,2.496,191467.0
1707519600000,2.495,2.495,2.479,2.488,153512.0
1707523200000,2.489,2.497,2.475,2.48,268049.0
1707526800000,2.48,2.5,2.466,2.497,418934.0
1707530400000,2.496,2.543,2.496,2.531,657693.0
1707534000000,2.53,2.549,2.528,2.546,560877.0
1707537600000,2.546,2.587,2.541,2.571,1005957.0
1707541200000,2.572,2.598,2.545,2.578,1142651.0
1707544800000,2.578,2.607,2.536,2.543,1507301.0
1707548400000,2.543,2.55,2.504,2.507,1115662.0
1707552000000,2.506,2.527,2.485,2.491,757480.0
1707555600000,2.49,2.502,2.46,2.466,706928.0
1707559200000,2.466,2.477,2.423,2.442,890277.0
1707562800000,2.442,2.47,2.437,2.468,428881.0
1707566400000,2.467,2.481,2.462,2.473,331430.0
1707570000000,2.473,2.571,2.457,2.546,1186006.0
1707573600000,2.547,2.55,2.502,2.524,1461390.0
1707577200000,2.523,2.54,2.513,2.518,435933.0
1707580800000,2.517,2.527,2.502,2.522,429639.0
1707584400000,2.521,2.523,2.497,2.505,318467.0
1707588000000,2.504,2.523,2.499,2.521,125860.0
1707591600000,2.52,2.534,2.517,2.527,135813.0
1707595200000,2.526,2.529,2.51,2.519,215615.0
1707598800000,2.52,2.538,2.518,2.519,116168.0
1707602400000,2.519,2.521,2.482,2.504,417740.0
1707606000000,2.503,2.516,2.486,2.488,174256.0
1707609600000,2.489,2.516,2.48,2.512,312981.0
1707613200000,2.513,2.521,2.499,2.516,298356.0
1707616800000,2.515,2.517,2.49,2.497,188704.0
1707620400000,2.496,2.527,2.493,2.525,594668.0
1707624000000,2.526,2.54,2.511,2.517,464828.0
1707627600000,2.517,2.535,2.516,2.527,200129.0
1707631200000,2.527,2.53,2.514,2.518,154771.0
1707634800000,2.519,2.552,2.512,2.539,494600.0
1707638400000,2.54,2.592,2.534,2.571,789751.0
1707642000000,2.572,2.58,2.55,2.551,513281.0
1707645600000,2.551,2.598,2.54,2.551,689575.0
1707649200000,2.551,2.558,2.531,2.55,410902.0
1707652800000,2.551,2.56,2.539,2.542,277985.0
1707656400000,2.542,2.553,2.504,2.506,1036627.0
1707660000000,2.507,2.524,2.471,2.524,642790.0
1707663600000,2.525,2.53,2.493,2.507,322322.0
1707667200000,2.508,2.515,2.489,2.5,311555.0
1707670800000,2.499,2.521,2.498,2.515,188171.0
1707674400000,2.516,2.519,2.489,2.499,222959.0
1707678000000,2.5,2.507,2.492,2.496,75520.0
1707681600000,2.496,2.505,2.459,2.469,479496.0
1707685200000,2.469,2.484,2.467,2.473,215158.0
1707688800000,2.474,2.477,2.454,2.458,271467.0
1707692400000,2.459,2.463,2.444,2.461,289795.0
1707696000000,2.461,2.518,2.46,2.512,559374.0
1707699600000,2.513,2.561,2.509,2.545,902785.0
1707703200000,2.546,2.554,2.489,2.529,1006102.0
1707706800000,2.528,2.558,2.512,2.547,722506.0
1707710400000,2.548,2.55,2.513,2.529,491037.0
1707714000000,2.529,2.548,2.529,2.534,314622.0
1707717600000,2.533,2.559,2.509,2.548,744102.0
1707721200000,2.548,2.635,2.544,2.577,2608030.0
1707724800000,2.575,2.631,2.57,2.59,1394989.0
1707728400000,2.589,2.607,2.518,2.528,1760342.0
1707732000000,2.528,2.54,2.508,2.514,750097.0
1707735600000,2.514,2.539,2.502,2.538,541442.0
1707739200000,2.538,2.548,2.509,2.532,486646.0
1707742800000,2.532,2.533,2.498,2.505,327656.0
1707746400000,2.505,2.571,2.492,2.569,1198364.0
1707750000000,2.569,2.634,2.544,2.612,1856145.0
1707753600000,2.612,2.619,2.578,2.586,1533640.0
1707757200000,2.587,2.64,2.587,2.605,1246282.0
1707760800000,2.606,2.638,2.606,2.622,476008.0
1707764400000,2.622,2.64,2.584,2.59,556486.0
1707768000000,2.589,2.63,2.589,2.627,310698.0
1707771600000,2.627,2.627,2.594,2.597,223875.0
1707775200000,2.597,2.646,2.593,2.636,433456.0
1707778800000,2.636,2.636,2.611,2.619,327016.0
1707782400000,2.619,2.68,2.618,2.653,744134.0
1707786000000,2.655,2.714,2.651,2.659,1577592.0
1707789600000,2.66,2.664,2.624,2.629,739967.0
1707793200000,2.629,2.645,2.619,2.628,542366.0
1707796800000,2.628,2.658,2.626,2.645,406250.0
1707800400000,2.645,2.665,2.624,2.659,530167.0
1707804000000,2.66,2.674,2.65,2.658,435320.0
1707807600000,2.658,2.699,2.656,2.687,615716.0
1707811200000,2.687,2.777,2.681,2.75,2219504.0
1707814800000,2.75,2.811,2.729,2.802,1519814.0
1707818400000,2.803,2.804,2.734,2.75,1556588.0
1707822000000,2.752,2.808,2.75,2.797,1404960.0
1707825600000,2.798,2.817,2.774,2.788,1113461.0
1707829200000,2.789,2.898,2.699,2.878,7283367.0
1707832800000,2.879,2.887,2.76,2.811,8761945.0
1707836400000,2.811,2.824,2.751,2.76,3152524.0
1707840000000,2.761,2.777,2.686,2.691,2547976.0
1707843600000,2.691,2.721,2.68,2.699,1010974.0
1707847200000,2.7,2.714,2.681,2.689,617443.0
1707850800000,2.69,2.704,2.665,2.685,783888.0
1707854400000,2.686,2.713,2.679,2.708,399247.0
1707858000000,2.708,2.727,2.699,2.712,479763.0
1707861600000,2.713,2.723,2.679,2.706,542343.0
1707865200000,2.706,2.784,2.695,2.773,1102662.0
1707868800000,2.774,2.775,2.701,2.703,1154280.0
1707872400000,2.703,2.73,2.692,2.712,791418.0
1707876000000,2.713,2.777,2.701,2.771,981908.0
1707879600000,2.771,2.799,2.758,2.773,944710.0
1707883200000,2.773,2.79,2.755,2.761,620391.0
1707886800000,2.761,2.814,2.761,2.8,772465.0
1707890400000,2.8,2.818,2.784,2.805,842019.0
1707894000000,2.806,2.814,2.786,2.793,561190.0
1707897600000,2.794,2.845,2.779,2.84,1038134.0
1707901200000,2.84,2.861,2.821,2.827,1487408.0
1707904800000,2.827,2.843,2.798,2.833,987873.0
1707908400000,2.833,2.98,2.833,2.973,3570450.0
1707912000000,2.973,3.044,2.917,3.04,3120003.0
1707915600000,3.039,3.157,3.009,3.106,4879220.0
1707919200000,3.105,3.112,3.06,3.073,2924871.0
1707922800000,3.072,3.079,3.023,3.076,2064175.0
1707926400000,3.076,3.079,2.962,2.969,2298837.0
1707930000000,2.969,3.036,2.955,3.022,1675436.0
1707933600000,3.022,3.054,3.015,3.041,1185809.0
1707937200000,3.041,3.068,3.022,3.045,558604.0
1707940800000,3.044,3.117,3.044,3.113,1053106.0
1707944400000,3.113,3.154,3.091,3.151,958908.0
1707948000000,3.15,3.241,3.145,3.167,2501093.0
1707951600000,3.167,3.175,3.131,3.142,751283.0
1707955200000,3.141,3.228,3.137,3.163,2069138.0
1707958800000,3.163,3.172,3.111,3.136,1935912.0
1707962400000,3.134,3.168,3.09,3.096,1295676.0
1707966000000,3.096,3.144,3.078,3.134,1201047.0
1707969600000,3.134,3.145,3.11,3.121,681005.0
1707973200000,3.121,3.139,3.051,3.102,1143794.0
1707976800000,3.102,3.133,3.086,3.086,751986.0
1707980400000,3.086,3.113,3.072,3.088,681725.0
1707984000000,3.086,3.208,3.072,3.203,2614798.0
1707987600000,3.204,3.246,3.178,3.198,2282255.0
1707991200000,3.198,3.271,3.186,3.269,2202162.0
1707994800000,3.27,3.292,3.226,3.277,2215925.0
1707998400000,3.275,3.287,3.192,3.203,1886845.0
1708002000000,3.202,3.211,3.153,3.176,1345311.0
1708005600000,3.175,3.239,3.166,3.21,1278358.0
1708009200000,3.211,3.217,3.107,3.127,2297958.0
1708012800000,3.126,3.148,3.08,3.097,1303838.0
1708016400000,3.096,3.124,3.094,3.111,690740.0
1708020000000,3.112,3.217,3.109,3.216,1804446.0
1708023600000,3.216,3.285,3.19,3.275,2677299.0
1708027200000,3.274,3.299,3.227,3.261,2139190.0
1708030800000,3.26,3.314,3.192,3.209,1916871.0
1708034400000,3.209,3.264,3.188,3.226,682998.0
1708038000000,3.225,3.5,3.217,3.465,3955892.0
1708041600000,3.466,3.489,3.356,3.43,3511225.0
1708045200000,3.43,3.581,3.428,3.576,4314591.0
1708048800000,3.575,3.656,3.524,3.588,5059694.0
1708052400000,3.588,3.788,3.573,3.76,6146692.0
1708056000000,3.76,3.978,3.752,3.927,12134170.0
1708059600000,3.928,3.979,3.868,3.958,7055867.0
1708063200000,3.957,3.969,3.771,3.812,7061566.0
1708066800000,3.813,3.842,3.695,3.716,6899172.0
1708070400000,3.715,3.906,3.713,3.834,5495833.0
1708074000000,3.834,3.92,3.774,3.904,5555248.0
1708077600000,3.905,4.402,3.871,4.255,16425634.0
1708081200000,4.256,4.31,4.159,4.2,9025467.0
1708084800000,4.2,4.425,4.179,4.336,9668641.0
1708088400000,4.337,4.445,4.234,4.299,9352535.0
1708092000000,4.297,4.497,4.252,4.315,12943187.0
1708095600000,4.316,4.397,4.096,4.355,14593555.0
1708099200000,4.356,4.62,4.3,4.37,13728068.0
1708102800000,4.369,4.46,4.329,4.43,4708533.0
1708106400000,4.429,4.48,4.386,4.451,3403094.0
1708110000000,4.452,4.471,4.221,4.249,4570742.0
1708113600000,4.249,4.312,4.247,4.273,2325210.0
1708117200000,4.274,4.336,4.224,4.305,1747415.0
1708120800000,4.304,4.328,4.155,4.185,2531381.0
1708124400000,4.186,4.486,4.181,4.465,4022766.0
1708128000000,4.465,4.578,4.418,4.481,6514528.0
1708131600000,4.48,4.48,4.286,4.356,5128598.0
1708135200000,4.356,4.42,4.29,4.405,3662588.0
1708138800000,4.405,4.45,4.35,4.387,3107138.0
1708142400000,4.388,4.473,4.387,4.41,2698095.0
1708146000000,4.41,4.54,4.378,4.476,3519955.0
1708149600000,4.476,4.68,4.45,4.485,9270991.0
1708153200000,4.486,4.523,4.434,4.463,3685553.0
1708156800000,4.463,4.476,4.3,4.342,6445607.0
1708160400000,4.341,4.391,4.314,4.344,3307540.0
1708164000000,4.344,4.627,4.319,4.623,7375020.0
1708167600000,4.623,4.73,4.493,4.636,8672509.0
1708171200000,4.635,4.8,4.567,4.692,12034943.0
1708174800000,4.691,4.969,4.684,4.71,14357954.0
1708178400000,4.71,4.827,4.483,4.619,11281061.0
1708182000000,4.618,4.757,4.55,4.726,5947420.0
1708185600000,4.726,4.74,4.607,4.714,4139602.0
1708189200000,4.714,4.823,4.688,4.777,3627808.0
1708192800000,4.779,4.823,4.706,4.802,3037176.0
1708196400000,4.803,4.932,4.798,4.832,3532612.0
1708200000000,4.833,4.833,4.681,4.684,2235592.0
1708203600000,4.685,4.771,4.647,4.723,2285345.0
1708207200000,4.724,4.745,4.664,4.682,952849.0
1708210800000,4.682,4.702,4.625,4.684,1758787.0
1708214400000,4.684,4.873,4.674,4.844,3912043.0
1708218000000,4.844,5.563,4.844,5.265,20151571.0
1708221600000,5.265,5.309,5.094,5.173,8490533.0
1708225200000,5.172,5.36,5.168,5.27,6013797.0
1708228800000,5.271,5.404,5.251,5.348,4657621.0
1708232400000,5.349,5.48,5.283,5.323,7453953.0
1708236000000,5.323,5.346,5.133,5.158,6444697.0
1708239600000,5.159,5.258,5.095,5.228,6757814.0
1708243200000,5.229,5.286,5.113,5.278,4914259.0
1708246800000,5.279,5.35,5.231,5.314,5246880.0
1708250400000,5.313,5.324,5.137,5.21,5289710.0
1708254000000,5.211,5.317,5.18,5.29,3714271.0
1708257600000,5.291,5.5,5.272,5.312,10648880.0
1708261200000,5.314,5.598,5.304,5.458,8862026.0
1708264800000,5.457,5.476,5.314,5.395,6648753.0
1708268400000,5.396,5.534,5.349,5.5,7427666.0
1708272000000,5.498,6.4,5.44,6.263,28245703.0
1708275600000,6.261,6.43,6.114,6.298,16946418.0
1708279200000,6.299,6.326,5.956,6.107,9651847.0
1708282800000,6.106,6.116,5.954,6.002,4494634.0
1708286400000,6.0,6.018,5.771,5.853,5956894.0
1708290000000,5.854,5.878,5.71,5.755,3071656.0
1708293600000,5.755,6.0,5.66,5.925,4189666.0
1708297200000,5.926,5.975,5.814,5.895,3873626.0
1708300800000,5.896,6.13,5.84,6.111,5747773.0
1708304400000,6.11,6.215,6.017,6.079,8779592.0
1708308000000,6.079,6.25,6.074,6.235,5989671.0
1708311600000,6.235,6.45,6.184,6.301,12544885.0
1708315200000,6.302,6.886,6.273,6.726,20557866.0
1708318800000,6.727,6.9,6.57,6.873,10907270.0
1708322400000,6.87,7.449,6.753,7.327,24185168.0
1708326000000,7.327,7.636,7.137,7.557,22607946.0
1708329600000,7.556,7.676,7.18,7.252,27442140.0
1708333200000,7.251,7.62,7.245,7.548,14356099.0
1708336800000,7.549,7.579,7.222,7.473,11971184.0
1708340400000,7.472,7.794,7.395,7.701,16310885.0
1708344000000,7.701,7.989,7.549,7.613,27108051.0
1708347600000,7.613,7.84,7.258,7.428,23728394.0
1708351200000,7.427,7.512,6.921,7.095,21772626.0
1708354800000,7.095,7.438,7.094,7.225,13964453.0
1708358400000,7.223,7.44,6.975,7.116,16402740.0
1708362000000,7.116,7.436,7.087,7.377,11748934.0
1708365600000,7.378,7.477,7.285,7.374,5722855.0
1708369200000,7.375,7.428,7.235,7.378,3740449.0
1708372800000,7.379,7.617,7.284,7.472,4710194.0
1708376400000,7.471,7.489,7.326,7.464,2898541.0
1708380000000,7.465,7.9,7.44,7.862,6963095.0
1708383600000,7.863,7.93,7.564,7.636,9171640.0
1708387200000,7.635,7.813,7.302,7.358,11818155.0
1708390800000,7.359,7.436,7.112,7.356,9875032.0
1708394400000,7.356,7.38,7.187,7.36,6067418.0
1708398000000,7.362,7.402,6.719,6.861,14486859.0
1708401600000,6.86,6.88,6.543,6.848,18569831.0
1708405200000,6.849,7.007,6.758,6.908,7994225.0
1708408800000,6.909,7.196,6.837,7.101,8741908.0
1708412400000,7.101,7.168,6.967,7.036,5691172.0
1708416000000,7.037,7.176,6.951,7.151,8908190.0
1708419600000,7.151,7.217,6.851,7.097,9236344.0
1708423200000,7.098,7.16,6.855,6.885,7441341.0
1708426800000,6.885,6.926,6.671,6.816,10381354.0
1708430400000,6.816,6.955,6.73,6.864,6552550.0
1708434000000,6.864,6.923,6.58,6.814,13962517.0
1708437600000,6.813,6.827,6.446,6.535,14473660.0
1708441200000,6.536,6.575,6.131,6.523,20456085.0
1708444800000,6.522,6.541,6.22,6.248,9774968.0
1708448400000,6.247,6.469,6.202,6.46,7608618.0
1708452000000,6.459,6.473,6.342,6.39,2517457.0
1708455600000,6.39,6.475,6.31,6.416,3109303.0
1708459200000,6.415,6.501,6.36,6.441,2117823.0
1708462800000,6.442,6.742,6.362,6.722,3962828.0
1708466400000,6.722,6.953,6.541,6.603,7009620.0
1708470000000,6.603,6.862,6.591,6.7,4626173.0
1708473600000,6.699,7.166,6.693,6.908,9743577.0
1708477200000,6.907,6.966,6.706,6.75,6561148.0
1708480800000,6.75,6.951,6.747,6.938,6385444.0
1708484400000,6.936,7.08,6.88,7.053,6431676.0
1708488000000,7.052,7.111,6.827,6.855,7370229.0
1708491600000,6.856,6.914,6.613,6.684,6692997.0
1708495200000,6.684,6.805,6.559,6.682,8009048.0
1708498800000,6.683,6.84,6.601,6.727,6542167.0
1708502400000,6.728,7.02,6.716,6.928,7857356.0
1708506000000,6.93,6.945,6.649,6.716,8144651.0
1708509600000,6.717,6.825,6.539,6.674,8642424.0
1708513200000,6.675,6.747,6.367,6.444,8476026.0
1708516800000,6.444,6.612,6.344,6.533,7382827.0
1708520400000,6.533,6.689,6.373,6.401,6771116.0
1708524000000,6.4,6.425,6.031,6.14,16927781.0
1708527600000,6.139,6.345,6.076,6.278,8884638.0
1708531200000,6.278,6.431,6.144,6.35,9218352.0
1708534800000,6.35,6.414,6.15,6.185,4467848.0
1708538400000,6.186,6.226,6.08,6.181,2894507.0
1708542000000,6.18,6.342,6.152,6.315,3079922.0
1708545600000,6.315,6.331,6.215,6.283,1673584.0
1708549200000,6.284,6.846,6.284,6.842,9069580.0
1708552800000,6.841,7.006,6.65,6.925,6043565.0
1708556400000,6.923,7.198,6.831,7.125,7778085.0
1708560000000,7.125,7.59,7.051,7.43,16230765.0
1708563600000,7.431,7.548,7.091,7.15,11358582.0
1708567200000,7.151,7.388,7.118,7.244,7548106.0
1708570800000,7.244,7.46,7.18,7.378,6075138.0
1708574400000,7.377,7.442,7.252,7.404,6562700.0
1708578000000,7.403,7.635,7.327,7.558,9414697.0
1708581600000,7.559,8.441,7.515,8.353,27977939.0
1708585200000,8.354,8.5,8.19,8.349,12064142.0
1708588800000,8.35,8.429,8.109,8.322,11020234.0
1708592400000,8.322,8.8,8.241,8.726,14443028.0
1708596000000,8.726,8.735,8.225,8.35,13847868.0
1708599600000,8.35,8.686,8.273,8.57,10584080.0
1708603200000,8.571,8.746,8.452,8.63,11672984.0
1708606800000,8.628,8.682,8.236,8.462,12871370.0
1708610400000,8.463,8.711,8.344,8.685,12970733.0
1708614000000,8.688,8.996,8.462,8.843,17655708.0
1708617600000,8.844,8.944,8.382,8.512,14024487.0
1708621200000,8.512,8.677,8.464,8.593,6279971.0
1708624800000,8.591,9.072,8.549,8.918,9209465.0
1708628400000,8.917,8.935,8.641,8.776,4481588.0
1708632000000,8.773,9.019,8.701,8.954,5367016.0
1708635600000,8.954,9.008,8.581,8.693,5728154.0
1708639200000,8.691,8.773,8.404,8.509,4370306.0
1708642800000,8.51,8.521,8.123,8.163,6915554.0
1708646400000,8.163,8.455,8.156,8.412,6468543.0
1708650000000,8.414,8.532,8.18,8.199,6215801.0
1708653600000,8.199,8.422,8.183,8.258,5505815.0
1708657200000,8.259,8.375,8.15,8.198,6439026.0
1708660800000,8.199,8.231,7.842,8.141,13565796.0
1708664400000,8.14,8.28,8.088,8.135,4782258.0
1708668000000,8.132,8.194,8.013,8.143,4407910.0
1708671600000,8.143,8.24,7.938,8.045,6086315.0
1708675200000,8.043,8.145,7.905,8.018,6261236.0
1708678800000,8.016,8.408,8.014,8.346,7824321.0
1708682400000,8.346,8.399,8.2,8.305,5109848.0
1708686000000,8.304,8.609,8.247,8.58,6564778.0
1708689600000,8.581,8.688,8.279,8.383,8854327.0
1708693200000,8.383,8.809,8.372,8.772,9659501.0
1708696800000,8.772,9.195,8.625,8.83,23632480.0
1708700400000,8.829,8.831,8.25,8.305,20157774.0
1708704000000,8.305,8.359,8.033,8.33,13642894.0
1708707600000,8.329,8.444,8.276,8.347,5146660.0
1708711200000,8.347,8.4,8.271,8.296,2896318.0
1708714800000,8.297,8.365,8.224,8.301,2767192.0
1708718400000,8.301,8.377,8.18,8.345,2239745.0
1708722000000,8.345,8.349,8.111,8.129,2028145.0
1708725600000,8.126,8.206,8.081,8.167,1749884.0
1708729200000,8.168,8.293,8.01,8.215,3507169.0
1708732800000,8.216,8.279,8.025,8.068,3882989.0
1708736400000,8.068,8.087,7.619,7.705,11250205.0
1708740000000,7.708,7.856,7.682,7.808,3903293.0
1708743600000,7.809,7.834,7.717,7.798,2304262.0
1708747200000,7.798,8.121,7.743,8.069,5230971.0
1708750800000,8.068,8.074,7.926,7.99,3541092.0
1708754400000,7.99,8.003,7.8,7.845,3755361.0
1708758000000,7.847,7.899,7.777,7.83,3203542.0
1708761600000,7.829,7.864,7.701,7.73,3656545.0
1708765200000,7.73,7.847,7.712,7.727,2598587.0
1708768800000,7.727,7.826,7.7,7.731,2262012.0
1708772400000,7.732,7.986,7.661,7.946,6012206.0
1708776000000,7.945,8.368,7.883,8.23,8964485.0
1708779600000,8.229,8.298,8.121,8.225,4178170.0
1708783200000,8.223,8.499,8.116,8.237,10229256.0
1708786800000,8.236,8.458,8.197,8.251,5675583.0
1708790400000,8.252,8.418,8.068,8.126,6976442.0
1708794000000,8.126,8.385,8.117,8.246,4794359.0
1708797600000,8.248,8.476,8.178,8.245,6342696.0
1708801200000,8.246,8.422,8.201,8.367,2884168.0
1708804800000,8.367,8.378,8.249,8.275,1639183.0
1708808400000,8.275,8.32,8.141,8.188,1831234.0
1708812000000,8.187,8.21,8.108,8.141,856955.0
1708815600000,8.142,8.195,8.08,8.16,1236899.0
1708819200000,8.16,8.469,8.121,8.461,3786499.0
1708822800000,8.461,8.878,8.45,8.845,9604497.0
1708826400000,8.845,9.29,8.75,9.121,12672731.0
1708830000000,9.12,9.142,8.665,8.934,10630128.0
1708833600000,8.935,9.278,8.825,9.006,9135803.0
1708837200000,9.005,9.145,8.935,9.111,4836838.0
1708840800000,9.111,9.258,8.96,9.135,7980947.0
1708844400000,9.135,9.5,9.083,9.244,11525402.0
1708848000000,9.244,9.354,8.954,8.993,8316102.0
1708851600000,8.993,9.155,8.92,9.106,6296040.0
1708855200000,9.106,9.212,9.054,9.072,3779408.0
1708858800000,9.072,9.194,9.004,9.144,4063327.0
1708862400000,9.144,9.16,8.931,9.029,5269499.0
1708866000000,9.029,9.057,8.73,8.745,8401484.0
1708869600000,8.745,8.913,8.722,8.835,5053766.0
1708873200000,8.838,8.984,8.701,8.805,5552226.0
1708876800000,8.804,8.916,8.7,8.816,6166043.0
1708880400000,8.817,8.953,8.775,8.904,2992719.0
1708884000000,8.904,8.932,8.801,8.905,1930898.0
1708887600000,8.904,9.046,8.821,9.006,2148026.0
1708891200000,9.006,9.032,8.723,8.744,3025197.0
1708894800000,8.745,8.824,8.724,8.765,1428841.0
1708898400000,8.764,8.764,8.407,8.447,5205202.0
1708902000000,8.447,8.62,8.442,8.545,2423977.0
1708905600000,8.548,8.86,8.535,8.726,4059287.0
1708909200000,8.726,8.747,8.55,8.6,4028242.0
1708912800000,8.601,8.768,8.572,8.709,3483025.0
1708916400000,8.708,8.987,8.659,8.946,5701661.0
1708920000000,8.946,9.156,8.916,9.022,8752290.0
1708923600000,9.022,9.172,8.994,9.096,6021680.0
1708927200000,9.097,9.274,9.019,9.216,7165311.0
1708930800000,9.215,9.234,8.92,8.991,7114628.0
1708934400000,8.992,9.172,8.843,9.062,7011781.0
1708938000000,9.062,9.139,8.75,8.796,10454429.0
1708941600000,8.797,8.975,8.164,8.339,14950494.0
1708945200000,8.339,8.381,7.992,8.135,17214573.0
1708948800000,8.135,8.269,7.932,8.253,10626807.0
1708952400000,8.252,8.253,7.709,7.822,15380380.0
1708956000000,7.821,8.151,7.757,8.108,10341786.0
1708959600000,8.107,8.263,8.021,8.112,11218871.0
1708963200000,8.112,8.379,8.008,8.374,8600736.0
1708966800000,8.373,8.4,8.15,8.215,6723533.0
1708970400000,8.215,8.218,7.86,7.898,5789435.0
1708974000000,7.897,8.168,7.876,8.144,4489315.0
1708977600000,8.145,8.163,8.024,8.072,2378986.0
1708981200000,8.073,8.113,8.001,8.05,1659015.0
1708984800000,8.048,8.094,7.851,8.094,2385069.0
1708988400000,8.093,8.125,7.917,8.0,2730899.0
1708992000000,7.999,8.044,7.733,7.837,5954597.0
1708995600000,7.835,7.987,7.527,7.567,10182353.0
1708999200000,7.567,7.868,7.549,7.782,7859503.0
1709002800000,7.782,7.898,7.617,7.662,5953029.0
1709006400000,7.661,8.094,7.601,8.082,7298004.0
1709010000000,8.081,8.335,7.948,8.034,10470975.0
1709013600000,8.033,8.071,7.862,7.953,3805887.0
1709017200000,7.952,8.119,7.902,7.928,3708656.0
1709020800000,7.927,8.042,7.924,8.019,2626941.0
1709024400000,8.019,8.064,7.932,7.956,2450666.0
1709028000000,7.956,7.966,7.804,7.941,4023720.0
1709031600000,7.942,8.06,7.839,7.896,3175370.0
1709035200000,7.894,7.924,7.733,7.822,4161530.0
1709038800000,7.821,7.896,7.646,7.828,4612783.0
1709042400000,7.828,7.88,7.684,7.725,3532490.0
1709046000000,7.725,7.767,7.07,7.36,12140520.0
1709049600000,7.36,7.495,7.203,7.396,8784307.0
1709053200000,7.395,7.45,7.245,7.331,4680527.0
1709056800000,7.331,7.438,7.261,7.303,2796973.0
1709060400000,7.302,7.334,6.994,7.122,6967413.0
1709064000000,7.121,7.255,7.044,7.233,3272672.0
1709067600000,7.232,7.313,7.177,7.214,2155944.0
1709071200000,7.216,7.255,7.145,7.244,1427581.0
1709074800000,7.243,7.25,7.123,7.186,1871848.0
1709078400000,7.186,7.496,7.183,7.38,6705575.0
1709082000000,7.381,7.583,7.29,7.541,4054520.0
1709085600000,7.541,7.548,7.4,7.475,3060710.0
1709089200000,7.474,7.491,7.34,7.419,3272225.0
1709092800000,7.418,7.539,7.276,7.325,3779786.0
1709096400000,7.325,7.457,7.254,7.286,2633717.0
1709100000000,7.286,7.314,7.201,7.29,3052997.0
1709103600000,7.291,7.359,7.224,7.263,2763465.0
1709107200000,7.263,7.371,7.059,7.15,6602993.0
1709110800000,7.149,7.395,7.001,7.392,6724055.0
1709114400000,7.392,7.534,7.146,7.358,7988222.0
1709118000000,7.358,7.865,7.268,7.438,17848798.0
1709121600000,7.438,7.541,7.25,7.39,7442896.0
1709125200000,7.391,7.685,7.363,7.626,9397200.0
1709128800000,7.626,8.272,7.608,8.198,22470901.0
1709132400000,8.198,8.8,8.102,8.344,21275538.0
1709136000000,8.345,8.634,8.243,8.262,10479071.0
1709139600000,8.261,8.264,6.807,7.805,25060532.0
1709143200000,7.805,8.061,7.421,7.875,13165567.0
1709146800000,7.874,7.921,7.675,7.727,3893609.0
1709150400000,7.725,7.757,7.375,7.419,5860395.0
1709154000000,7.417,7.752,7.329,7.697,3783619.0
1709157600000,7.698,7.97,7.604,7.934,2358912.0
1709161200000,7.937,7.956,7.758,7.947,2761322.0
1709164800000,7.948,8.195,7.84,8.111,4707886.0
1709168400000,8.111,8.31,8.03,8.295,3625429.0
1709172000000,8.292,8.366,8.031,8.082,4438984.0
1709175600000,8.081,8.119,7.81,7.894,4095830.0
1709179200000,7.895,7.948,7.669,7.791,4936248.0
1709182800000,7.792,7.916,7.75,7.833,2939766.0
1709186400000,7.833,7.859,7.627,7.832,3712696.0
1709190000000,7.833,7.883,7.663,7.849,2735215.0
1709193600000,7.849,8.01,7.734,7.995,3204512.0
1709197200000,7.995,8.076,7.822,7.919,4393896.0
1709200800000,7.919,8.112,7.868,7.935,3974484.0
1709204400000,7.935,8.016,7.822,7.825,2998931.0
1709208000000,7.824,7.848,7.659,7.771,3914489.0
1709211600000,7.771,7.797,7.512,7.682,4308283.0
1709215200000,7.682,7.794,7.595,7.679,3394251.0
1709218800000,7.68,7.858,7.648,7.78,2987353.0
1709222400000,7.78,7.817,7.389,7.527,5514760.0
1709226000000,7.526,7.629,7.414,7.549,4175112.0
1709229600000,7.55,7.664,7.524,7.605,2161106.0
1709233200000,7.605,7.662,7.563,7.627,993598.0
1709236800000,7.626,7.673,7.572,7.592,904584.0
1709240400000,7.593,7.615,7.312,7.447,3615912.0
1709244000000,7.446,7.46,7.149,7.298,2797461.0
1709247600000,7.298,7.404,7.297,7.337,1330543.0
1709251200000,7.338,7.525,7.335,7.497,2314803.0
1709254800000,7.496,7.776,7.456,7.745,2860789.0
1709258400000,7.746,7.863,7.662,7.743,3517921.0
1709262000000,7.743,8.285,7.711,7.951,8519416.0
1709265600000,7.951,8.448,7.944,8.208,8176335.0
1709269200000,8.209,8.26,8.05,8.091,3763256.0
1709272800000,8.088,8.12,7.727,7.788,6489046.0
1709276400000,7.788,7.932,7.675,7.703,4347371.0
1709280000000,7.704,7.875,7.663,7.798,4077245.0
1709283600000,7.798,7.833,7.658,7.714,2420926.0
1709287200000,7.714,7.722,7.522,7.542,3786678.0
1709290800000,7.541,7.632,7.492,7.533,2595500.0
1709294400000,7.533,7.648,7.519,7.584,2979025.0
1709298000000,7.584,7.986,7.557,7.904,6756810.0
1709301600000,7.904,8.006,7.701,7.999,6631966.0
1709305200000,7.999,8.14,7.805,7.841,6696244.0
1709308800000,7.842,8.198,7.769,7.856,6644054.0
1709312400000,7.855,8.118,7.835,8.056,3715957.0
1709316000000,8.057,8.08,7.812,7.868,2933639.0
1709319600000,7.868,7.929,7.823,7.828,1478986.0
1709323200000,7.828,8.059,7.802,7.986,2338502.0
1709326800000,7.986,8.009,7.84,7.874,1453050.0
1709330400000,7.875,7.982,7.805,7.819,1086010.0
1709334000000,7.819,8.087,7.817,7.938,2532548.0
1709337600000,7.94,8.199,7.804,7.858,4924245.0
1709341200000,7.857,7.867,7.522,7.75,5126888.0
1709344800000,7.749,7.785,7.693,7.767,1363418.0
1709348400000,7.767,7.817,7.707,7.768,1437408.0
1709352000000,7.767,7.956,7.761,7.883,3553894.0
1709355600000,7.885,7.925,7.632,7.715,4583504.0
1709359200000,7.713,7.787,7.667,7.713,1765026.0
1709362800000,7.713,7.788,7.585,7.731,2448560.0
1709366400000,7.731,7.781,7.603,7.755,2447650.0
1709370000000,7.756,7.896,7.632,7.721,4273348.0
1709373600000,7.719,7.9,7.685,7.783,2687591.0
1709377200000,7.783,7.838,7.677,7.691,2268382.0
1709380800000,7.692,7.732,7.667,7.711,1214084.0
1709384400000,7.711,7.737,7.641,7.651,2030549.0
1709388000000,7.652,7.68,7.45,7.599,4938514.0
1709391600000,7.6,7.645,7.53,7.574,1723793.0
1709395200000,7.575,7.9,7.573,7.794,3979080.0
1709398800000,7.793,7.98,7.777,7.855,4361085.0
1709402400000,7.856,7.896,7.732,7.816,1891913.0
1709406000000,7.816,7.842,7.766,7.794,898256.0
1709409600000,7.791,7.825,7.6,7.651,1781452.0
1709413200000,7.65,7.689,7.631,7.681,612597.0
1709416800000,7.68,7.698,7.628,7.674,419539.0
1709420400000,7.676,7.717,7.641,7.672,702955.0
1709424000000,7.672,7.786,7.633,7.776,1747405.0
1709427600000,7.778,7.803,7.695,7.776,1487252.0
1709431200000,7.775,7.778,7.604,7.679,1724254.0
1709434800000,7.678,7.722,7.665,7.683,719711.0
1709438400000,7.681,7.822,7.675,7.793,1566023.0
1709442000000,7.795,8.517,7.792,8.445,14913355.0
1709445600000,8.446,8.546,8.151,8.291,9392492.0
1709449200000,8.292,8.388,7.042,7.632,25254240.0
1709452800000,7.632,7.894,7.48,7.79,8443399.0
1709456400000,7.789,8.088,7.77,7.915,5282267.0
1709460000000,7.916,7.993,7.764,7.814,3882398.0
1709463600000,7.814,7.866,7.756,7.817,1840693.0
1709467200000,7.818,8.2,7.722,8.159,5264816.0
1709470800000,8.157,8.218,7.909,7.927,4869618.0
1709474400000,7.926,8.14,7.87,8.064,3568582.0
1709478000000,8.065,8.164,7.907,7.925,3236733.0
1709481600000,7.926,7.932,7.753,7.892,3397623.0
1709485200000,7.893,7.921,7.84,7.898,1172769.0
1709488800000,7.898,8.001,7.842,7.859,1789268.0
1709492400000,7.859,7.864,7.755,7.786,1175746.0
1709496000000,7.787,7.821,7.678,7.77,1295482.0
1709499600000,7.77,7.793,7.741,7.769,640474.0
1709503200000,7.77,7.9,7.755,7.833,831581.0
1709506800000,7.833,7.935,7.795,7.916,1063796.0
1709510400000,7.917,8.112,7.796,7.978,5380331.0
1709514000000,7.978,8.159,7.894,8.044,3643924.0
1709517600000,8.045,8.25,8.007,8.146,4082937.0
1709521200000,8.145,8.15,7.937,8.07,2519656.0
1709524800000,8.07,8.113,7.976,8.018,1769662.0
1709528400000,8.017,8.18,7.928,7.946,3023397.0
1709532000000,7.947,8.029,7.875,7.971,2071818.0
1709535600000,7.972,8.444,7.957,8.036,8180832.0
1709539200000,8.036,8.228,8.036,8.118,3402154.0
1709542800000,8.119,8.152,7.985,8.102,2372055.0
1709546400000,8.103,8.121,7.879,7.911,3542094.0
1709550000000,7.911,7.986,7.845,7.968,1916163.0
1709553600000,7.969,8.03,7.889,7.996,1808507.0
1709557200000,7.997,8.029,7.783,7.818,2150483.0
1709560800000,7.82,7.938,7.729,7.93,4000361.0
1709564400000,7.929,7.955,7.8,7.822,2161524.0
1709568000000,7.822,7.829,7.535,7.55,5953424.0
1709571600000,7.551,7.602,7.369,7.404,5168329.0
1709575200000,7.403,7.572,7.35,7.569,2897742.0
1709578800000,7.567,7.58,7.487,7.522,1158941.0
1709582400000,7.522,7.537,7.403,7.447,1330850.0
1709586000000,7.448,7.494,7.382,7.483,1012202.0
1709589600000,7.484,7.508,7.352,7.507,1038246.0
1709593200000,7.507,7.507,7.314,7.374,2155108.0
1709596800000,7.374,7.468,7.337,7.386,2596286.0
1709600400000,7.385,7.501,7.311,7.442,3129985.0
1709604000000,7.443,7.454,7.211,7.31,3437175.0
1709607600000,7.308,7.345,7.182,7.187,2270843.0
1709611200000,7.186,7.38,7.171,7.305,5289350.0
1709614800000,7.306,7.477,7.09,7.468,6755715.0
1709618400000,7.467,7.49,7.377,7.449,1958322.0
1709622000000,7.448,7.478,7.252,7.28,3424940.0
1709625600000,7.28,7.37,7.207,7.336,2553818.0
1709629200000,7.335,7.447,7.29,7.391,1449634.0
1709632800000,7.391,7.529,7.362,7.437,2337987.0
1709636400000,7.436,7.449,7.297,7.335,1569021.0
1709640000000,7.335,7.528,7.327,7.474,3292338.0
1709643600000,7.473,7.503,7.333,7.355,2186950.0
1709647200000,7.355,7.359,7.218,7.26,3377916.0
1709650800000,7.26,7.434,7.125,7.224,9037298.0
1709654400000,7.226,7.273,6.447,7.037,15573796.0
1709658000000,7.036,7.194,6.717,7.181,5283235.0
1709661600000,7.18,7.226,7.05,7.13,3043887.0
1709665200000,7.13,7.174,5.256,6.155,16190819.0
1709668800000,6.157,6.463,6.071,6.23,11800912.0
1709672400000,6.229,6.489,6.222,6.376,4344564.0
1709676000000,6.374,6.413,6.205,6.408,1967730.0
1709679600000,6.409,6.511,6.366,6.429,2022862.0
1709683200000,6.429,6.604,6.359,6.425,3380708.0
1709686800000,6.425,6.46,6.271,6.278,2181814.0
1709690400000,6.278,6.299,6.055,6.119,4886297.0
1709694000000,6.118,6.449,6.116,6.423,2984106.0
1709697600000,6.423,6.578,6.392,6.571,3377501.0
1709701200000,6.57,6.84,6.516,6.806,5456054.0
1709704800000,6.806,6.977,6.772,6.97,4082662.0
1709708400000,6.97,7.129,6.856,6.995,3453739.0
1709712000000,6.994,7.022,6.809,6.871,4132288.0
1709715600000,6.87,6.897,6.692,6.713,2503503.0
1709719200000,6.713,6.853,6.713,6.775,1911442.0
1709722800000,6.777,6.843,6.717,6.761,1967140.0
1709726400000,6.76,6.881,6.312,6.566,6596541.0
1709730000000,6.567,6.636,6.395,6.599,4069284.0
1709733600000,6.6,6.685,6.49,6.603,2693379.0
1709737200000,6.604,6.975,6.482,6.746,5801121.0
1709740800000,6.745,7.392,6.674,7.014,10825265.0
1709744400000,7.014,7.197,6.946,7.067,4297509.0
1709748000000,7.066,7.125,6.964,7.08,2381466.0
1709751600000,7.079,7.186,6.974,7.143,2004011.0
1709755200000,7.143,7.149,6.91,6.981,1530386.0
1709758800000,6.979,7.159,6.905,7.159,1468815.0
1709762400000,7.16,7.349,7.124,7.219,2001960.0
1709766000000,7.22,7.357,7.171,7.317,2304342.0
1709769600000,7.318,7.947,7.21,7.882,8731920.0
1709773200000,7.882,8.08,7.654,7.925,7796856.0
1709776800000,7.925,7.946,7.5,7.54,4411010.0
1709780400000,7.54,7.629,7.4,7.449,4049244.0
1709784000000,7.448,7.71,7.38,7.595,3650737.0
1709787600000,7.595,7.642,7.167,7.241,4786977.0
1709791200000,7.241,7.389,7.222,7.315,3762447.0
1709794800000,7.315,7.453,7.265,7.357,2878198.0
1709798400000,7.36,7.498,7.265,7.307,3036116.0
1709802000000,7.307,7.431,7.275,7.333,1732002.0
1709805600000,7.334,7.515,7.263,7.329,2387926.0
1709809200000,7.329,7.397,7.091,7.202,3731113.0
1709812800000,7.203,7.318,7.18,7.23,2106179.0
1709816400000,7.23,7.242,7.103,7.194,2206722.0
1709820000000,7.193,7.269,7.015,7.158,4944951.0
1709823600000,7.158,7.229,7.057,7.188,2615134.0
1709827200000,7.188,7.455,7.082,7.148,6040212.0
1709830800000,7.148,7.175,7.059,7.128,2570529.0
1709834400000,7.128,7.172,7.092,7.127,785731.0
1709838000000,7.128,7.146,7.044,7.139,921702.0
1709841600000,7.139,7.162,7.096,7.11,641583.0
1709845200000,7.11,7.155,7.05,7.142,700791.0
1709848800000,7.142,7.259,7.133,7.224,996256.0
1709852400000,7.225,7.243,7.166,7.181,802116.0
1709856000000,7.182,7.275,7.117,7.23,1760344.0
1709859600000,7.228,7.363,7.216,7.261,2373788.0
1709863200000,7.261,7.296,7.203,7.212,1033159.0
1709866800000,7.212,7.314,7.178,7.284,1083694.0
1709870400000,7.284,7.437,7.22,7.335,2733903.0
1709874000000,7.337,7.439,7.282,7.378,1615895.0
1709877600000,7.378,7.378,7.228,7.27,1715381.0
1709881200000,7.27,7.375,7.201,7.249,1733269.0
1709884800000,7.249,7.264,7.18,7.232,978378.0
1709888400000,7.232,7.44,7.23,7.385,3040992.0
1709892000000,7.385,7.428,7.302,7.36,1242514.0
1709895600000,7.36,7.368,7.239,7.283,1413520.0
1709899200000,7.283,7.374,7.241,7.318,1153542.0
1709902800000,7.318,7.403,7.248,7.331,1435553.0
1709906400000,7.331,7.348,7.195,7.213,2082812.0
1709910000000,7.212,7.308,6.726,7.188,10478391.0
1709913600000,7.19,7.816,7.162,7.481,16525573.0
1709917200000,7.482,7.624,7.358,7.613,4182575.0
1709920800000,7.613,7.682,7.559,7.671,2024775.0
1709924400000,7.67,7.711,7.487,7.512,1496188.0
1709928000000,7.511,7.536,7.454,7.484,918144.0
1709931600000,7.483,7.558,7.425,7.462,706552.0
1709935200000,7.464,7.833,7.441,7.641,2946024.0
1709938800000,7.641,7.683,7.512,7.53,1629139.0
1709942400000,7.531,7.997,7.469,7.803,5135186.0
1709946000000,7.802,8.057,7.711,8.02,3863724.0
1709949600000,8.022,9.295,8.007,8.912,17093364.0
1709953200000,8.911,9.412,8.703,9.139,11634483.0
1709956800000,9.139,9.483,9.065,9.442,8896834.0
1709960400000,9.442,10.288,9.424,10.208,17296821.0
1709964000000,10.208,10.357,10.003,10.28,10944180.0
1709967600000,10.28,10.75,10.188,10.616,11123298.0
1709971200000,10.617,11.071,10.212,10.325,19884508.0
1709974800000,10.326,10.79,10.326,10.587,8655225.0
1709978400000,10.588,10.733,10.295,10.638,9151411.0
1709982000000,10.637,10.94,10.59,10.795,7099698.0
1709985600000,10.795,10.85,10.065,10.366,12301416.0
1709989200000,10.365,10.551,10.235,10.452,4542036.0
1709992800000,10.453,10.507,10.13,10.252,5448222.0
1709996400000,10.251,10.777,10.227,10.634,8343782.0
1710000000000,10.633,10.8,10.331,10.631,8909431.0
1710003600000,10.63,10.75,10.36,10.468,5258769.0
1710007200000,10.469,11.111,10.367,10.91,6831313.0
1710010800000,10.909,11.024,10.655,10.773,4426327.0
1710014400000,10.776,10.869,10.462,10.568,3270053.0
1710018000000,10.572,10.575,10.398,10.495,1519856.0
1710021600000,10.495,10.909,10.447,10.815,2317868.0
1710025200000,10.818,11.964,10.735,11.699,12017857.0
1710028800000,11.699,11.98,11.337,11.412,8492150.0
1710032400000,11.409,11.493,10.472,10.782,12296013.0
1710036000000,10.782,10.893,10.672,10.764,3963458.0
1710039600000,10.764,10.863,10.433,10.688,4393162.0
1710043200000,10.689,10.696,10.33,10.36,4611241.0
1710046800000,10.36,10.531,10.201,10.39,4480774.0
1710050400000,10.39,10.639,10.315,10.515,3965302.0
1710054000000,10.516,10.597,10.356,10.415,2046847.0
1710057600000,10.416,10.458,10.254,10.378,2694900.0
1710061200000,10.378,10.389,9.694,9.717,13238473.0
1710064800000,9.717,9.928,9.571,9.828,8565640.0
1710068400000,9.829,9.847,9.539,9.81,5860605.0
1710072000000,9.81,9.81,9.47,9.663,5357914.0
1710075600000,9.663,9.68,9.412,9.546,4174755.0
1710079200000,9.546,9.64,9.275,9.551,7368327.0
1710082800000,9.552,9.555,9.229,9.299,4981965.0
1710086400000,9.299,9.76,9.293,9.566,6889046.0
1710090000000,9.567,9.632,9.458,9.489,2236227.0
1710093600000,9.489,9.662,9.415,9.584,2311410.0
1710097200000,9.584,9.709,9.513,9.579,1496757.0
1710100800000,9.58,9.588,9.456,9.54,1050914.0
1710104400000,9.54,9.655,9.421,9.6,981259.0
1710108000000,9.602,9.605,9.068,9.293,3678092.0
1710111600000,9.291,9.61,9.254,9.553,2338208.0
1710115200000,9.554,9.68,8.774,9.422,6919588.0
1710118800000,9.423,10.166,9.342,9.95,14208149.0
1710122400000,9.95,10.011,9.243,9.361,7885489.0
1710126000000,9.362,9.751,9.271,9.639,3636634.0
1710129600000,9.638,10.01,9.627,9.915,4265453.0
1710133200000,9.916,10.19,9.791,10.05,4332395.0
1710136800000,10.049,10.049,9.741,9.905,3833419.0
1710140400000,9.903,10.334,9.649,10.098,8588909.0
1710144000000,10.097,10.203,9.84,10.071,4310191.0
1710147600000,10.073,10.236,9.976,10.129,2716290.0
1710151200000,10.13,10.22,9.848,9.853,3030244.0
1710154800000,9.854,9.936,9.55,9.618,4577018.0
1710158400000,9.616,9.946,9.596,9.882,2504625.0
1710162000000,9.88,9.891,9.563,9.778,3835869.0
1710165600000,9.773,9.802,9.556,9.666,2629110.0
1710169200000,9.666,10.095,9.651,9.779,3789933.0
1710172800000,9.779,9.841,9.521,9.632,3688727.0
1710176400000,9.633,9.71,9.57,9.632,1162572.0
1710180000000,9.63,9.864,9.606,9.697,1865876.0
1710183600000,9.697,9.705,9.587,9.612,851871.0
1710187200000,9.613,9.673,9.566,9.643,741061.0
1710190800000,9.642,9.762,9.599,9.696,603639.0
1710194400000,9.696,9.697,9.56,9.648,786664.0
1710198000000,9.648,9.983,9.613,9.84,1991938.0
1710201600000,9.841,10.458,9.76,10.094,6605308.0
1710205200000,10.094,10.588,9.857,10.329,6199944.0
1710208800000,10.328,10.577,10.245,10.458,4204653.0
1710212400000,10.458,10.462,9.988,10.076,5439862.0
1710216000000,10.076,10.441,10.076,10.171,4401888.0
1710219600000,10.171,10.352,10.163,10.282,1422210.0
1710223200000,10.282,10.303,9.8,10.118,5230125.0
1710226800000,10.119,10.135,9.818,9.914,3235894.0
1710230400000,9.913,9.98,9.62,9.693,4668634.0
1710234000000,9.692,9.879,9.641,9.821,2347088.0
1710237600000,9.82,9.956,9.812,9.93,1953565.0
1710241200000,9.931,10.17,9.858,10.012,3203886.0
1710244800000,10.012,10.265,9.834,10.1,4885863.0
1710248400000,10.098,10.173,9.882,9.895,4160864.0
1710252000000,9.895,10.052,9.687,9.755,5667729.0
1710255600000,9.756,10.058,9.695,9.953,4322984.0
1710259200000,9.953,10.032,9.646,9.695,4510194.0
1710262800000,9.695,9.793,8.964,9.756,10934058.0
1710266400000,9.756,9.98,9.719,9.883,2389720.0
1710270000000,9.885,10.045,9.832,9.945,1704187.0
1710273600000,9.945,10.013,9.774,9.817,1177363.0
1710277200000,9.817,9.97,9.749,9.934,751369.0
1710280800000,9.932,10.394,9.889,10.091,2900394.0
1710284400000,10.09,10.241,10.013,10.151,1552585.0
1710288000000,10.152,10.259,10.033,10.044,1867911.0
1710291600000,10.044,10.156,9.921,9.96,1740168.0
1710295200000,9.96,10.052,9.954,9.998,850268.0
1710298800000,9.998,10.072,9.903,9.954,1065180.0
1710302400000,9.953,9.954,9.832,9.913,1293275.0
1710306000000,9.914,10.014,9.858,10.003,1085937.0
1710309600000,10.003,10.071,9.889,9.996,1457681.0
1710313200000,9.994,10.167,9.91,9.946,2262227.0
1710316800000,9.946,9.985,9.9,9.971,883249.0
1710320400000,9.971,9.972,9.863,9.88,907430.0
1710324000000,9.88,9.887,9.748,9.826,1383177.0
1710327600000,9.827,9.849,9.76,9.818,851790.0
1710331200000,9.818,9.93,9.763,9.794,1283337.0
1710334800000,9.794,9.845,9.429,9.585,3538765.0
1710338400000,9.587,9.671,9.368,9.392,4521366.0
1710342000000,9.392,9.592,9.348,9.464,2815064.0
1710345600000,9.465,9.549,9.38,9.476,1456749.0
1710349200000,9.475,9.542,9.36,9.4,1625515.0
1710352800000,9.402,9.51,9.391,9.478,829743.0
1710356400000,9.479,9.488,9.395,9.412,569149.0
1710360000000,9.413,9.452,9.281,9.371,1002048.0
1710363600000,9.371,9.489,9.358,9.488,649563.0
1710367200000,9.487,9.547,9.46,9.525,609141.0
1710370800000,9.523,9.63,9.514,9.553,860530.0
1710374400000,9.551,9.618,9.488,9.518,1258089.0
1710378000000,9.52,9.75,9.465,9.737,1948745.0
1710381600000,9.735,9.735,9.533,9.547,1172964.0
1710385200000,9.548,9.707,9.454,9.552,1795429.0
1710388800000,9.551,9.556,9.303,9.384,2076041.0
1710392400000,9.384,9.515,9.326,9.474,1018117.0
1710396000000,9.474,9.538,9.431,9.49,972058.0
1710399600000,9.49,9.51,9.4,9.462,730263.0
1710403200000,9.462,9.54,9.442,9.497,647331.0
1710406800000,9.496,9.956,9.493,9.938,4208287.0
1710410400000,9.938,10.008,9.741,9.812,3292397.0
1710414000000,9.812,9.912,9.6,9.675,2779150.0
1710417600000,9.677,9.776,9.487,9.698,2189159.0
1710421200000,9.698,9.716,9.21,9.412,4192997.0
1710424800000,9.411,9.75,9.368,9.688,4139772.0
1710428400000,9.688,9.764,9.45,9.506,2855334.0
1710432000000,9.506,10.416,9.407,10.277,9232816.0
1710435600000,10.274,10.424,10.033,10.19,6089216.0
1710439200000,10.19,10.191,9.624,9.842,5220904.0
1710442800000,9.841,10.092,9.72,9.941,5591945.0
1710446400000,9.942,10.419,9.918,10.396,2521921.0
1710450000000,10.398,10.461,10.125,10.146,1622799.0
1710453600000,10.147,10.838,10.142,10.615,3060964.0
1710457200000,10.614,10.884,10.543,10.777,2904390.0
1710460800000,10.778,10.861,10.471,10.498,2842682.0
1710464400000,10.498,10.5,10.246,10.331,2230405.0
1710468000000,10.332,10.384,9.59,9.85,7358676.0
1710471600000,9.848,10.004,9.258,9.793,8856306.0
1710475200000,9.793,9.83,9.527,9.59,3209114.0
1710478800000,9.592,9.812,9.453,9.512,2596762.0
1710482400000,9.513,9.842,9.5,9.782,2327172.0
1710486000000,9.781,9.852,9.683,9.747,1578081.0
1710489600000,9.748,9.788,9.025,9.069,6016454.0
1710493200000,9.071,9.321,8.486,9.245,11664791.0
1710496800000,9.244,9.276,9.049,9.053,2450189.0
1710500400000,9.054,9.199,8.822,9.154,3669559.0
1710504000000,9.153,9.278,9.081,9.178,2275017.0
1710507600000,9.178,9.613,9.035,9.486,3869968.0
1710511200000,9.487,9.549,9.267,9.473,2804674.0
1710514800000,9.472,9.515,9.25,9.29,1840556.0
1710518400000,9.289,9.441,9.147,9.281,2776209.0
1710522000000,9.281,9.501,9.174,9.482,1725261.0
1710525600000,9.483,9.724,9.464,9.698,2242872.0
1710529200000,9.697,9.768,9.414,9.48,2127877.0
1710532800000,9.478,9.491,9.169,9.241,2284795.0
1710536400000,9.241,9.491,9.234,9.488,1049835.0
1710540000000,9.489,9.637,9.411,9.61,959456.0
1710543600000,9.611,9.846,9.545,9.749,1700205.0
1710547200000,9.747,9.88,9.6,9.622,1874292.0
1710550800000,9.621,9.825,9.572,9.713,1655884.0
1710554400000,9.714,9.795,9.639,9.661,809081.0
1710558000000,9.663,9.717,9.519,9.575,979317.0
1710561600000,9.573,9.579,9.306,9.31,1918441.0
1710565200000,9.311,9.339,9.173,9.297,2266183.0
1710568800000,9.297,9.433,9.285,9.386,1209748.0
1710572400000,9.386,9.526,9.307,9.51,1192221.0
1710576000000,9.51,9.513,9.37,9.393,1000177.0
1710579600000,9.394,9.429,9.268,9.285,1330367.0
1710583200000,9.286,9.326,9.188,9.242,1633325.0
1710586800000,9.243,9.297,9.029,9.141,2424032.0
1710590400000,9.141,9.181,8.875,8.941,2719566.0
1710594000000,8.941,9.02,8.719,8.785,2503992.0
1710597600000,8.785,8.935,8.725,8.857,2120048.0
1710601200000,8.856,8.953,8.726,8.925,1848519.0
1710604800000,8.923,8.925,8.722,8.779,1564876.0
1710608400000,8.778,8.827,8.549,8.65,2956158.0
1710612000000,8.651,8.69,8.23,8.42,6857597.0
1710615600000,8.42,8.585,8.376,8.394,2031508.0
1710619200000,8.392,8.558,8.315,8.479,988913.0
1710622800000,8.478,8.528,8.293,8.389,951758.0
1710626400000,8.386,8.505,8.305,8.426,735302.0
1710630000000,8.423,8.473,8.14,8.439,2276796.0
1710633600000,8.438,8.666,8.323,8.341,2178103.0
1710637200000,8.341,8.658,8.341,8.652,2447762.0
1710640800000,8.652,8.884,8.608,8.805,1891513.0
1710644400000,8.805,9.258,8.738,9.172,3976407.0
1710648000000,9.173,9.21,8.97,9.084,2532519.0
1710651600000,9.081,9.1,8.746,8.815,2446986.0
1710655200000,8.816,8.859,8.502,8.564,3061119.0
1710658800000,8.565,8.736,8.277,8.638,5736638.0
1710662400000,8.638,9.037,8.58,8.964,3837665.0
1710666000000,8.961,9.192,8.885,9.104,3942036.0
1710669600000,9.104,9.309,9.1,9.183,2515347.0
1710673200000,9.183,9.197,9.027,9.096,1728977.0
1710676800000,9.095,9.344,8.766,8.814,4238097.0
1710680400000,8.813,9.226,8.809,9.203,2794589.0
1710684000000,9.203,9.861,9.112,9.735,6910805.0
1710687600000,9.735,9.962,9.56,9.834,4583389.0
1710691200000,9.834,9.92,9.666,9.749,2874066.0
1710694800000,9.748,9.812,9.581,9.666,1631351.0
1710698400000,9.666,9.692,9.45,9.49,1489598.0
1710702000000,9.489,9.549,9.454,9.544,623663.0
1710705600000,9.546,9.772,9.544,9.688,1140948.0
1710709200000,9.688,9.79,9.657,9.753,436107.0
1710712800000,9.752,9.829,9.55,9.551,951826.0
1710716400000,9.552,9.593,9.413,9.554,1404468.0
1710720000000,9.555,9.842,9.375,9.384,3408651.0
1710723600000,9.384,9.728,9.219,9.625,3502791.0
1710727200000,9.624,9.68,9.315,9.405,2434001.0
1710730800000,9.405,9.52,9.352,9.452,1265878.0
1710734400000,9.45,9.527,9.268,9.513,1558288.0
1710738000000,9.511,9.669,9.447,9.502,1625937.0
1710741600000,9.501,9.528,9.397,9.434,978434.0
1710745200000,9.434,9.456,9.334,9.385,1107844.0
1710748800000,9.386,9.397,9.117,9.195,3414231.0
1710752400000,9.194,9.209,8.963,9.026,2295250.0
1710756000000,9.026,9.165,8.963,9.142,1803261.0
1710759600000,9.143,9.242,9.114,9.154,1169677.0
1710763200000,9.152,9.187,9.035,9.14,1488105.0
1710766800000,9.138,9.144,8.851,8.98,3615554.0
1710770400000,8.981,9.031,8.751,8.842,2796083.0
1710774000000,8.841,8.923,8.722,8.879,1951161.0
1710777600000,8.878,9.003,8.662,8.728,2155748.0
1710781200000,8.728,8.795,8.588,8.738,2257166.0
1710784800000,8.738,8.766,8.658,8.671,730648.0
1710788400000,8.672,8.772,8.611,8.69,883348.0
1710792000000,8.692,8.845,8.686,8.778,745044.0
1710795600000,8.776,8.864,8.746,8.789,466470.0
1710799200000,8.788,8.798,8.673,8.754,606186.0
1710802800000,8.753,8.88,8.714,8.772,934984.0
1710806400000,8.769,8.894,8.495,8.532,2271305.0
1710810000000,8.532,8.551,8.195,8.352,4571736.0
1710813600000,8.351,8.545,8.255,8.294,2229571.0
1710817200000,8.293,8.345,7.937,8.173,4684389.0
1710820800000,8.172,8.228,8.003,8.016,1903109.0
1710824400000,8.016,8.116,7.827,7.986,3104104.0
1710828000000,7.984,8.073,7.824,7.933,2538360.0
1710831600000,7.933,8.004,7.479,7.991,6465859.0
1710835200000,7.993,7.993,7.555,7.639,4836167.0
1710838800000,7.638,7.839,7.447,7.827,5747875.0
1710842400000,7.828,7.829,7.526,7.649,3524336.0
1710846000000,7.649,7.871,7.505,7.87,2824371.0
1710849600000,7.871,8.146,7.821,8.001,4672002.0
1710853200000,8.003,8.05,7.815,7.92,2816426.0
1710856800000,7.917,7.953,7.727,7.913,2468327.0
1710860400000,7.915,8.137,7.786,8.117,2969480.0
1710864000000,8.114,8.245,8.002,8.091,2552082.0
1710867600000,8.094,8.197,8.025,8.087,1514166.0
1710871200000,8.085,8.119,7.972,8.08,885504.0
1710874800000,8.082,8.278,8.056,8.094,2451713.0
1710878400000,8.093,8.12,7.832,7.87,2893546.0
1710882000000,7.869,7.901,7.75,7.871,944410.0
1710885600000,7.87,7.9,7.493,7.565,2134065.0
1710889200000,7.564,7.602,7.343,7.498,2596587.0
1710892800000,7.5,7.775,7.455,7.767,1969973.0
1710896400000,7.768,7.78,7.456,7.531,2073453.0
1710900000000,7.532,7.759,7.481,7.714,1272591.0
1710903600000,7.711,7.855,7.577,7.604,1954315.0
1710907200000,7.607,7.71,7.445,7.532,2967151.0
1710910800000,7.532,7.606,7.2,7.417,4075020.0
1710914400000,7.417,7.642,7.407,7.547,2275560.0
1710918000000,7.549,8.001,7.532,7.892,3189005.0
1710921600000,7.892,7.938,7.661,7.673,1966986.0
1710925200000,7.672,7.857,7.665,7.808,1583608.0
1710928800000,7.807,7.899,7.742,7.806,1356216.0
1710932400000,7.805,7.992,7.771,7.909,1925121.0
1710936000000,7.908,8.079,7.831,7.971,2445988.0
1710939600000,7.97,7.975,7.775,7.815,1706872.0
1710943200000,7.814,7.975,7.762,7.912,1246244.0
1710946800000,7.91,7.964,7.619,7.676,2308001.0
1710950400000,7.675,7.752,7.393,7.641,3993390.0
1710954000000,7.645,7.934,7.588,7.837,2397694.0
1710957600000,7.838,8.18,7.838,8.151,2536582.0
1710961200000,8.157,8.242,8.11,8.17,1436560.0
1710964800000,8.17,8.44,8.143,8.378,1676933.0
1710968400000,8.378,8.417,8.306,8.385,717997.0
1710972000000,8.385,8.452,8.28,8.35,1077344.0
1710975600000,8.35,8.403,8.309,8.35,846072.0
1710979200000,8.349,8.408,8.214,8.332,1307682.0
1710982800000,8.33,8.392,8.256,8.27,1074517.0
1710986400000,8.27,8.393,8.259,8.314,1045653.0
1710990000000,8.314,8.45,8.152,8.191,1993144.0
1710993600000,8.191,8.29,8.06,8.101,1925049.0
1710997200000,8.1,8.152,7.902,8.14,2202560.0
1711000800000,8.139,8.188,8.023,8.082,1486739.0
1711004400000,8.081,8.17,8.049,8.093,1128866.0
1711008000000,8.092,8.255,8.076,8.203,1459080.0
1711011600000,8.202,8.261,8.104,8.179,1118369.0
1711015200000,8.183,8.346,8.166,8.257,1477847.0
1711018800000,8.256,8.266,8.161,8.191,910303.0
1711022400000,8.19,8.289,8.146,8.189,1109620.0
1711026000000,8.189,8.268,8.132,8.143,1309432.0
1711029600000,8.142,8.329,8.12,8.215,1160475.0
1711033200000,8.213,8.243,8.01,8.151,1632760.0
1711036800000,8.151,8.341,8.087,8.257,1593024.0
1711040400000,8.256,8.325,8.022,8.062,1532580.0
1711044000000,8.062,8.088,7.814,7.884,2101455.0
1711047600000,7.885,8.093,7.876,8.017,1602371.0
1711051200000,8.016,8.226,7.919,8.121,1272991.0
1711054800000,8.123,8.132,7.997,8.081,447753.0
1711058400000,8.079,8.136,8.006,8.019,396560.0
1711062000000,8.017,8.079,8.001,8.058,330692.0
1711065600000,8.057,8.135,7.902,7.964,1036505.0
1711069200000,7.964,7.996,7.816,7.831,1254514.0
1711072800000,7.83,7.865,7.66,7.803,2362396.0
1711076400000,7.803,7.927,7.773,7.9,1200680.0
1711080000000,7.9,7.986,7.851,7.953,931815.0
1711083600000,7.952,8.093,7.893,8.058,1044241.0
1711087200000,8.058,8.087,7.985,8.053,827862.0
1711090800000,8.052,8.081,7.983,8.008,584018.0
1711094400000,8.008,8.069,7.931,7.949,756007.0
1711098000000,7.949,8.005,7.897,7.924,817675.0
1711101600000,7.923,7.953,7.7,7.711,1691491.0
1711105200000,7.711,7.835,7.645,7.702,1531988.0
1711108800000,7.702,7.93,7.647,7.843,2122433.0
1711112400000,7.844,8.098,7.781,7.948,3928909.0
1711116000000,7.947,8.055,7.674,7.747,3884209.0
1711119600000,7.747,8.33,7.74,8.141,4626666.0
1711123200000,8.141,8.255,8.019,8.148,3028353.0
1711126800000,8.148,8.413,8.139,8.378,2321664.0
1711130400000,8.378,8.414,8.152,8.172,1877936.0
1711134000000,8.169,8.241,8.035,8.166,1280893.0
1711137600000,8.165,8.198,8.083,8.116,814546.0
1711141200000,8.117,8.119,7.828,7.945,1648124.0
1711144800000,7.944,7.956,7.705,7.869,1871566.0
1711148400000,7.869,8.003,7.816,7.995,887855.0
1711152000000,7.995,8.215,7.934,8.07,1492510.0
1711155600000,8.07,8.399,8.061,8.366,2016090.0
1711159200000,8.367,8.458,8.172,8.208,2285412.0
1711162800000,8.208,8.208,7.971,8.049,1941808.0
1711166400000,8.048,8.199,8.005,8.108,1236748.0
1711170000000,8.106,8.132,8.03,8.122,749664.0
1711173600000,8.122,8.172,8.065,8.123,839716.0
1711177200000,8.124,8.29,8.124,8.226,1303646.0
1711180800000,8.227,8.522,8.164,8.503,2693269.0
1711184400000,8.503,8.536,8.323,8.45,2274222.0
1711188000000,8.45,8.999,8.449,8.845,7465456.0
1711191600000,8.845,9.097,8.836,8.921,4025356.0
1711195200000,8.923,8.926,8.659,8.754,3269706.0
1711198800000,8.756,8.896,8.707,8.849,2212979.0
1711202400000,8.849,8.851,8.706,8.746,2141639.0
1711206000000,8.745,8.854,8.673,8.769,1782196.0
1711209600000,8.768,8.847,8.639,8.757,1928230.0
1711213200000,8.759,8.796,8.702,8.728,806397.0
1711216800000,8.728,8.749,8.654,8.69,683338.0
1711220400000,8.692,8.735,8.642,8.713,587699.0
1711224000000,8.713,8.719,8.654,8.664,350477.0
1711227600000,8.664,8.691,8.563,8.581,692554.0
1711231200000,8.579,8.628,8.54,8.56,524361.0
1711234800000,8.559,8.559,8.434,8.449,1422968.0
1711238400000,8.45,8.575,8.427,8.541,852591.0
1711242000000,8.542,8.59,8.487,8.495,667383.0
1711245600000,8.495,8.535,8.387,8.518,1190912.0
1711249200000,8.516,8.52,8.2,8.241,3561896.0
1711252800000,8.245,8.262,8.13,8.228,1937585.0
1711256400000,8.227,8.257,8.193,8.205,849381.0
1711260000000,8.206,8.214,8.122,8.18,1012917.0
1711263600000,8.181,8.247,8.159,8.225,938189.0
1711267200000,8.225,8.31,8.186,8.302,1099127.0
1711270800000,8.302,8.311,8.196,8.216,800854.0
1711274400000,8.217,8.299,8.214,8.27,875584.0
1711278000000,8.27,8.302,8.184,8.284,750266.0
1711281600000,8.284,8.38,8.258,8.343,1292869.0
1711285200000,8.344,8.37,8.245,8.271,1304593.0
1711288800000,8.273,8.374,8.25,8.318,1099566.0
1711292400000,8.318,8.36,8.295,8.321,635643.0
1711296000000,8.322,8.367,8.219,8.259,1260040.0
1711299600000,8.26,8.276,8.122,8.196,1458423.0
1711303200000,8.197,8.312,8.19,8.265,722126.0
1711306800000,8.265,8.291,8.234,8.266,339150.0
1711310400000,8.265,8.38,8.222,8.363,650416.0
1711314000000,8.362,8.438,8.352,8.42,682437.0
1711317600000,8.419,8.488,8.399,8.484,685848.0
1711321200000,8.484,8.58,8.434,8.461,1000052.0
1711324800000,8.463,8.529,8.394,8.432,1441145.0
1711328400000,8.433,8.579,8.426,8.518,858495.0
1711332000000,8.518,8.611,8.507,8.571,820862.0
1711335600000,8.572,8.632,8.539,8.598,788332.0
1711339200000,8.597,8.626,8.509,8.617,785093.0
1711342800000,8.617,8.618,8.54,8.594,652595.0
1711346400000,8.597,8.607,8.473,8.507,1287697.0
1711350000000,8.506,8.561,8.385,8.42,976964.0
1711353600000,8.42,8.485,8.406,8.454,656757.0
1711357200000,8.455,8.609,8.439,8.606,976886.0
1711360800000,8.607,8.613,8.502,8.545,1028941.0
1711364400000,8.545,8.556,8.374,8.378,1356568.0
1711368000000,8.377,8.463,8.361,8.399,914803.0
1711371600000,8.398,8.523,8.329,8.516,1416455.0
1711375200000,8.516,8.755,8.443,8.664,4012931.0
1711378800000,8.665,8.72,8.544,8.664,2308231.0
1711382400000,8.663,8.962,8.634,8.865,3578279.0
1711386000000,8.865,8.902,8.741,8.801,1676767.0
1711389600000,8.801,8.818,8.725,8.795,540860.0
1711393200000,8.794,8.854,8.718,8.83,565003.0
1711396800000,8.83,8.889,8.794,8.859,565291.0
1711400400000,8.858,8.864,8.613,8.672,964047.0
1711404000000,8.676,8.767,8.675,8.731,472993.0
1711407600000,8.733,8.766,8.608,8.661,614716.0
1711411200000,8.662,8.876,8.642,8.793,968488.0
1711414800000,8.794,8.848,8.763,8.819,703482.0
1711418400000,8.819,8.969,8.798,8.928,1470511.0
1711422000000,8.927,9.319,8.883,9.27,3714083.0
1711425600000,9.271,9.398,9.126,9.337,2058228.0
1711429200000,9.339,9.476,9.309,9.412,2029761.0
1711432800000,9.412,9.412,9.251,9.307,1614041.0
1711436400000,9.308,9.392,9.221,9.241,2330023.0
1711440000000,9.242,9.345,9.166,9.228,1681646.0
1711443600000,9.23,9.306,9.214,9.283,862952.0
1711447200000,9.283,9.296,9.191,9.207,1192824.0
1711450800000,9.207,9.215,9.105,9.143,1382008.0
1711454400000,9.141,9.208,9.052,9.174,1580067.0
1711458000000,9.174,9.192,8.95,8.972,2285146.0
1711461600000,8.973,9.039,8.724,9.013,4311959.0
1711465200000,9.013,9.014,8.805,8.857,1867432.0
1711468800000,8.858,8.945,8.385,8.661,5016058.0
1711472400000,8.661,8.759,8.637,8.728,1390017.0
1711476000000,8.729,8.797,8.707,8.718,754662.0
1711479600000,8.719,8.727,8.609,8.618,1034606.0
1711483200000,8.621,8.726,8.619,8.678,415724.0
1711486800000,8.68,8.778,8.664,8.735,475777.0
1711490400000,8.733,8.767,8.617,8.764,600710.0
1711494000000,8.765,8.795,8.729,8.75,706353.0
1711497600000,8.748,8.864,8.666,8.864,1060597.0
1711501200000,8.863,8.943,8.816,8.885,1084407.0
1711504800000,8.886,8.889,8.801,8.852,646808.0
1711508400000,8.852,8.855,8.679,8.712,1323555.0
1711512000000,8.712,8.795,8.706,8.739,789833.0
1711515600000,8.738,8.792,8.708,8.784,559332.0
1711519200000,8.783,8.802,8.72,8.781,614839.0
1711522800000,8.782,8.848,8.655,8.82,2295702.0
1711526400000,8.824,8.973,8.688,8.736,3207187.0
1711530000000,8.734,8.866,8.627,8.802,2256993.0
1711533600000,8.804,9.29,8.804,9.136,6828353.0
1711537200000,9.134,9.15,8.792,8.891,3258383.0
1711540800000,8.889,9.015,8.811,8.887,1607697.0
1711544400000,8.886,9.082,8.805,8.953,2694568.0
1711548000000,8.953,9.017,8.63,8.943,4808296.0
1711551600000,8.943,8.958,8.562,8.594,2639432.0
1711555200000,8.595,8.674,8.414,8.538,2772350.0
1711558800000,8.537,8.616,8.504,8.544,956243.0
1711562400000,8.543,8.558,8.383,8.411,1164920.0
1711566000000,8.412,8.5,8.41,8.45,508402.0
1711569600000,8.45,8.541,8.435,8.52,654182.0
1711573200000,8.52,8.552,8.468,8.476,449338.0
1711576800000,8.477,8.537,8.463,8.529,677812.0
1711580400000,8.527,8.527,8.346,8.424,1267499.0
1711584000000,8.423,8.55,8.378,8.482,1189364.0
1711587600000,8.481,8.484,8.281,8.337,1450256.0
1711591200000,8.337,8.391,8.21,8.249,1664743.0
1711594800000,8.249,8.323,8.189,8.307,1439124.0
1711598400000,8.308,8.42,8.302,8.411,896910.0
1711602000000,8.411,8.46,8.363,8.422,709410.0
1711605600000,8.425,8.536,8.407,8.532,1023211.0
1711609200000,8.532,8.578,8.496,8.558,672284.0
1711612800000,8.558,8.637,8.543,8.561,1205298.0
1711616400000,8.56,8.6,8.505,8.541,974840.0
1711620000000,8.543,8.546,8.424,8.506,1299310.0
1711623600000,8.506,8.534,8.446,8.497,873957.0
1711627200000,8.496,8.527,8.38,8.46,924227.0
1711630800000,8.46,8.536,8.354,8.471,1211346.0
1711634400000,8.471,8.558,8.405,8.531,1213497.0
1711638000000,8.532,8.55,8.446,8.536,632682.0
1711641600000,8.537,8.559,8.442,8.499,751472.0
1711645200000,8.499,8.524,8.46,8.478,348243.0
1711648800000,8.475,8.493,8.416,8.447,390967.0
1711652400000,8.446,8.466,8.408,8.437,287405.0
1711656000000,8.435,8.471,8.415,8.434,360139.0
1711659600000,8.434,8.47,8.388,8.416,361242.0
1711663200000,8.416,8.449,8.352,8.445,370669.0
1711666800000,8.446,8.498,8.407,8.419,446764.0
1711670400000,8.42,8.429,8.362,8.406,689675.0
1711674000000,8.406,8.456,8.364,8.374,634785.0
1711677600000,8.373,8.654,8.259,8.593,3723322.0
1711681200000,8.592,8.73,8.448,8.477,3626952.0
1711684800000,8.476,8.619,8.45,8.533,1715115.0
1711688400000,8.532,8.629,8.471,8.529,1228448.0
1711692000000,8.527,8.543,8.452,8.526,664374.0
1711695600000,8.525,8.535,8.282,8.329,1812657.0
1711699200000,8.33,8.42,8.31,8.357,1134569.0
1711702800000,8.356,8.392,8.281,8.297,1265082.0
1711706400000,8.297,8.343,8.264,8.335,1193888.0
1711710000000,8.334,8.406,8.299,8.32,872877.0
1711713600000,8.32,8.363,8.261,8.291,919923.0
1711717200000,8.291,8.332,8.227,8.314,1051550.0
1711720800000,8.315,8.341,8.275,8.285,969058.0
1711724400000,8.285,8.321,8.019,8.094,3630310.0
1711728000000,8.093,8.216,8.085,8.131,1062620.0
1711731600000,8.131,8.68,8.117,8.296,9532796.0
1711735200000,8.295,8.333,8.162,8.212,1300350.0
1711738800000,8.212,8.306,8.199,8.305,447982.0
1711742400000,8.305,8.349,8.288,8.326,415976.0
1711746000000,8.327,8.341,8.257,8.304,403075.0
1711749600000,8.304,8.329,8.258,8.322,461022.0
1711753200000,8.322,8.419,8.306,8.376,834437.0
1711756800000,8.377,8.532,8.377,8.47,1406951.0
1711760400000,8.468,8.47,8.334,8.366,829879.0
1711764000000,8.365,8.374,8.302,8.353,607501.0
1711767600000,8.352,8.371,8.259,8.279,749738.0
1711771200000,8.278,8.375,8.252,8.368,654380.0
1711774800000,8.369,8.415,8.308,8.348,917578.0
1711778400000,8.347,8.355,8.264,8.287,461361.0
1711782000000,8.288,8.314,8.2,8.203,808500.0
1711785600000,8.201,8.23,8.151,8.204,999258.0
1711789200000,8.203,8.28,8.184,8.228,621085.0
1711792800000,8.228,8.259,8.204,8.249,285705.0
1711796400000,8.249,8.292,8.231,8.283,546270.0
1711800000000,8.283,8.325,8.254,8.323,597484.0
1711803600000,8.323,8.33,8.222,8.242,600964.0
1711807200000,8.242,8.258,8.188,8.217,657693.0
1711810800000,8.217,8.24,8.169,8.184,521650.0
1711814400000,8.185,8.236,8.176,8.204,721602.0
1711818000000,8.203,8.21,8.164,8.196,527215.0
1711821600000,8.196,8.216,8.172,8.173,320209.0
1711825200000,8.174,8.185,8.103,8.181,876647.0
1711828800000,8.181,8.194,8.149,8.152,221416.0
1711832400000,8.152,8.161,8.075,8.12,461234.0
1711836000000,8.118,8.162,8.084,8.112,430518.0
1711839600000,8.111,8.144,8.055,8.119,519826.0
1711843200000,8.119,8.18,8.089,8.163,496549.0
1711846800000,8.164,8.229,8.146,8.201,734128.0
1711850400000,8.201,8.23,8.147,8.185,500755.0
1711854000000,8.185,8.187,8.087,8.131,665032.0
1711857600000,8.13,8.189,8.105,8.181,410002.0
1711861200000,8.181,8.253,8.171,8.239,831467.0
1711864800000,8.238,8.255,8.183,8.21,536648.0
1711868400000,8.209,8.251,8.201,8.227,405628.0
1711872000000,8.227,8.317,8.225,8.242,886689.0
1711875600000,8.243,8.263,8.216,8.227,332085.0
1711879200000,8.227,8.244,8.207,8.212,253076.0
1711882800000,8.211,8.277,8.208,8.252,443845.0
1711886400000,8.252,8.298,8.245,8.279,577554.0
1711890000000,8.28,8.29,8.221,8.229,526235.0
1711893600000,8.229,8.264,8.208,8.26,434863.0
1711897200000,8.26,8.269,8.216,8.219,509801.0
1711900800000,8.219,8.251,8.211,8.228,536246.0
1711904400000,8.227,8.227,8.155,8.193,521808.0
1711908000000,8.192,8.274,8.186,8.224,527457.0
1711911600000,8.224,8.235,8.192,8.23,273169.0
1711915200000,8.23,8.253,8.205,8.222,217299.0
1711918800000,8.224,8.23,8.162,8.179,264121.0
1711922400000,8.179,8.215,8.147,8.188,667739.0
1711926000000,8.189,8.246,8.181,8.223,730956.0
1711929600000,8.223,8.31,8.194,8.237,877248.0
1711933200000,8.237,8.248,8.173,8.22,513354.0
1711936800000,8.219,8.232,8.191,8.199,303390.0
1711940400000,8.199,8.228,8.19,8.2,273370.0
1711944000000,8.2,8.217,8.137,8.143,496378.0
1711947600000,8.142,8.178,7.35,7.676,12145380.0
1711951200000,7.676,7.826,7.665,7.769,2882156.0
1711954800000,7.769,7.824,7.756,7.806,879828.0
1711958400000,7.806,7.806,7.691,7.754,1257738.0
1711962000000,7.753,7.815,7.751,7.771,550237.0
1711965600000,7.77,7.796,7.728,7.789,463044.0
1711969200000,7.788,7.805,7.724,7.726,668572.0
1711972800000,7.726,7.834,7.712,7.833,645242.0
1711976400000,7.832,7.897,7.786,7.845,1085630.0
1711980000000,7.843,7.873,7.555,7.616,2748652.0
1711983600000,7.615,7.656,7.461,7.52,2909437.0
1711987200000,7.52,7.59,7.494,7.502,1620427.0
1711990800000,7.502,7.524,7.413,7.505,1401156.0
1711994400000,7.506,7.509,7.366,7.476,834374.0
1711998000000,7.476,7.563,7.461,7.555,934453.0
1712001600000,7.554,7.559,7.485,7.537,335873.0
1712005200000,7.538,7.54,7.501,7.53,206986.0
1712008800000,7.531,7.654,7.525,7.626,567690.0
1712012400000,7.625,7.731,7.612,7.668,619728.0
1712016000000,7.669,7.671,7.5,7.517,982698.0
1712019600000,7.516,7.603,7.467,7.533,690337.0
1712023200000,7.533,7.533,6.816,7.115,9579309.0
1712026800000,7.115,7.185,7.03,7.082,1765677.0
1712030400000,7.082,7.162,7.064,7.113,1091278.0
1712034000000,7.114,7.116,6.977,7.105,1373955.0
1712037600000,7.105,7.164,7.049,7.124,819240.0
1712041200000,7.123,7.127,7.055,7.07,680832.0
1712044800000,7.07,7.103,6.884,6.941,1505893.0
1712048400000,6.942,7.035,6.872,6.967,1904728.0
1712052000000,6.966,6.97,6.828,6.91,1512617.0
1712055600000,6.907,6.966,6.786,6.959,2203676.0
1712059200000,6.959,7.036,6.9,6.946,1114604.0
1712062800000,6.945,6.983,6.85,6.914,1776078.0
1712066400000,6.914,7.072,6.905,6.982,1366985.0
1712070000000,6.982,7.06,6.81,6.883,1796460.0
1712073600000,6.884,7.005,6.851,6.96,1466230.0
1712077200000,6.961,6.999,6.899,6.947,590757.0
1712080800000,6.947,6.976,6.897,6.928,474469.0
1712084400000,6.929,6.965,6.902,6.909,406840.0
1712088000000,6.908,6.932,6.823,6.87,710578.0
1712091600000,6.87,6.902,6.777,6.817,465795.0
1712095200000,6.818,6.955,6.802,6.953,436310.0
1712098800000,6.954,6.957,6.824,6.84,654512.0
1712102400000,6.84,6.862,6.496,6.69,4238025.0
1712106000000,6.69,6.92,6.601,6.898,2548370.0
1712109600000,6.898,6.939,6.853,6.902,876243.0
1712113200000,6.902,6.98,6.848,6.944,921824.0
1712116800000,6.944,7.078,6.923,7.041,1911517.0
1712120400000,7.041,7.046,6.917,6.966,1002587.0
1712124000000,6.966,7.044,6.945,7.023,745359.0
1712127600000,7.023,7.07,6.99,7.026,605874.0
1712131200000,7.026,7.122,6.979,7.106,1007029.0
1712134800000,7.106,7.196,7.086,7.14,1376318.0
1712138400000,7.14,7.142,7.002,7.032,1110946.0
1712142000000,7.03,7.036,6.945,6.976,1204406.0
1712145600000,6.976,7.012,6.893,6.943,868695.0
1712149200000,6.944,6.979,6.878,6.916,851848.0
1712152800000,6.917,7.182,6.917,7.093,2402821.0
1712156400000,7.094,7.099,6.892,6.947,1407902.0
1712160000000,6.946,7.032,6.92,6.964,850649.0
1712163600000,6.963,6.99,6.828,6.842,1090100.0
1712167200000,6.841,6.884,6.737,6.857,1313639.0
1712170800000,6.857,6.877,6.766,6.792,573228.0
1712174400000,6.793,6.803,6.68,6.698,584397.0
1712178000000,6.697,6.801,6.62,6.784,770007.0
1712181600000,6.785,6.825,6.76,6.784,420423.0
1712185200000,6.784,6.795,6.74,6.746,322646.0
1712188800000,6.746,6.869,6.713,6.862,606542.0
1712192400000,6.861,6.904,6.766,6.806,582024.0
1712196000000,6.808,6.809,6.652,6.731,1280248.0
1712199600000,6.731,6.755,6.636,6.681,1182449.0
1712203200000,6.681,6.701,6.6,6.686,1248324.0
1712206800000,6.685,6.753,6.662,6.727,688646.0
1712210400000,6.726,6.829,6.72,6.805,621844.0
1712214000000,6.802,6.914,6.77,6.868,979221.0
1712217600000,6.869,6.988,6.856,6.943,730108.0
1712221200000,6.944,6.978,6.844,6.862,666926.0
1712224800000,6.863,6.906,6.815,6.859,709628.0
1712228400000,6.858,6.982,6.812,6.865,1376707.0
1712232000000,6.864,6.956,6.852,6.902,658881.0
1712235600000,6.902,7.078,6.881,6.946,2008327.0
1712239200000,6.946,7.022,6.916,6.984,897589.0
1712242800000,6.983,6.989,6.904,6.956,815340.0
1712246400000,6.958,7.1,6.942,7.049,1446618.0
1712250000000,7.048,7.142,7.015,7.114,1187451.0
1712253600000,7.113,7.173,6.959,6.979,1573045.0
1712257200000,6.978,7.006,6.948,6.96,423035.0
1712260800000,6.961,6.968,6.784,6.905,1751914.0
1712264400000,6.904,6.926,6.787,6.825,686952.0
1712268000000,6.826,6.864,6.793,6.817,445243.0
1712271600000,6.817,6.879,6.802,6.873,382084.0
1712275200000,6.873,6.986,6.822,6.975,680821.0
1712278800000,6.974,7.0,6.762,6.818,1371078.0
1712282400000,6.815,6.817,6.645,6.693,1540134.0
1712286000000,6.693,6.818,6.683,6.803,749040.0
1712289600000,6.803,6.805,6.675,6.718,702185.0
1712293200000,6.716,6.729,6.53,6.659,2781582.0
1712296800000,6.659,6.708,6.641,6.688,527580.0
1712300400000,6.687,6.695,6.623,6.68,450879.0
1712304000000,6.68,6.763,6.635,6.654,874212.0
1712307600000,6.654,6.654,6.551,6.615,1612609.0
1712311200000,6.614,6.64,6.519,6.608,997637.0
1712314800000,6.607,6.635,6.5,6.54,953041.0
1712318400000,6.541,6.76,6.46,6.756,3604582.0
1712322000000,6.756,6.858,6.697,6.816,1753934.0
1712325600000,6.815,6.903,6.776,6.863,1186064.0
1712329200000,6.863,6.896,6.803,6.869,727401.0
1712332800000,6.869,6.905,6.826,6.885,831278.0
1712336400000,6.884,6.986,6.855,6.899,1252831.0
1712340000000,6.899,6.971,6.876,6.929,538861.0
1712343600000,6.928,6.975,6.871,6.879,455726.0
1712347200000,6.879,6.969,6.878,6.903,501846.0
1712350800000,6.904,6.909,6.842,6.855,495870.0
1712354400000,6.854,6.932,6.85,6.886,522268.0
1712358000000,6.886,6.916,6.852,6.858,280412.0
1712361600000,6.859,7.095,6.78,7.074,2780405.0
1712365200000,7.074,7.086,6.967,6.972,1125652.0
1712368800000,6.97,7.182,6.956,7.158,1881044.0
1712372400000,7.161,7.283,7.062,7.101,3109569.0
1712376000000,7.1,7.151,7.044,7.075,1084168.0
1712379600000,7.074,7.167,7.033,7.107,1163136.0
1712383200000,7.108,7.144,7.079,7.095,729144.0
1712386800000,7.093,7.093,6.987,7.042,1206004.0
1712390400000,7.042,7.154,7.021,7.115,875883.0
1712394000000,7.115,7.148,7.028,7.052,838225.0
1712397600000,7.051,7.099,7.006,7.042,507695.0
1712401200000,7.042,7.052,6.937,6.974,1389214.0
1712404800000,6.973,7.0,6.919,6.949,618996.0
1712408400000,6.95,6.951,6.879,6.901,792192.0
1712412000000,6.901,6.971,6.89,6.94,546217.0
1712415600000,6.939,6.994,6.914,6.945,675222.0
1712419200000,6.945,6.985,6.921,6.951,498897.0
1712422800000,6.951,6.971,6.917,6.93,499941.0
1712426400000,6.926,6.943,6.896,6.913,326405.0
1712430000000,6.912,6.959,6.9,6.905,452817.0
1712433600000,6.904,6.954,6.897,6.953,189418.0
1712437200000,6.953,6.973,6.905,6.922,293039.0
1712440800000,6.922,6.989,6.917,6.987,356345.0
1712444400000,6.988,7.102,6.969,6.978,1361267.0
1712448000000,6.978,7.247,6.949,7.167,4218576.0
1712451600000,7.166,7.223,7.127,7.172,1185389.0
1712455200000,7.173,7.261,7.152,7.182,1009773.0
1712458800000,7.183,7.211,7.153,7.175,553714.0
1712462400000,7.175,7.201,7.112,7.145,571247.0
1712466000000,7.146,7.228,7.144,7.217,407645.0
1712469600000,7.218,7.219,7.073,7.075,1475132.0
1712473200000,7.075,7.134,7.075,7.123,904690.0
1712476800000,7.123,7.184,7.102,7.168,459944.0
1712480400000,7.165,7.172,7.1,7.11,412646.0
1712484000000,7.111,7.224,7.092,7.174,658746.0
1712487600000,7.173,7.294,7.152,7.23,1207753.0
1712491200000,7.23,7.269,7.185,7.249,835248.0
1712494800000,7.248,7.307,7.198,7.199,844790.0
1712498400000,7.199,7.218,7.135,7.191,807062.0
1712502000000,7.191,7.233,7.111,7.122,880170.0
1712505600000,7.125,7.388,7.125,7.327,1514613.0
1712509200000,7.325,7.328,7.141,7.157,1280417.0
1712512800000,7.158,7.164,7.081,7.11,597888.0
1712516400000,7.111,7.141,7.051,7.077,408895.0
1712520000000,7.077,7.176,7.069,7.145,424409.0
1712523600000,7.146,7.232,7.129,7.153,458435.0
1712527200000,7.153,7.183,7.111,7.169,356494.0
1712530800000,7.17,7.219,7.167,7.209,414483.0
1712534400000,7.209,7.258,7.139,7.202,825647.0
1712538000000,7.202,7.23,7.148,7.171,578157.0
1712541600000,7.168,7.169,7.069,7.097,709285.0
1712545200000,7.097,7.108,7.032,7.089,775930.0
1712548800000,7.089,7.103,7.047,7.092,352692.0
1712552400000,7.091,7.152,7.088,7.139,449672.0
1712556000000,7.14,7.157,7.098,7.126,416459.0
1712559600000,7.126,7.264,7.112,7.237,1081669.0
1712563200000,7.238,7.431,7.233,7.389,2544223.0
1712566800000,7.389,7.453,7.353,7.385,1483842.0
1712570400000,7.384,7.423,7.326,7.413,901548.0
1712574000000,7.411,7.467,7.374,7.451,697880.0
1712577600000,7.452,7.484,7.339,7.354,1104304.0
1712581200000,7.354,7.401,7.301,7.342,883981.0
1712584800000,7.341,7.364,7.251,7.317,995075.0
1712588400000,7.317,7.341,7.278,7.298,446779.0
1712592000000,7.3,7.351,7.289,7.317,508583.0
1712595600000,7.316,7.335,7.267,7.315,424533.0
1712599200000,7.314,7.367,7.303,7.326,416160.0
1712602800000,7.325,7.332,7.28,7.295,440490.0
1712606400000,7.296,7.302,7.236,7.269,417650.0
1712610000000,7.269,7.292,7.259,7.291,285224.0
1712613600000,7.292,7.349,7.275,7.345,309938.0
1712617200000,7.345,7.374,7.303,7.313,580364.0
1712620800000,7.31,7.351,7.243,7.26,791883.0
1712624400000,7.259,7.272,7.172,7.258,1090413.0
1712628000000,7.258,7.298,7.227,7.269,435676.0
1712631600000,7.27,7.289,7.174,7.204,527158.0
1712635200000,7.204,7.219,7.143,7.19,711115.0
1712638800000,7.191,7.236,7.19,7.215,357805.0
1712642400000,7.216,7.239,7.074,7.098,1462698.0
1712646000000,7.097,7.129,6.957,7.002,2564639.0
1712649600000,7.001,7.042,6.845,7.021,3424123.0
1712653200000,7.022,7.075,6.966,6.991,1117402.0
1712656800000,6.99,7.012,6.941,6.994,587898.0
1712660400000,6.993,7.027,6.99,7.026,338906.0
1712664000000,7.026,7.038,6.962,7.026,505154.0
1712667600000,7.025,7.04,6.866,6.879,1575050.0
1712671200000,6.878,6.947,6.722,6.822,4001395.0
1712674800000,6.822,6.824,6.672,6.804,1807451.0
1712678400000,6.803,6.807,6.686,6.721,1178336.0
1712682000000,6.72,6.774,6.653,6.764,1126667.0
1712685600000,6.765,6.807,6.736,6.754,615967.0
1712689200000,6.754,6.765,6.713,6.748,365603.0
1712692800000,6.748,6.785,6.743,6.759,184957.0
1712696400000,6.759,6.759,6.683,6.725,251098.0
1712700000000,6.724,6.747,6.684,6.725,181548.0
1712703600000,6.725,6.726,6.61,6.665,832343.0
1712707200000,6.664,6.758,6.639,6.722,653051.0
1712710800000,6.722,6.723,6.562,6.67,1641870.0
1712714400000,6.669,6.711,6.405,6.453,2472605.0
1712718000000,6.455,6.602,6.44,6.598,1831629.0
1712721600000,6.598,6.623,6.558,6.615,466992.0
1712725200000,6.616,6.649,6.594,6.601,432083.0
1712728800000,6.599,6.667,6.564,6.581,987520.0
1712732400000,6.58,6.629,6.569,6.595,396659.0
1712736000000,6.595,6.628,6.527,6.606,1180758.0
1712739600000,6.606,6.634,6.557,6.594,408459.0
1712743200000,6.593,6.596,6.48,6.525,1146622.0
1712746800000,6.525,6.547,6.496,6.526,510499.0
1712750400000,6.526,6.543,6.195,6.374,6495809.0
1712754000000,6.373,6.422,6.313,6.41,1476065.0
1712757600000,6.41,6.546,6.372,6.51,1498713.0
1712761200000,6.51,6.514,6.442,6.475,688276.0
1712764800000,6.473,6.614,6.449,6.601,1380818.0
1712768400000,6.602,6.639,6.543,6.557,780921.0
1712772000000,6.557,6.56,6.474,6.504,690349.0
1712775600000,6.503,6.561,6.48,6.561,426312.0
1712779200000,6.561,6.605,6.542,6.549,341339.0
1712782800000,6.547,6.555,6.507,6.544,191218.0
1712786400000,6.544,6.66,6.541,6.564,774726.0
1712790000000,6.564,6.61,6.552,6.57,260642.0
1712793600000,6.57,6.583,6.517,6.575,437490.0
1712797200000,6.574,6.574,6.496,6.504,483904.0
1712800800000,6.504,6.56,6.477,6.522,670585.0
1712804400000,6.521,6.558,6.518,6.532,385894.0
1712808000000,6.533,6.539,6.476,6.525,561558.0
1712811600000,6.525,6.612,6.515,6.54,926961.0
1712815200000,6.54,6.781,6.537,6.728,1805468.0
1712818800000,6.729,6.9,6.725,6.793,3005834.0
1712822400000,6.794,6.88,6.786,6.817,1037987.0
1712826000000,6.817,6.817,6.606,6.615,2457102.0
1712829600000,6.615,6.658,6.538,6.542,1306761.0
1712833200000,6.542,6.55,6.381,6.419,1915214.0
1712836800000,6.419,6.511,6.339,6.458,2220517.0
1712840400000,6.458,6.511,6.35,6.411,2167183.0
1712844000000,6.412,6.441,6.327,6.387,1682257.0
1712847600000,6.386,6.484,6.376,6.477,997600.0
1712851200000,6.477,6.501,6.381,6.443,1011682.0
1712854800000,6.444,6.492,6.377,6.394,816751.0
1712858400000,6.393,6.421,6.329,6.343,513034.0
1712862000000,6.343,6.401,6.281,6.384,900468.0
1712865600000,6.385,6.42,6.373,6.392,309936.0
1712869200000,6.391,6.392,6.327,6.344,309470.0
1712872800000,6.343,6.392,6.331,6.358,226713.0
1712876400000,6.359,6.388,6.321,6.376,345646.0
1712880000000,6.377,6.471,6.375,6.442,930161.0
1712883600000,6.442,6.453,6.387,6.422,422557.0
1712887200000,6.422,6.5,6.415,6.471,695111.0
1712890800000,6.471,6.511,6.446,6.479,473608.0
1712894400000,6.478,6.532,6.463,6.516,620807.0
1712898000000,6.517,6.532,6.478,6.521,620885.0
1712901600000,6.521,6.526,6.434,6.466,647038.0
1712905200000,6.466,6.486,6.408,6.435,627506.0
1712908800000,6.433,6.518,6.422,6.489,830473.0
1712912400000,6.489,6.513,6.441,6.475,494033.0
1712916000000,6.475,6.487,6.416,6.473,427275.0
1712919600000,6.472,6.651,6.464,6.561,1855034.0
1712923200000,6.563,6.605,6.474,6.559,2027598.0
1712926800000,6.56,6.56,6.241,6.318,4236547.0
1712930400000,6.319,6.632,6.276,6.559,5234205.0
1712934000000,6.559,6.735,6.514,6.55,4650499.0
1712937600000,6.55,6.592,6.365,6.461,3521768.0
1712941200000,6.458,6.469,5.703,5.985,16670153.0
1712944800000,5.986,6.0,4.507,5.114,22936504.0
1712948400000,5.114,5.29,5.029,5.177,7519161.0
1712952000000,5.177,5.306,5.154,5.204,2633754.0
1712955600000,5.205,5.312,5.129,5.262,1535155.0
1712959200000,5.262,5.301,5.208,5.276,1350117.0
1712962800000,5.276,5.546,5.23,5.475,2345725.0
1712966400000,5.475,5.478,5.312,5.352,2074411.0
1712970000000,5.352,5.354,5.033,5.064,3689568.0
1712973600000,5.063,5.255,5.06,5.23,2550988.0
1712977200000,5.229,5.359,5.208,5.33,1848449.0
1712980800000,5.33,5.488,5.31,5.412,2082651.0
1712984400000,5.413,5.465,5.37,5.404,1475963.0
1712988000000,5.403,5.499,5.39,5.465,1527634.0
1712991600000,5.465,5.472,5.368,5.398,1096895.0
1712995200000,5.396,5.437,5.331,5.361,1193653.0
1712998800000,5.36,5.414,5.284,5.325,1616856.0
1713002400000,5.324,5.439,5.312,5.415,1278105.0
1713006000000,5.415,5.471,5.355,5.364,1032034.0
1713009600000,5.362,5.429,5.311,5.394,1587604.0
1713013200000,5.394,5.44,5.348,5.375,1004140.0
1713016800000,5.374,5.394,5.322,5.349,860645.0
1713020400000,5.349,5.445,5.305,5.355,1774643.0
1713024000000,5.356,5.379,5.117,5.148,5790472.0
1713027600000,5.147,5.153,4.701,4.815,14384533.0
1713031200000,4.812,4.973,4.721,4.939,4011614.0
1713034800000,4.938,4.963,4.188,4.476,9787010.0
1713038400000,4.476,4.53,3.65,4.008,22169688.0
1713042000000,4.009,4.218,3.788,4.21,5877881.0
1713045600000,4.211,4.467,4.095,4.402,7652380.0
1713049200000,4.402,4.487,4.375,4.423,3998949.0
1713052800000,4.424,4.48,4.236,4.333,5194927.0
1713056400000,4.333,4.456,4.267,4.413,2345558.0
1713060000000,4.413,4.454,4.345,4.412,1601221.0
1713063600000,4.411,4.479,4.275,4.469,3363946.0
1713067200000,4.469,4.653,4.439,4.634,3112978.0
1713070800000,4.635,4.786,4.613,4.726,2928178.0
1713074400000,4.727,4.867,4.671,4.829,2362255.0
1713078000000,4.83,4.89,4.773,4.883,1961625.0
1713081600000,4.883,4.963,4.843,4.892,1975994.0
1713085200000,4.888,4.957,4.818,4.856,2209779.0
1713088800000,4.856,4.909,4.84,4.845,1153523.0
1713092400000,4.846,4.867,4.685,4.717,2188994.0
1713096000000,4.717,4.92,4.701,4.843,2944433.0
1713099600000,4.844,4.886,4.705,4.717,2334816.0
1713103200000,4.716,4.823,4.643,4.75,3416244.0
1713106800000,4.749,4.845,4.709,4.755,2268858.0
1713110400000,4.755,4.987,4.73,4.807,4005557.0
1713114000000,4.807,4.894,4.563,4.78,9440188.0
1713117600000,4.782,4.957,4.763,4.915,2834302.0
1713121200000,4.915,4.95,4.879,4.893,1038837.0
1713124800000,4.893,4.929,4.761,4.784,1429999.0
1713128400000,4.784,4.817,4.747,4.78,501938.0
1713132000000,4.781,5.2,4.778,5.186,4293130.0
1713135600000,5.185,5.25,5.121,5.141,2558986.0
1713139200000,5.141,5.163,5.031,5.066,2464920.0
1713142800000,5.064,5.135,4.991,5.114,1600531.0
1713146400000,5.113,5.115,4.964,4.993,1770523.0
1713150000000,4.994,5.031,4.972,4.978,1421736.0
1713153600000,4.979,4.986,4.895,4.944,1697411.0
1713157200000,4.944,5.122,4.944,5.1,1664969.0
1713160800000,5.1,5.241,5.054,5.184,4964235.0
1713164400000,5.184,5.224,5.113,5.139,1783037.0
1713168000000,5.139,5.195,5.098,5.109,1225926.0
1713171600000,5.11,5.181,5.073,5.102,1648522.0
1713175200000,5.102,5.162,5.089,5.144,857788.0
1713178800000,5.144,5.17,5.012,5.028,1714851.0
1713182400000,5.028,5.083,5.025,5.073,1011400.0
1713186000000,5.072,5.124,4.956,4.978,2193383.0
1713189600000,4.979,5.013,4.753,4.765,6285429.0
1713193200000,4.766,4.842,4.696,4.791,4343411.0
1713196800000,4.79,4.828,4.7,4.711,3249607.0
1713200400000,4.712,4.817,4.605,4.653,4377378.0
1713204000000,4.653,4.681,4.502,4.516,3270644.0
1713207600000,4.518,4.711,4.454,4.663,5246239.0
1713211200000,4.664,4.701,4.579,4.593,1542732.0
1713214800000,4.592,4.695,4.544,4.678,1328631.0
1713218400000,4.678,4.857,4.638,4.836,1397241.0
1713222000000,4.836,4.836,4.729,4.79,1357542.0
1713225600000,4.791,4.803,4.631,4.673,1959909.0
1713229200000,4.672,4.832,4.644,4.74,1815841.0
1713232800000,4.739,4.762,4.662,4.744,1608584.0
1713236400000,4.744,4.795,4.62,4.661,1877970.0
1713240000000,4.661,4.704,4.515,4.627,3160646.0
1713243600000,4.626,4.782,4.586,4.709,1941737.0
1713247200000,4.709,4.884,4.693,4.856,1938819.0
1713250800000,4.857,5.012,4.848,4.982,3106916.0
1713254400000,4.983,5.022,4.921,4.96,2043236.0
1713258000000,4.959,5.083,4.943,4.962,2607646.0
1713261600000,4.964,4.968,4.759,4.907,6140543.0
1713265200000,4.906,5.077,4.868,5.06,4037264.0
1713268800000,5.059,5.059,4.855,4.877,2378439.0
1713272400000,4.877,4.919,4.789,4.875,3843938.0
1713276000000,4.877,5.05,4.836,4.9,4536338.0
1713279600000,4.9,4.934,4.718,4.72,4574888.0
1713283200000,4.72,4.92,4.601,4.897,4997661.0
1713286800000,4.897,4.927,4.76,4.79,2389271.0
1713290400000,4.789,4.9,4.785,4.845,2181895.0
1713294000000,4.846,4.856,4.711,4.729,1359221.0
1713297600000,4.729,4.925,4.723,4.916,1123594.0
1713301200000,4.915,5.218,4.914,5.077,2781359.0
1713304800000,5.076,5.16,5.026,5.147,1141415.0
1713308400000,5.147,5.182,5.078,5.085,1450603.0
1713312000000,5.085,5.155,5.004,5.081,1783324.0
1713315600000,5.081,5.083,4.905,4.966,2192932.0
1713319200000,4.968,5.0,4.877,4.93,1347313.0
1713322800000,4.929,4.998,4.901,4.937,973198.0
1713326400000,4.937,5.065,4.912,5.004,1180625.0
1713330000000,5.004,5.043,4.921,4.945,1269761.0
1713333600000,4.944,4.992,4.915,4.955,859833.0
1713337200000,4.954,5.034,4.901,4.986,1721263.0
1713340800000,4.985,5.055,4.971,5.012,1270026.0
1713344400000,5.011,5.086,4.99,5.057,1167755.0
1713348000000,5.058,5.089,4.975,5.004,2188977.0
1713351600000,5.005,5.017,4.888,4.905,1925422.0
1713355200000,4.905,4.924,4.777,4.827,2311350.0
1713358800000,4.826,4.891,4.757,4.796,2293270.0
1713362400000,4.796,5.149,4.638,5.041,8596235.0
1713366000000,5.042,5.053,4.761,4.831,9718310.0
1713369600000,4.831,4.948,4.717,4.768,5785947.0
1713373200000,4.767,4.958,4.727,4.927,2646294.0
1713376800000,4.929,5.039,4.913,4.944,2767418.0
1713380400000,4.944,4.944,4.733,4.796,2662221.0
1713384000000,4.794,4.834,4.676,4.685,1631102.0
1713387600000,4.686,4.814,4.683,4.771,1086133.0
1713391200000,4.771,4.803,4.739,4.773,1098520.0
1713394800000,4.774,4.812,4.712,4.738,942287.0
1713398400000,4.737,4.788,4.575,4.736,2989702.0
1713402000000,4.735,4.842,4.719,4.827,2266305.0
1713405600000,4.828,4.842,4.733,4.781,1373774.0
1713409200000,4.781,4.877,4.778,4.83,1755560.0
1713412800000,4.83,4.865,4.796,4.82,1148111.0
1713416400000,4.82,4.88,4.793,4.805,1006774.0
1713420000000,4.805,4.824,4.684,4.729,1755831.0
1713423600000,4.73,4.803,4.67,4.706,1521298.0
1713427200000,4.706,4.862,4.692,4.845,2601649.0
1713430800000,4.845,4.915,4.812,4.851,1832986.0
1713434400000,4.851,4.852,4.807,4.83,733740.0
1713438000000,4.829,4.926,4.829,4.844,1794545.0
1713441600000,4.843,4.864,4.726,4.763,1893056.0
1713445200000,4.764,4.812,4.709,4.804,1799302.0
1713448800000,4.803,4.933,4.757,4.89,3658391.0
1713452400000,4.891,4.977,4.869,4.926,2060491.0
1713456000000,4.925,4.973,4.884,4.923,1437384.0
1713459600000,4.922,4.937,4.847,4.855,1168945.0
1713463200000,4.854,4.962,4.821,4.958,1078965.0
1713466800000,4.958,5.044,4.946,5.015,1365538.0
1713470400000,5.016,5.089,5.0,5.077,1190751.0
1713474000000,5.077,5.147,5.026,5.032,1083080.0
1713477600000,5.031,5.056,4.994,5.009,687375.0
1713481200000,5.009,5.038,4.975,4.994,533636.0
1713484800000,4.994,4.995,4.887,4.893,1223069.0
1713488400000,4.892,4.898,4.681,4.712,3831154.0
1713492000000,4.713,4.732,4.469,4.612,6680861.0
1713495600000,4.612,4.737,4.605,4.698,3196342.0
1713499200000,4.698,4.844,4.688,4.788,1739346.0
1713502800000,4.788,4.805,4.712,4.745,1294005.0
1713506400000,4.745,4.983,4.692,4.941,3260676.0
1713510000000,4.94,5.02,4.843,4.867,3031928.0
1713513600000,4.868,4.955,4.853,4.935,2025286.0
1713517200000,4.934,5.039,4.931,4.953,2358889.0
1713520800000,4.954,4.995,4.877,4.973,1386446.0
1713524400000,4.973,4.997,4.902,4.939,1729398.0
1713528000000,4.94,4.995,4.916,4.938,1542252.0
1713531600000,4.937,5.018,4.888,5.005,2072808.0
1713535200000,5.006,5.027,4.895,4.992,2047618.0
1713538800000,4.992,5.092,4.981,4.998,1793234.0
1713542400000,4.998,5.077,4.885,5.001,2661831.0
1713546000000,5.001,5.281,4.989,5.221,4399341.0
1713549600000,5.221,5.223,5.037,5.042,2566519.0
1713553200000,5.042,5.093,5.033,5.08,974287.0
1713556800000,5.081,5.081,4.964,4.992,830270.0
1713560400000,4.993,5.019,4.975,5.016,492297.0
1713564000000,5.017,5.024,4.923,4.93,721909.0
1713567600000,4.929,4.97,4.817,4.925,2695595.0
1713571200000,4.926,4.954,4.834,4.87,1960166.0
1713574800000,4.869,4.973,4.817,4.947,1667754.0
1713578400000,4.948,4.965,4.896,4.934,1071274.0
1713582000000,4.934,4.944,4.887,4.929,686491.0
1713585600000,4.93,5.01,4.912,4.984,848845.0
1713589200000,4.983,5.053,4.965,5.035,921850.0
1713592800000,5.034,5.072,4.99,5.041,1144534.0
1713596400000,5.041,5.064,5.008,5.028,649559.0
1713600000000,5.028,5.13,4.985,5.073,1878904.0
1713603600000,5.074,5.09,5.0,5.045,1256989.0
1713607200000,5.045,5.063,4.989,5.0,875319.0
1713610800000,5.001,5.034,4.988,5.021,729553.0
1713614400000,5.022,5.124,5.01,5.078,1278266.0
1713618000000,5.079,5.19,5.064,5.133,1452877.0
1713621600000,5.133,5.255,5.125,5.188,2440883.0
1713625200000,5.188,5.388,5.145,5.339,2629141.0
1713628800000,5.339,5.579,5.289,5.478,6022273.0
1713632400000,5.479,5.672,5.476,5.608,2981223.0
1713636000000,5.606,5.665,5.488,5.511,2531822.0
1713639600000,5.511,5.515,5.441,5.483,879555.0
1713643200000,5.483,5.521,5.461,5.493,585846.0
1713646800000,5.492,5.503,5.461,5.5,313141.0
1713650400000,5.5,5.572,5.476,5.522,783472.0
1713654000000,5.522,5.641,5.514,5.621,927861.0
1713657600000,5.62,5.63,5.536,5.6,1207531.0
1713661200000,5.6,5.72,5.576,5.668,2166989.0
1713664800000,5.667,5.9,5.605,5.747,4478709.0
1713668400000,5.749,5.765,5.594,5.623,2738372.0
1713672000000,5.622,5.634,5.573,5.608,1033749.0
1713675600000,5.608,5.624,5.541,5.563,1114968.0
1713679200000,5.563,5.663,5.553,5.646,1112495.0
1713682800000,5.646,5.701,5.622,5.669,1312695.0
1713686400000,5.668,5.675,5.602,5.618,919598.0
1713690000000,5.617,5.658,5.586,5.64,1107908.0
1713693600000,5.639,5.679,5.593,5.652,1060191.0
1713697200000,5.652,5.727,5.614,5.634,1237304.0
1713700800000,5.633,5.67,5.526,5.553,1866905.0
1713704400000,5.553,5.588,5.449,5.472,2169767.0
1713708000000,5.47,5.515,5.423,5.44,1347550.0
1713711600000,5.44,5.555,5.438,5.54,1436113.0
1713715200000,5.54,5.546,5.362,5.442,3104018.0
1713718800000,5.442,5.468,5.403,5.446,807053.0
1713722400000,5.446,5.491,5.419,5.448,464105.0
1713726000000,5.449,5.5,5.445,5.448,536714.0
1713729600000,5.449,5.503,5.425,5.498,377992.0
1713733200000,5.498,5.554,5.462,5.483,574867.0
1713736800000,5.483,5.565,5.469,5.502,739166.0
1713740400000,5.501,5.543,5.484,5.537,454232.0
1713744000000,5.536,5.664,5.522,5.551,1880921.0
1713747600000,5.55,5.655,5.48,5.498,1993340.0
1713751200000,5.496,5.537,5.423,5.48,1556683.0
1713754800000,5.48,5.66,5.463,5.603,1851842.0
1713758400000,5.603,5.66,5.588,5.623,1159217.0
1713762000000,5.624,5.703,5.604,5.663,1294832.0
1713765600000,5.662,5.68,5.618,5.628,1047745.0
1713769200000,5.628,5.665,5.56,5.568,1438517.0
1713772800000,5.567,5.615,5.495,5.518,1315306.0
1713776400000,5.518,5.533,5.483,5.517,1277291.0
1713780000000,5.517,5.577,5.507,5.559,1139794.0
1713783600000,5.559,5.56,5.482,5.509,1051900.0
1713787200000,5.509,5.566,5.495,5.542,960583.0
1713790800000,5.541,5.575,5.489,5.533,985847.0
1713794400000,5.532,5.549,5.466,5.484,1202743.0
1713798000000,5.483,5.631,5.426,5.573,2528393.0
1713801600000,5.573,5.65,5.497,5.52,1902925.0
1713805200000,5.519,5.602,5.504,5.554,900894.0
1713808800000,5.553,5.628,5.538,5.594,827121.0
1713812400000,5.595,5.626,5.564,5.591,392668.0
1713816000000,5.59,5.651,5.568,5.603,435006.0
1713819600000,5.602,5.61,5.574,5.585,241507.0
1713823200000,5.586,5.64,5.554,5.628,543635.0
1713826800000,5.628,5.667,5.585,5.597,956938.0
1713830400000,5.596,5.739,5.574,5.724,1280289.0
1713834000000,5.724,6.194,5.701,5.957,9061032.0
1713837600000,5.957,5.975,5.834,5.869,3553248.0
1713841200000,5.868,5.932,5.766,5.783,2430997.0
1713844800000,5.781,5.877,5.711,5.751,2551388.0
1713848400000,5.75,5.833,5.705,5.827,1916660.0
1713852000000,5.825,5.874,5.734,5.767,2035800.0
1713855600000,5.767,5.787,5.529,5.559,5304651.0
1713859200000,5.56,5.646,5.495,5.626,3266155.0
1713862800000,5.626,5.665,5.584,5.603,1460747.0
1713866400000,5.603,5.651,5.579,5.608,1229992.0
1713870000000,5.608,5.611,5.475,5.549,2274763.0
1713873600000,5.548,5.599,5.516,5.584,1666743.0
1713877200000,5.583,5.67,5.529,5.642,2359931.0
1713880800000,5.642,5.703,5.595,5.649,2551408.0
1713884400000,5.649,5.652,5.5,5.557,2137378.0
1713888000000,5.557,5.6,5.516,5.532,1263645.0
1713891600000,5.53,5.564,5.486,5.526,958928.0
1713895200000,5.525,5.534,5.43,5.499,1321779.0
1713898800000,5.498,5.529,5.47,5.523,370944.0
1713902400000,5.522,5.523,5.453,5.508,557235.0
1713906000000,5.508,5.512,5.311,5.412,3269692.0
1713909600000,5.412,5.444,5.389,5.406,893544.0
1713913200000,5.406,5.437,5.376,5.408,794849.0
1713916800000,5.407,5.506,5.38,5.487,1371637.0
1713920400000,5.487,5.534,5.468,5.49,1125943.0
1713924000000,5.49,5.523,5.446,5.465,1261488.0
1713927600000,5.464,5.487,5.42,5.448,1301418.0
1713931200000,5.447,5.582,5.432,5.572,1555958.0
1713934800000,5.573,5.588,5.481,5.495,1523953.0
1713938400000,5.495,5.526,5.444,5.494,1136282.0
1713942000000,5.493,5.532,5.47,5.478,845137.0
1713945600000,5.479,5.501,5.452,5.467,664741.0
1713949200000,5.467,5.471,5.39,5.453,1582558.0
1713952800000,5.453,5.486,5.413,5.451,820033.0
1713956400000,5.451,5.516,5.417,5.495,1010504.0
1713960000000,5.494,5.51,5.433,5.444,923664.0
1713963600000,5.443,5.447,5.224,5.268,5225748.0
1713967200000,5.268,5.315,5.06,5.145,7741949.0
1713970800000,5.145,5.157,5.033,5.05,3604067.0
1713974400000,5.049,5.113,5.006,5.066,3053790.0
1713978000000,5.067,5.149,5.058,5.11,1530467.0
1713981600000,5.11,5.114,5.019,5.035,1040747.0
1713985200000,5.035,5.131,4.946,5.066,2574045.0
1713988800000,5.065,5.09,4.983,5.011,1536556.0
1713992400000,5.01,5.067,4.968,5.062,799649.0
1713996000000,5.062,5.068,4.831,4.914,4460265.0
1713999600000,4.914,4.94,4.851,4.927,1857788.0
1714003200000,4.927,4.957,4.899,4.926,1162666.0
1714006800000,4.926,4.955,4.79,4.8,1860804.0
1714010400000,4.8,4.857,4.758,4.846,2157302.0
1714014000000,4.847,4.877,4.783,4.806,1568358.0
1714017600000,4.807,4.842,4.69,4.841,2887064.0
1714021200000,4.841,4.854,4.798,4.811,1166698.0
1714024800000,4.809,4.832,4.774,4.791,915995.0
1714028400000,4.791,4.818,4.72,4.751,1230364.0
1714032000000,4.752,4.818,4.724,4.762,1378990.0
1714035600000,4.763,4.816,4.739,4.757,1185615.0
1714039200000,4.759,4.759,4.651,4.694,3106790.0
1714042800000,4.694,4.838,4.685,4.795,3296056.0
1714046400000,4.796,4.867,4.732,4.754,2824903.0
1714050000000,4.755,4.825,4.696,4.784,2668512.0
1714053600000,4.783,4.844,4.742,4.769,1695650.0
1714057200000,4.769,5.169,4.731,5.041,14680872.0
1714060800000,5.04,5.055,4.829,4.942,3991256.0
1714064400000,4.941,4.954,4.814,4.926,1777482.0
1714068000000,4.925,4.929,4.844,4.882,1158596.0
1714071600000,4.883,4.886,4.823,4.845,840370.0
1714075200000,4.843,4.897,4.808,4.888,1324237.0
1714078800000,4.888,5.015,4.886,4.944,1599762.0
1714082400000,4.944,4.957,4.873,4.878,516851.0
1714086000000,4.877,4.909,4.865,4.872,624404.0
1714089600000,4.871,4.901,4.761,4.805,2055060.0
1714093200000,4.806,4.855,4.712,4.824,2474001.0
1714096800000,4.822,4.871,4.805,4.831,1029942.0
1714100400000,4.83,4.844,4.759,4.761,1179259.0
1714104000000,4.762,4.813,4.727,4.787,1402260.0
1714107600000,4.786,4.879,4.773,4.855,2372067.0
1714111200000,4.855,4.861,4.785,4.801,1129196.0
1714114800000,4.801,4.828,4.756,4.791,997691.0
1714118400000,4.79,4.84,4.77,4.796,824979.0
1714122000000,4.798,4.813,4.733,4.784,1467889.0
1714125600000,4.785,4.799,4.688,4.72,1456835.0
1714129200000,4.721,4.771,4.721,4.739,628558.0
1714132800000,4.738,4.797,4.711,4.747,1358586.0
1714136400000,4.746,4.835,4.624,4.814,5120657.0
1714140000000,4.813,4.893,4.708,4.732,3943407.0
1714143600000,4.731,4.749,4.625,4.704,3863030.0
1714147200000,4.703,4.756,4.667,4.74,1495532.0
1714150800000,4.741,4.856,4.733,4.775,2753583.0
1714154400000,4.776,4.797,4.745,4.771,689630.0
1714158000000,4.77,4.773,4.719,4.72,518693.0
1714161600000,4.72,4.769,4.719,4.731,429700.0
1714165200000,4.732,4.744,4.693,4.723,349070.0
1714168800000,4.723,4.724,4.594,4.622,1970264.0
1714172400000,4.622,4.724,4.618,4.707,1164331.0
1714176000000,4.708,4.77,4.635,4.671,2341080.0
1714179600000,4.674,4.679,4.309,4.509,10042359.0
1714183200000,4.509,4.6,4.495,4.546,1817566.0
1714186800000,4.548,4.642,4.533,4.613,1104437.0
1714190400000,4.613,4.686,4.611,4.675,952847.0
1714194000000,4.676,4.742,4.651,4.698,1900158.0
1714197600000,4.698,4.737,4.669,4.707,1180356.0
1714201200000,4.707,4.776,4.692,4.729,1894290.0
1714204800000,4.73,4.798,4.712,4.742,2191884.0
1714208400000,4.742,4.854,4.731,4.749,2499259.0
1714212000000,4.75,4.768,4.646,4.655,2260870.0
1714215600000,4.655,4.773,4.626,4.748,2939126.0
1714219200000,4.747,4.834,4.74,4.808,2809701.0
1714222800000,4.808,4.947,4.805,4.896,3170161.0
1714226400000,4.896,4.932,4.796,4.819,2857393.0
1714230000000,4.818,4.827,4.75,4.774,1913046.0
1714233600000,4.773,4.792,4.725,4.738,1553889.0
1714237200000,4.738,4.9,4.729,4.855,1891021.0
1714240800000,4.856,4.906,4.765,4.81,1920755.0
1714244400000,4.81,4.823,4.772,4.815,792729.0
1714248000000,4.815,4.83,4.777,4.822,468733.0
1714251600000,4.823,4.86,4.806,4.842,384084.0
1714255200000,4.842,4.866,4.827,4.852,544794.0
1714258800000,4.854,4.931,4.851,4.876,1129155.0
1714262400000,4.877,4.901,4.841,4.872,1008785.0
1714266000000,4.871,4.971,4.851,4.93,1454574.0
1714269600000,4.931,4.995,4.896,4.968,1253115.0
1714273200000,4.968,5.033,4.946,4.947,1816330.0
1714276800000,4.948,4.954,4.899,4.91,1149169.0
1714280400000,4.911,4.962,4.909,4.934,811636.0
1714284000000,4.935,4.946,4.904,4.933,677096.0
1714287600000,4.933,5.0,4.927,4.951,1378068.0
1714291200000,4.951,4.968,4.886,4.903,1250638.0
1714294800000,4.903,4.938,4.869,4.887,685893.0
1714298400000,4.887,4.904,4.844,4.867,1075243.0
1714302000000,4.867,4.87,4.77,4.806,1785629.0
1714305600000,4.806,4.835,4.787,4.828,729709.0
1714309200000,4.828,4.867,4.812,4.843,925305.0
1714312800000,4.843,4.876,4.793,4.867,1213581.0
1714316400000,4.866,4.904,4.823,4.831,985744.0
1714320000000,4.831,4.859,4.794,4.814,822284.0
1714323600000,4.814,4.895,4.806,4.887,682274.0
1714327200000,4.888,4.932,4.856,4.915,1014062.0
1714330800000,4.914,4.944,4.865,4.866,696583.0
1714334400000,4.866,4.885,4.847,4.86,417448.0
1714338000000,4.861,4.874,4.814,4.822,410393.0
1714341600000,4.822,4.835,4.714,4.729,1709572.0
1714345200000,4.728,4.73,4.673,4.706,1628783.0
1714348800000,4.705,4.74,4.679,4.689,1307601.0
1714352400000,4.689,4.736,4.661,4.722,1084196.0
1714356000000,4.722,4.735,4.621,4.644,1880919.0
1714359600000,4.644,4.66,4.581,4.591,2086421.0
1714363200000,4.59,4.654,4.55,4.625,1655776.0
1714366800000,4.625,4.642,4.582,4.628,1261256.0
1714370400000,4.628,4.63,4.511,4.56,2979971.0
1714374000000,4.56,4.641,4.541,4.615,1290921.0
1714377600000,4.615,4.629,4.564,4.621,1042518.0
1714381200000,4.621,4.647,4.598,4.644,846864.0
1714384800000,4.643,4.696,4.576,4.611,1648658.0
1714388400000,4.61,4.621,4.564,4.585,929302.0
1714392000000,4.584,4.684,4.505,4.648,3976452.0
1714395600000,4.649,4.696,4.588,4.612,3538651.0
1714399200000,4.611,4.742,4.592,4.689,2087248.0
1714402800000,4.69,4.713,4.656,4.7,1304682.0
1714406400000,4.7,4.759,4.622,4.636,2715036.0
1714410000000,4.636,4.696,4.631,4.68,782329.0
1714413600000,4.68,4.684,4.584,4.621,955993.0
1714417200000,4.62,4.638,4.576,4.635,661579.0
1714420800000,4.636,4.667,4.594,4.61,442645.0
1714424400000,4.61,4.626,4.556,4.613,545357.0
1714428000000,4.613,4.775,4.607,4.74,1345927.0
1714431600000,4.739,4.802,4.727,4.734,1159415.0
1714435200000,4.735,4.816,4.686,4.783,1445232.0
1714438800000,4.783,4.848,4.745,4.755,2301815.0
1714442400000,4.756,4.855,4.718,4.803,4345115.0
1714446000000,4.801,4.854,4.784,4.792,1285261.0
1714449600000,4.791,4.806,4.75,4.787,1095177.0
1714453200000,4.787,4.819,4.729,4.751,1563969.0
1714456800000,4.75,4.777,4.712,4.74,909414.0
1714460400000,4.74,4.767,4.694,4.714,1310874.0
1714464000000,4.714,4.735,4.471,4.521,5872641.0
1714467600000,4.522,4.568,4.502,4.504,2526246.0
1714471200000,4.503,4.537,4.436,4.487,2234084.0
1714474800000,4.487,4.487,4.353,4.387,3507417.0
1714478400000,4.386,4.412,4.268,4.353,4095215.0
1714482000000,4.353,4.396,4.304,4.325,2140954.0
1714485600000,4.324,4.464,4.296,4.417,3197692.0
1714489200000,4.417,4.451,4.34,4.392,2462966.0
1714492800000,4.392,4.428,4.253,4.373,4891731.0
1714496400000,4.373,4.403,4.323,4.352,1271300.0
1714500000000,4.351,4.412,4.338,4.384,1186981.0
1714503600000,4.385,4.406,4.315,4.389,1660181.0
1714507200000,4.39,4.546,4.39,4.514,2205020.0
1714510800000,4.514,4.563,4.495,4.511,1081663.0
1714514400000,4.51,4.581,4.509,4.529,927503.0
1714518000000,4.529,4.56,4.488,4.54,1007711.0
1714521600000,4.54,4.566,4.469,4.475,1332978.0
1714525200000,4.475,4.505,4.405,4.48,1805428.0
1714528800000,4.479,4.486,4.408,4.424,1336370.0
1714532400000,4.423,4.488,4.414,4.47,723359.0
1714536000000,4.471,4.535,4.466,4.521,983880.0
1714539600000,4.521,4.527,4.453,4.471,812897.0
1714543200000,4.471,4.479,4.361,4.366,1515959.0
1714546800000,4.365,4.379,4.17,4.277,9262572.0
1714550400000,4.277,4.316,4.191,4.278,3284730.0
1714554000000,4.278,4.389,4.264,4.349,1840509.0
1714557600000,4.349,4.399,4.321,4.387,1181893.0
1714561200000,4.387,4.405,4.352,4.401,814449.0
1714564800000,4.402,4.515,4.388,4.5,2288928.0
1714568400000,4.5,4.51,4.418,4.468,1921382.0
1714572000000,4.469,4.534,4.432,4.523,1847355.0
1714575600000,4.524,4.542,4.438,4.507,2160244.0
1714579200000,4.507,4.578,4.462,4.5,1700776.0
1714582800000,4.5,4.549,4.456,4.525,1543640.0
1714586400000,4.524,4.685,4.521,4.63,3946979.0
1714590000000,4.631,4.666,4.51,4.53,2370215.0
1714593600000,4.531,4.573,4.483,4.546,935597.0
1714597200000,4.546,4.619,4.536,4.61,451339.0
1714600800000,4.611,4.691,4.607,4.669,953135.0
1714604400000,4.668,4.678,4.622,4.651,954455.0
1714608000000,4.651,4.683,4.548,4.56,1239385.0
1714611600000,4.559,4.58,4.448,4.509,1404435.0
1714615200000,4.51,4.537,4.458,4.483,918648.0
1714618800000,4.483,4.525,4.481,4.495,585030.0
1714622400000,4.495,4.55,4.484,4.498,666261.0
1714626000000,4.496,4.501,4.413,4.445,1624593.0
1714629600000,4.444,4.487,4.441,4.458,867881.0
1714633200000,4.458,4.516,4.455,4.466,1015171.0
1714636800000,4.465,4.519,4.452,4.511,669515.0
1714640400000,4.511,4.519,4.479,4.512,559155.0
1714644000000,4.512,4.544,4.465,4.52,1368901.0
1714647600000,4.521,4.709,4.513,4.67,3071484.0
1714651200000,4.671,4.754,4.643,4.671,2275048.0
1714654800000,4.672,4.687,4.571,4.585,1618719.0
1714658400000,4.585,4.68,4.541,4.637,2744345.0
1714662000000,4.637,4.695,4.603,4.609,2167898.0
1714665600000,4.609,4.62,4.504,4.524,2137162.0
1714669200000,4.524,4.621,4.524,4.588,1644645.0
1714672800000,4.588,4.614,4.533,4.565,834399.0
1714676400000,4.565,4.599,4.547,4.592,667845.0
1714680000000,4.593,4.631,4.526,4.563,1120586.0
1714683600000,4.563,4.639,4.558,4.613,400124.0
1714687200000,4.613,4.666,4.607,4.642,617919.0
1714690800000,4.642,4.648,4.601,4.604,483927.0
1714694400000,4.604,4.627,4.565,4.598,687496.0
1714698000000,4.598,4.747,4.593,4.691,2092653.0
1714701600000,4.69,4.793,4.682,4.742,3083243.0
1714705200000,4.742,4.844,4.742,4.824,1914081.0
1714708800000,4.823,4.863,4.776,4.817,1618519.0
1714712400000,4.816,5.003,4.805,4.864,3770571.0
1714716000000,4.864,4.885,4.755,4.755,2357588.0
1714719600000,4.755,4.813,4.704,4.739,1576855.0
1714723200000,4.739,4.771,4.706,4.714,1416919.0
1714726800000,4.713,4.764,4.708,4.714,1434524.0
1714730400000,4.715,4.73,4.632,4.66,2145010.0
1714734000000,4.66,4.688,4.623,4.675,1307540.0
1714737600000,4.675,4.881,4.66,4.83,3816421.0
1714741200000,4.832,4.87,4.793,4.842,2030913.0
1714744800000,4.843,4.894,4.798,4.863,1756946.0
1714748400000,4.864,5.061,4.826,4.995,3261760.0
1714752000000,4.996,5.096,4.948,5.012,2314044.0
1714755600000,5.015,5.211,4.99,5.171,3411551.0
1714759200000,5.171,5.184,5.057,5.061,1341371.0
1714762800000,5.061,5.139,5.052,5.126,858139.0
1714766400000,5.125,5.217,5.105,5.187,1528484.0
1714770000000,5.187,5.208,5.109,5.132,926847.0
1714773600000,5.134,5.227,5.106,5.165,1375898.0
1714777200000,5.164,5.203,5.11,5.134,904711.0
1714780800000,5.133,5.157,5.103,5.122,901773.0
1714784400000,5.123,5.182,5.093,5.099,938590.0
1714788000000,5.1,5.113,5.061,5.072,1214057.0
1714791600000,5.074,5.137,5.073,5.112,776893.0
1714795200000,5.112,5.145,5.079,5.12,707389.0
1714798800000,5.121,5.129,5.067,5.119,684442.0
1714802400000,5.118,5.118,5.073,5.092,433177.0
1714806000000,5.092,5.146,5.071,5.097,1122645.0
1714809600000,5.096,5.186,5.094,5.146,1300315.0
1714813200000,5.145,5.195,5.118,5.145,984849.0
1714816800000,5.145,5.28,5.13,5.272,1898038.0
1714820400000,5.272,5.272,5.088,5.107,2328652.0
1714824000000,5.108,5.173,5.09,5.154,1479951.0
1714827600000,5.154,5.16,5.03,5.067,1846136.0
1714831200000,5.067,5.134,5.037,5.117,1394622.0
1714834800000,5.117,5.138,5.06,5.136,1126708.0
1714838400000,5.135,5.226,5.104,5.151,2231533.0
1714842000000,5.151,5.151,5.047,5.091,1127218.0
1714845600000,5.09,5.122,5.076,5.088,647999.0
1714849200000,5.088,5.134,5.08,5.118,360153.0
1714852800000,5.118,5.138,5.092,5.098,412582.0
1714856400000,5.097,5.114,5.05,5.092,487943.0
1714860000000,5.092,5.115,5.072,5.09,334820.0
1714863600000,5.087,5.101,5.075,5.086,308633.0
1714867200000,5.086,5.118,5.018,5.074,1223176.0
1714870800000,5.073,5.095,4.926,4.983,2601915.0
1714874400000,4.983,5.04,4.973,4.988,1109090.0
1714878000000,4.988,5.059,4.988,5.046,782406.0
1714881600000,5.044,5.065,5.016,5.026,517968.0
1714885200000,5.025,5.057,4.977,4.994,829060.0
1714888800000,4.994,5.25,4.99,5.153,3554273.0
1714892400000,5.153,5.292,5.111,5.218,3466202.0
1714896000000,5.218,5.327,5.204,5.232,2672036.0
1714899600000,5.233,5.268,5.176,5.256,1742270.0
1714903200000,5.257,5.378,5.234,5.311,2803938.0
1714906800000,5.313,5.45,5.294,5.376,2926554.0
1714910400000,5.375,5.433,5.339,5.381,2172333.0
1714914000000,5.38,5.482,5.335,5.453,3052145.0
1714917600000,5.454,5.853,5.405,5.804,7394472.0
1714921200000,5.805,5.83,5.668,5.692,5590211.0
1714924800000,5.692,5.82,5.628,5.766,3850399.0
1714928400000,5.768,5.854,5.716,5.751,2149393.0
1714932000000,5.751,5.767,5.634,5.663,1724315.0
1714935600000,5.663,5.714,5.654,5.694,575318.0
1714939200000,5.693,5.738,5.643,5.704,716640.0
1714942800000,5.704,5.704,5.658,5.674,508865.0
1714946400000,5.675,5.676,5.614,5.652,758303.0
1714950000000,5.654,5.768,5.647,5.744,1050725.0
1714953600000,5.745,5.879,5.719,5.83,2041237.0
1714957200000,5.831,5.982,5.781,5.788,3210247.0
1714960800000,5.787,5.799,5.714,5.755,1861532.0
1714964400000,5.755,5.888,5.75,5.857,1728769.0
1714968000000,5.858,5.902,5.806,5.867,1743488.0
1714971600000,5.869,5.992,5.844,5.953,2643065.0
1714975200000,5.954,6.092,5.933,6.032,3418211.0
1714978800000,6.031,6.365,6.027,6.33,6175785.0
1714982400000,6.33,6.541,6.265,6.359,8497273.0
1714986000000,6.359,6.426,6.27,6.333,3509125.0
1714989600000,6.333,6.453,6.169,6.237,6226039.0
1714993200000,6.237,6.402,6.236,6.337,3496578.0
1714996800000,6.338,6.393,6.001,6.119,7916884.0
1715000400000,6.119,6.209,6.035,6.157,5603944.0
1715004000000,6.157,6.332,6.071,6.088,5294233.0
1715007600000,6.087,6.179,6.047,6.105,3789072.0
1715011200000,6.104,6.18,5.953,5.996,4372767.0
1715014800000,5.995,6.057,5.963,6.035,2425768.0
1715018400000,6.036,6.238,6.026,6.106,2999497.0
1715022000000,6.106,6.141,6.061,6.125,1547310.0
1715025600000,6.126,6.196,6.104,6.161,1390906.0
1715029200000,6.161,6.212,6.106,6.149,785651.0
1715032800000,6.148,6.148,6.09,6.115,543549.0
1715036400000,6.114,6.121,5.993,6.004,1631306.0
1715040000000,6.004,6.147,5.987,6.115,2333178.0
1715043600000,6.117,6.281,6.062,6.214,2674321.0
1715047200000,6.214,6.309,6.197,6.23,2134965.0
1715050800000,6.23,6.269,5.982,6.061,4815811.0
1715054400000,6.061,6.177,6.033,6.168,2055259.0
1715058000000,6.166,6.166,5.882,6.049,4781407.0
1715061600000,6.047,6.128,6.028,6.064,2274838.0
1715065200000,6.065,6.169,6.054,6.08,1775645.0
1715068800000,6.08,6.182,6.028,6.132,3168258.0
1715072400000,6.133,6.259,6.109,6.173,2836781.0
1715076000000,6.173,6.276,6.077,6.247,2441767.0
1715079600000,6.246,6.301,6.112,6.122,3783420.0
1715083200000,6.123,6.224,6.121,6.207,1947229.0
1715086800000,6.208,6.25,6.042,6.098,3455007.0
1715090400000,6.098,6.155,6.006,6.149,3201432.0
1715094000000,6.148,6.242,6.095,6.219,2966413.0
1715097600000,6.219,6.319,6.182,6.225,3242389.0
1715101200000,6.224,6.226,6.063,6.122,2222867.0
1715104800000,6.123,6.13,6.028,6.083,2103106.0
1715108400000,6.084,6.09,6.025,6.058,1322603.0
1715112000000,6.057,6.095,5.989,6.052,1537754.0
1715115600000,6.051,6.061,5.95,6.039,995873.0
1715119200000,6.04,6.073,5.963,5.98,1364139.0
1715122800000,5.979,5.992,5.806,5.904,4402892.0
1715126400000,5.904,5.967,5.738,5.882,4028824.0
1715130000000,5.881,5.932,5.752,5.839,2664380.0
1715133600000,5.84,5.908,5.804,5.878,1870667.0
1715137200000,5.877,5.899,5.813,5.839,1413236.0
1715140800000,5.839,5.878,5.751,5.798,1561840.0
1715144400000,5.798,5.89,5.796,5.864,1473820.0
1715148000000,5.865,5.899,5.756,5.842,2659648.0
1715151600000,5.841,5.856,5.752,5.783,2771918.0
1715155200000,5.783,5.848,5.706,5.799,3387365.0
1715158800000,5.799,5.926,5.798,5.925,3022353.0
1715162400000,5.925,5.965,5.838,5.85,1847746.0
1715166000000,5.85,5.899,5.801,5.842,1417394.0
1715169600000,5.843,5.923,5.766,5.793,1845391.0
1715173200000,5.792,5.883,5.724,5.868,3246759.0
1715176800000,5.867,5.905,5.784,5.798,3088519.0
1715180400000,5.798,5.801,5.644,5.686,4305043.0
1715184000000,5.685,5.707,5.538,5.582,3386729.0
1715187600000,5.582,5.62,5.458,5.465,2457240.0
1715191200000,5.466,5.554,5.436,5.464,1552790.0
1715194800000,5.464,5.465,5.334,5.364,2463432.0
1715198400000,5.364,5.401,5.207,5.285,3558720.0
1715202000000,5.285,5.363,5.265,5.35,1000655.0
1715205600000,5.349,5.38,5.283,5.308,1579976.0
1715209200000,5.309,5.378,5.281,5.372,1506660.0
1715212800000,5.372,5.454,5.369,5.445,2359296.0
1715216400000,5.446,5.531,5.423,5.473,2891724.0
1715220000000,5.473,5.525,5.453,5.486,1446467.0
1715223600000,5.487,5.521,5.474,5.503,813636.0
1715227200000,5.504,5.552,5.46,5.481,1130147.0
1715230800000,5.481,5.515,5.454,5.483,885246.0
1715234400000,5.484,5.588,5.478,5.508,1186741.0
1715238000000,5.507,5.545,5.455,5.49,1358561.0
1715241600000,5.489,5.551,5.46,5.519,1042352.0
1715245200000,5.518,5.519,5.365,5.47,3617561.0
1715248800000,5.469,5.546,5.415,5.419,2652020.0
1715252400000,5.418,5.505,5.416,5.453,1395269.0
1715256000000,5.453,5.518,5.422,5.463,1911880.0
1715259600000,5.463,5.467,5.338,5.387,2624524.0
1715263200000,5.385,5.473,5.346,5.378,1814221.0
1715266800000,5.377,5.609,5.35,5.449,5017675.0
1715270400000,5.449,5.667,5.413,5.429,4904673.0
1715274000000,5.43,5.524,5.394,5.476,1680571.0
1715277600000,5.477,5.589,5.46,5.532,1445595.0
1715281200000,5.531,5.546,5.485,5.502,579053.0
1715284800000,5.502,5.535,5.459,5.511,532627.0
1715288400000,5.51,5.587,5.507,5.572,819186.0
1715292000000,5.572,5.778,5.554,5.704,2142341.0
1715295600000,5.704,5.713,5.617,5.628,1134130.0
1715299200000,5.627,5.706,5.602,5.7,1011373.0
1715302800000,5.7,5.907,5.661,5.866,3542222.0
1715306400000,5.866,6.1,5.84,6.032,4325397.0
1715310000000,6.032,6.093,5.974,6.005,2650922.0
1715313600000,6.004,6.031,5.882,5.928,2308882.0
1715317200000,5.927,5.936,5.82,5.897,2238371.0
1715320800000,5.898,5.948,5.873,5.922,1559280.0
1715324400000,5.922,5.944,5.843,5.866,1992423.0
1715328000000,5.866,5.874,5.769,5.809,2097049.0
1715331600000,5.809,5.82,5.737,5.796,1780989.0
1715335200000,5.796,5.856,5.785,5.834,1465876.0
1715338800000,5.833,5.851,5.791,5.851,766040.0
1715342400000,5.849,5.913,5.82,5.894,1807582.0
1715346000000,5.895,5.94,5.822,5.826,2553578.0
1715349600000,5.825,5.836,5.413,5.512,11277405.0
1715353200000,5.512,5.595,5.464,5.484,4494546.0
1715356800000,5.482,5.564,5.341,5.466,6150961.0
1715360400000,5.465,5.48,5.368,5.454,3319729.0
1715364000000,5.455,5.492,5.398,5.457,1835552.0
1715367600000,5.456,5.486,5.356,5.396,1318481.0
1715371200000,5.396,5.448,5.358,5.404,1577275.0
1715374800000,5.404,5.436,5.388,5.43,723915.0
1715378400000,5.43,5.444,5.346,5.429,1967362.0
1715382000000,5.429,5.491,5.423,5.46,904868.0
1715385600000,5.46,5.564,5.446,5.506,1754171.0
1715389200000,5.505,5.883,5.495,5.692,6643649.0
1715392800000,5.692,5.8,5.674,5.77,2284054.0
1715396400000,5.771,5.799,5.709,5.726,2318035.0
1715400000000,5.726,5.789,5.682,5.728,1840948.0
1715403600000,5.729,5.81,5.726,5.767,1292136.0
1715407200000,5.767,5.849,5.753,5.781,1758928.0
1715410800000,5.783,5.83,5.768,5.828,1151351.0
1715414400000,5.829,5.844,5.7,5.711,2256566.0
1715418000000,5.71,5.825,5.709,5.811,2006806.0
1715421600000,5.812,5.841,5.714,5.733,1783771.0
1715425200000,5.733,5.747,5.585,5.659,3799420.0
1715428800000,5.659,5.796,5.659,5.728,2510245.0
1715432400000,5.729,5.813,5.703,5.8,1934603.0
1715436000000,5.801,5.839,5.74,5.754,1787998.0
1715439600000,5.754,5.93,5.754,5.887,4475296.0
1715443200000,5.888,6.075,5.873,5.934,5629164.0
1715446800000,5.935,5.985,5.831,5.836,2026408.0
1715450400000,5.837,5.908,5.811,5.876,1532110.0
1715454000000,5.877,5.902,5.86,5.883,487719.0
1715457600000,5.882,5.902,5.832,5.866,614681.0
1715461200000,5.866,5.866,5.787,5.841,681961.0
1715464800000,5.84,5.871,5.813,5.815,431667.0
1715468400000,5.815,5.823,5.756,5.787,748727.0
1715472000000,5.787,5.828,5.766,5.81,828467.0
1715475600000,5.811,5.858,5.728,5.762,1314603.0
1715479200000,5.761,5.799,5.749,5.795,706215.0
1715482800000,5.796,5.803,5.757,5.779,751343.0
1715486400000,5.779,5.928,5.773,5.921,1554172.0
1715490000000,5.922,5.938,5.868,5.894,1198911.0
1715493600000,5.894,5.926,5.823,5.838,1124346.0
1715497200000,5.838,5.859,5.763,5.788,1726606.0
1715500800000,5.787,5.877,5.748,5.853,2011196.0
1715504400000,5.851,5.901,5.825,5.885,851597.0
1715508000000,5.886,5.922,5.859,5.876,1251892.0
1715511600000,5.875,5.941,5.863,5.914,821560.0
1715515200000,5.914,5.975,5.868,5.949,1628126.0
1715518800000,5.949,6.062,5.921,6.025,2552547.0
1715522400000,6.027,6.045,5.872,5.908,2536171.0
1715526000000,5.908,5.933,5.837,5.885,1765199.0
1715529600000,5.887,5.984,5.866,5.951,1727948.0
1715533200000,5.952,6.024,5.91,5.971,1845052.0
1715536800000,5.97,5.991,5.911,5.92,786581.0
1715540400000,5.92,5.933,5.876,5.89,798357.0
1715544000000,5.889,5.891,5.853,5.865,456727.0
1715547600000,5.866,5.882,5.794,5.88,1069737.0
1715551200000,5.879,5.943,5.864,5.929,782424.0
1715554800000,5.929,5.999,5.92,5.952,1253524.0
1715558400000,5.953,6.034,5.94,5.97,1390741.0
1715562000000,5.97,5.976,5.806,5.872,2465299.0
1715565600000,5.873,5.912,5.493,5.56,8285311.0
1715569200000,5.56,5.631,5.447,5.627,4872949.0
1715572800000,5.628,5.636,5.523,5.556,1823040.0
1715576400000,5.556,5.618,5.528,5.581,1559710.0
1715580000000,5.581,5.791,5.573,5.775,3288846.0
1715583600000,5.776,5.9,5.727,5.866,3074858.0
1715587200000,5.867,5.97,5.837,5.905,4378679.0
1715590800000,5.905,5.918,5.831,5.853,1975600.0
1715594400000,5.853,5.86,5.686,5.735,3363334.0
1715598000000,5.735,5.823,5.686,5.782,2444528.0
1715601600000,5.782,5.858,5.732,5.823,2225254.0
1715605200000,5.823,5.932,5.758,5.861,3628140.0
1715608800000,5.861,5.876,5.739,5.766,2653931.0
1715612400000,5.765,5.906,5.696,5.828,2581581.0
1715616000000,5.827,6.33,5.803,6.213,9971458.0
1715619600000,6.214,6.246,5.463,5.555,16612304.0
1715623200000,5.555,5.579,5.364,5.506,7143012.0
1715626800000,5.505,5.586,5.502,5.572,2372007.0
1715630400000,5.571,5.581,5.486,5.531,1925176.0
1715634000000,5.531,5.573,5.495,5.566,1220316.0
1715637600000,5.564,5.641,5.561,5.606,1254049.0
1715641200000,5.603,5.729,5.602,5.642,2002038.0
1715644800000,5.642,5.675,5.58,5.606,2524659.0
1715648400000,5.605,5.66,5.548,5.58,1936674.0
1715652000000,5.579,5.605,5.441,5.47,3681955.0
1715655600000,5.47,5.476,5.254,5.339,5586249.0
1715659200000,5.338,5.398,5.257,5.283,4163430.0
1715662800000,5.283,5.37,5.237,5.299,3241034.0
1715666400000,5.298,5.299,5.119,5.243,7809601.0
1715670000000,5.242,5.297,5.218,5.285,2285404.0
1715673600000,5.284,5.287,5.175,5.214,2399534.0
1715677200000,5.213,5.24,5.137,5.16,2498444.0
1715680800000,5.16,5.201,5.113,5.172,2447387.0
1715684400000,5.171,5.183,5.035,5.052,3663646.0
1715688000000,5.052,5.133,5.002,5.042,6530040.0
1715691600000,5.042,5.151,5.021,5.084,3893090.0
1715695200000,5.085,5.091,4.916,4.99,8471701.0
1715698800000,4.989,5.012,4.838,4.879,5114152.0
1715702400000,4.879,4.881,4.672,4.768,9133901.0
1715706000000,4.766,4.769,4.595,4.651,5797824.0
1715709600000,4.65,4.7,4.63,4.667,1813611.0
1715713200000,4.667,4.733,4.65,4.667,1818552.0
1715716800000,4.665,4.691,4.646,4.663,936041.0
1715720400000,4.664,4.734,4.655,4.731,1063104.0
1715724000000,4.73,4.839,4.715,4.805,2090324.0
1715727600000,4.804,4.808,4.751,4.775,1568085.0
1715731200000,4.774,4.898,4.77,4.822,3463723.0
1715734800000,4.822,4.978,4.822,4.868,3736875.0
1715738400000,4.868,4.913,4.83,4.844,1899456.0
1715742000000,4.844,4.941,4.843,4.923,2037479.0
1715745600000,4.924,4.93,4.867,4.889,1423701.0
1715749200000,4.889,4.904,4.845,4.868,1584910.0
1715752800000,4.868,4.896,4.812,4.855,1865920.0
1715756400000,4.856,4.88,4.762,4.771,3133796.0
1715760000000,4.771,4.847,4.754,4.798,2572452.0
1715763600000,4.797,4.874,4.705,4.84,4443985.0
1715767200000,4.839,4.866,4.78,4.796,2154028.0
1715770800000,4.796,4.809,4.666,4.723,3247176.0
1715774400000,4.723,4.998,4.706,4.98,12045486.0
1715778000000,4.979,5.041,4.895,4.908,6984458.0
1715781600000,4.91,4.983,4.876,4.939,3833237.0
1715785200000,4.938,4.974,4.891,4.906,2956976.0
1715788800000,4.906,4.954,4.844,4.879,2875034.0
1715792400000,4.88,4.97,4.878,4.918,2530977.0
1715796000000,4.918,4.976,4.912,4.956,1829932.0
1715799600000,4.956,5.118,4.915,5.087,2919696.0
1715803200000,5.088,5.164,5.061,5.124,2894176.0
1715806800000,5.125,5.135,5.038,5.043,945817.0
1715810400000,5.044,5.147,5.044,5.126,961397.0
1715814000000,5.125,5.156,5.071,5.084,1016612.0
1715817600000,5.085,5.123,5.008,5.025,1972643.0
1715821200000,5.025,5.052,4.966,4.992,1826602.0
1715824800000,4.992,5.029,4.972,5.019,1235886.0
1715828400000,5.019,5.062,4.977,5.043,1325418.0
1715832000000,5.042,5.09,5.02,5.027,1508898.0
1715835600000,5.027,5.054,5.003,5.007,1294688.0
1715839200000,5.008,5.048,4.99,4.994,1165245.0
1715842800000,4.994,5.056,4.994,5.043,1138031.0
1715846400000,5.042,5.053,4.935,4.971,1979541.0
1715850000000,4.97,5.001,4.904,5.0,2525558.0
1715853600000,4.999,5.0,4.928,4.95,1303382.0
1715857200000,4.949,4.96,4.891,4.932,1303182.0
1715860800000,4.931,4.949,4.802,4.816,5658359.0
1715864400000,4.815,4.836,4.729,4.823,3237806.0
1715868000000,4.822,4.828,4.642,4.671,3896423.0
1715871600000,4.67,4.762,4.669,4.741,2471240.0
1715875200000,4.741,4.78,4.707,4.736,1981739.0
1715878800000,4.737,4.881,4.706,4.821,2311404.0
1715882400000,4.82,4.856,4.78,4.832,1337323.0
1715886000000,4.832,4.877,4.81,4.868,846378.0
1715889600000,4.867,4.876,4.833,4.869,919024.0
1715893200000,4.869,4.894,4.85,4.864,414620.0
1715896800000,4.864,4.871,4.816,4.834,693303.0
1715900400000,4.833,4.884,4.808,4.841,1217401.0
1715904000000,4.842,4.909,4.836,4.893,1308091.0
1715907600000,4.894,4.895,4.812,4.857,865539.0
1715911200000,4.857,4.934,4.852,4.904,1209587.0
1715914800000,4.903,4.925,4.884,4.901,841343.0
1715918400000,4.901,4.922,4.876,4.891,687021.0
1715922000000,4.891,4.95,4.886,4.913,791853.0
1715925600000,4.913,4.961,4.877,4.931,1063302.0
1715929200000,4.931,5.009,4.926,4.965,2081444.0
1715932800000,4.966,4.985,4.862,4.887,2224379.0
1715936400000,4.885,4.907,4.858,4.891,754925.0
1715940000000,4.89,4.898,4.857,4.89,860460.0
1715943600000,4.889,4.889,4.846,4.856,772921.0
1715947200000,4.856,4.954,4.822,4.939,1545091.0
1715950800000,4.94,4.957,4.846,4.868,1669043.0
1715954400000,4.868,4.923,4.866,4.908,1078145.0
1715958000000,4.908,5.0,4.875,4.965,3119719.0
1715961600000,4.965,5.085,4.938,4.979,4656231.0
1715965200000,4.979,5.091,4.966,4.98,2653428.0
1715968800000,4.981,4.999,4.91,4.955,1882960.0
1715972400000,4.954,4.989,4.933,4.963,787500.0
1715976000000,4.962,4.983,4.941,4.952,427712.0
1715979600000,4.953,4.973,4.937,4.94,301375.0
1715983200000,4.941,4.959,4.923,4.943,386080.0
1715986800000,4.944,4.955,4.895,4.899,676670.0
1715990400000,4.898,4.949,4.885,4.919,697162.0
1715994000000,4.919,4.929,4.886,4.925,601778.0
1715997600000,4.924,5.046,4.916,5.037,2475045.0
1716001200000,5.038,5.085,5.009,5.068,2259288.0
1716004800000,5.068,5.083,5.034,5.059,1162738.0
1716008400000,5.057,5.071,5.003,5.015,1032697.0
1716012000000,5.014,5.03,4.979,5.018,904200.0
1716015600000,5.017,5.029,4.965,4.981,866707.0
1716019200000,4.982,5.018,4.959,4.975,1012161.0
1716022800000,4.975,5.001,4.965,4.991,648041.0
1716026400000,4.991,5.022,4.97,4.995,809625.0
1716030000000,4.995,5.009,4.973,4.976,644317.0
1716033600000,4.977,4.982,4.917,4.934,1240777.0
1716037200000,4.936,4.959,4.891,4.898,1578904.0
1716040800000,4.896,4.907,4.809,4.838,3023470.0
1716044400000,4.838,4.923,4.836,4.912,1290915.0
1716048000000,4.912,4.995,4.903,4.995,1512129.0
1716051600000,4.996,5.036,4.975,5.023,1495536.0
1716055200000,5.023,5.071,5.002,5.018,1504502.0
1716058800000,5.018,5.023,4.959,4.985,720192.0
1716062400000,4.985,5.014,4.955,4.993,487821.0
1716066000000,4.993,5.003,4.959,4.966,286963.0
1716069600000,4.966,4.985,4.957,4.959,280520.0
1716073200000,4.958,4.983,4.956,4.977,343808.0
1716076800000,4.978,5.019,4.945,4.984,929539.0
1716080400000,4.986,5.015,4.95,4.966,655151.0
1716084000000,4.968,5.018,4.962,5.003,833279.0
1716087600000,5.004,5.008,4.968,4.992,557304.0
1716091200000,4.992,4.994,4.934,4.946,751734.0
1716094800000,4.945,4.967,4.939,4.95,545432.0
1716098400000,4.95,4.973,4.88,4.908,1400586.0
1716102000000,4.908,4.934,4.87,4.931,1196513.0
1716105600000,4.931,4.932,4.884,4.897,602762.0
1716109200000,4.897,4.908,4.863,4.894,874390.0
1716112800000,4.895,4.947,4.882,4.897,953969.0
1716116400000,4.897,4.902,4.83,4.885,1765806.0
1716120000000,4.885,4.895,4.761,4.784,2871203.0
1716123600000,4.783,4.816,4.724,4.799,1963583.0
1716127200000,4.798,4.813,4.752,4.778,791810.0
1716130800000,4.778,4.813,4.75,4.788,903203.0
1716134400000,4.788,4.8,4.727,4.744,1297040.0
1716138000000,4.743,4.78,4.74,4.759,690747.0
1716141600000,4.76,4.773,4.73,4.739,489019.0
1716145200000,4.739,4.771,4.705,4.716,1213398.0
1716148800000,4.716,4.752,4.713,4.724,418264.0
1716152400000,4.723,4.736,4.657,4.706,1003788.0
1716156000000,4.706,4.726,4.695,4.717,473382.0
1716159600000,4.716,4.718,4.683,4.699,358775.0
1716163200000,4.7,4.738,4.662,4.716,1593311.0
1716166800000,4.717,4.758,4.637,4.72,2307259.0
1716170400000,4.719,4.78,4.71,4.77,1181697.0
1716174000000,4.769,4.791,4.757,4.761,795924.0
1716177600000,4.76,4.842,4.747,4.821,1488229.0
1716181200000,4.82,4.869,4.814,4.841,1494187.0
1716184800000,4.841,4.848,4.702,4.718,2105394.0
1716188400000,4.718,4.836,4.707,4.817,1447224.0
1716192000000,4.816,4.855,4.788,4.798,1453684.0
1716195600000,4.798,4.842,4.783,4.791,863135.0
1716199200000,4.792,4.832,4.772,4.805,1377367.0
1716202800000,4.805,4.832,4.776,4.803,948960.0
1716206400000,4.803,4.848,4.786,4.797,1244091.0
1716210000000,4.798,4.801,4.721,4.757,1979229.0
1716213600000,4.757,4.764,4.717,4.763,888294.0
1716217200000,4.762,4.812,4.748,4.805,1273722.0
1716220800000,4.805,4.925,4.782,4.884,3295556.0
1716224400000,4.883,4.901,4.822,4.871,2337838.0
1716228000000,4.87,4.891,4.843,4.851,1209896.0
1716231600000,4.851,5.019,4.811,4.999,5663502.0
1716235200000,4.999,5.065,4.953,4.985,3534882.0
1716238800000,4.986,5.0,4.907,4.998,2378050.0
1716242400000,4.997,5.079,4.98,5.024,1764673.0
1716246000000,5.024,5.1,4.994,5.069,1936133.0
1716249600000,5.07,5.161,5.042,5.076,2478121.0
1716253200000,5.075,5.076,4.956,5.046,2985713.0
1716256800000,5.045,5.098,5.016,5.026,1834536.0
1716260400000,5.026,5.074,5.026,5.04,707109.0
1716264000000,5.039,5.176,5.038,5.106,2550875.0
1716267600000,5.106,5.19,5.067,5.172,2048739.0
1716271200000,5.172,5.174,5.114,5.142,1651046.0
1716274800000,5.14,5.154,5.105,5.138,962741.0
1716278400000,5.139,5.182,5.133,5.139,909882.0
1716282000000,5.139,5.165,5.117,5.139,889499.0
1716285600000,5.138,5.243,5.131,5.195,2155300.0
1716289200000,5.195,5.216,5.126,5.147,2054165.0
1716292800000,5.146,5.166,5.091,5.108,2528792.0
1716296400000,5.108,5.189,5.071,5.108,2833391.0
1716300000000,5.108,5.144,5.05,5.064,1886853.0
1716303600000,5.063,5.131,5.008,5.029,2351920.0
1716307200000,5.029,5.123,5.004,5.085,2483374.0
1716310800000,5.085,5.112,5.013,5.041,1648622.0
1716314400000,5.041,5.083,4.992,5.032,1409463.0
1716318000000,5.032,5.047,4.926,4.956,1622729.0
1716321600000,4.957,5.048,4.954,5.024,717870.0
1716325200000,5.025,5.029,4.962,5.001,543443.0
1716328800000,5.001,5.127,5.0,5.11,1892804.0
1716332400000,5.109,5.126,5.063,5.099,996195.0
1716336000000,5.099,5.128,5.056,5.064,1061744.0
1716339600000,5.063,5.147,5.055,5.101,1052132.0
1716343200000,5.101,5.119,5.013,5.033,1471766.0
1716346800000,5.033,5.078,4.993,5.077,1541900.0
1716350400000,5.076,5.123,4.956,5.018,2288889.0
1716354000000,5.017,5.088,4.972,5.078,1951548.0
1716357600000,5.077,5.12,5.052,5.111,2190002.0
1716361200000,5.11,5.117,5.055,5.075,1018093.0
1716364800000,5.075,5.102,5.036,5.071,1068432.0
1716368400000,5.072,5.078,5.024,5.049,918350.0
1716372000000,5.05,5.155,5.037,5.132,1629339.0
1716375600000,5.132,5.146,5.04,5.041,1657804.0
1716379200000,5.041,5.119,4.902,4.931,5310642.0
1716382800000,4.93,5.0,4.91,4.984,2538196.0
1716386400000,4.985,5.054,4.935,5.032,2512915.0
1716390000000,5.031,5.177,5.016,5.147,3535861.0
1716393600000,5.148,5.195,5.064,5.101,3744813.0
1716397200000,5.1,5.135,5.033,5.069,1614023.0
1716400800000,5.068,5.085,4.945,4.977,2679358.0
1716404400000,4.978,5.099,4.968,5.062,1144657.0
1716408000000,5.064,5.266,5.044,5.088,5880957.0
1716411600000,5.088,5.098,4.936,5.018,2523873.0
1716415200000,5.017,5.022,4.957,4.966,659162.0
1716418800000,4.966,4.984,4.947,4.971,564812.0
1716422400000,4.971,5.017,4.946,4.981,1366185.0
1716426000000,4.981,4.985,4.87,4.981,2455589.0
1716429600000,4.981,5.006,4.918,4.945,1733159.0
1716433200000,4.946,4.999,4.925,4.972,1145805.0
1716436800000,4.973,4.975,4.928,4.949,815093.0
1716440400000,4.949,4.96,4.907,4.919,1283268.0
1716444000000,4.918,4.981,4.905,4.968,1952531.0
1716447600000,4.967,4.985,4.927,4.949,1170863.0
1716451200000,4.949,4.955,4.914,4.926,1054515.0
1716454800000,4.927,4.939,4.824,4.861,2363222.0
1716458400000,4.86,4.88,4.822,4.83,1245533.0
1716462000000,4.829,4.911,4.819,4.898,1592299.0
1716465600000,4.897,4.911,4.445,4.731,8932917.0
1716469200000,4.73,4.75,4.386,4.554,13551802.0
1716472800000,4.553,4.621,4.547,4.569,3865579.0
1716476400000,4.568,4.624,4.555,4.592,2323302.0
1716480000000,4.591,4.654,4.561,4.637,2192673.0
1716483600000,4.636,4.698,4.633,4.661,1427811.0
1716487200000,4.66,4.676,4.564,4.642,4141157.0
1716490800000,4.642,4.691,4.613,4.642,1518505.0
1716494400000,4.643,4.738,4.368,4.695,13373915.0
1716498000000,4.695,4.834,4.683,4.735,8631916.0
1716501600000,4.736,4.748,4.65,4.702,1794824.0
1716505200000,4.703,4.722,4.681,4.698,736213.0
1716508800000,4.697,4.724,4.675,4.716,1243450.0
1716512400000,4.716,4.768,4.677,4.738,1101564.0
1716516000000,4.739,4.744,4.685,4.711,996710.0
1716519600000,4.711,4.758,4.691,4.726,683328.0
1716523200000,4.727,4.739,4.7,4.708,790332.0
1716526800000,4.706,4.716,4.607,4.63,2996776.0
1716530400000,4.629,4.676,4.514,4.533,4272028.0
1716534000000,4.532,4.628,4.503,4.621,2319464.0
1716537600000,4.62,4.632,4.544,4.616,1832236.0
1716541200000,4.616,4.625,4.563,4.613,1452622.0
1716544800000,4.612,4.636,4.573,4.585,1666374.0
1716548400000,4.584,4.619,4.582,4.608,759971.0
1716552000000,4.607,4.62,4.543,4.57,1332457.0
1716555600000,4.57,4.588,4.51,4.529,1554895.0
1716559200000,4.529,4.605,4.502,4.558,1956610.0
1716562800000,4.557,4.624,4.523,4.533,2401811.0
1716566400000,4.534,4.549,4.466,4.507,2146305.0
1716570000000,4.507,4.539,4.484,4.536,808617.0
1716573600000,4.537,4.605,4.529,4.569,1171400.0
1716577200000,4.569,4.587,4.554,4.581,483082.0
1716580800000,4.582,4.601,4.558,4.582,511093.0
1716584400000,4.582,4.589,4.556,4.576,423315.0
1716588000000,4.577,4.593,4.557,4.574,299754.0
1716591600000,4.573,4.608,4.558,4.59,478856.0
1716595200000,4.591,4.629,4.57,4.583,762686.0
1716598800000,4.583,4.613,4.58,4.594,417659.0
1716602400000,4.595,4.616,4.582,4.603,439398.0
1716606000000,4.603,4.625,4.591,4.614,467837.0
1716609600000,4.614,4.647,4.607,4.63,878584.0
1716613200000,4.63,4.693,4.624,4.676,1496107.0
1716616800000,4.676,4.711,4.653,4.673,1174403.0
1716620400000,4.673,4.719,4.647,4.708,899821.0
1716624000000,4.708,4.779,4.698,4.729,2180464.0
1716627600000,4.729,4.767,4.702,4.761,1422934.0
1716631200000,4.761,4.79,4.75,4.78,1006077.0
1716634800000,4.78,4.817,4.752,4.774,1446783.0
1716638400000,4.775,4.799,4.736,4.745,1378262.0
1716642000000,4.745,4.766,4.713,4.725,1033701.0
1716645600000,4.726,4.753,4.704,4.739,998758.0
1716649200000,4.739,4.785,4.739,4.769,691461.0
1716652800000,4.768,4.77,4.731,4.736,744652.0
1716656400000,4.738,4.75,4.728,4.728,374091.0
1716660000000,4.728,4.759,4.726,4.739,258084.0
1716663600000,4.739,4.747,4.725,4.725,324102.0
1716667200000,4.725,4.732,4.691,4.712,828395.0
1716670800000,4.712,4.72,4.703,4.71,386996.0
1716674400000,4.71,4.723,4.693,4.711,496956.0
1716678000000,4.711,4.723,4.698,4.713,308892.0
1716681600000,4.713,4.727,4.679,4.699,838686.0
1716685200000,4.7,4.745,4.697,4.705,634758.0
1716688800000,4.706,4.713,4.627,4.663,1501574.0
1716692400000,4.662,4.69,4.656,4.679,614832.0
1716696000000,4.68,4.725,4.663,4.674,1174599.0
1716699600000,4.675,4.686,4.659,4.675,334160.0
1716703200000,4.674,4.682,4.65,4.664,359624.0
1716706800000,4.664,4.717,4.661,4.692,678355.0
1716710400000,4.692,4.726,4.632,4.649,1267352.0
1716714000000,4.65,4.663,4.583,4.625,1733381.0
1716717600000,4.625,4.65,4.62,4.636,449922.0
1716721200000,4.637,4.652,4.614,4.624,482315.0
1716724800000,4.625,4.625,4.581,4.604,1080151.0
1716728400000,4.604,4.611,4.546,4.581,1550313.0
1716732000000,4.581,4.63,4.567,4.626,891527.0
1716735600000,4.625,4.648,4.543,4.579,2162414.0
1716739200000,4.58,4.617,4.524,4.59,1461572.0
1716742800000,4.591,4.598,4.545,4.559,680323.0
1716746400000,4.559,4.566,4.534,4.546,705862.0
1716750000000,4.546,4.571,4.542,4.559,348417.0
1716753600000,4.56,4.56,4.525,4.53,393246.0
1716757200000,4.53,4.559,4.484,4.559,961764.0
1716760800000,4.559,4.591,4.538,4.558,1051098.0
1716764400000,4.557,4.562,4.528,4.534,405154.0
1716768000000,4.533,4.583,4.524,4.568,922283.0
1716771600000,4.569,4.61,4.557,4.586,749745.0
1716775200000,4.587,4.613,4.571,4.594,889742.0
1716778800000,4.593,4.609,4.579,4.588,402844.0
1716782400000,4.589,4.608,4.567,4.569,517156.0
1716786000000,4.569,4.57,4.507,4.536,1247258.0
1716789600000,4.535,4.56,4.52,4.534,732948.0
1716793200000,4.535,4.58,4.527,4.569,860191.0
1716796800000,4.569,4.6,4.557,4.583,893406.0
1716800400000,4.584,4.604,4.567,4.587,575769.0
1716804000000,4.587,4.637,4.572,4.609,814858.0
1716807600000,4.61,4.634,4.582,4.612,703661.0
1716811200000,4.613,4.632,4.591,4.614,663393.0
1716814800000,4.614,4.695,4.612,4.677,1136152.0
1716818400000,4.678,4.721,4.667,4.685,1385955.0
1716822000000,4.686,4.738,4.657,4.712,1466520.0
1716825600000,4.711,4.78,4.71,4.754,1800539.0
1716829200000,4.754,4.765,4.705,4.723,723053.0
1716832800000,4.724,4.794,4.722,4.759,1065716.0
1716836400000,4.759,4.874,4.759,4.838,3533553.0
1716840000000,4.838,4.868,4.802,4.823,1828018.0
1716843600000,4.822,4.853,4.803,4.807,885777.0
1716847200000,4.806,4.82,4.772,4.773,942637.0
1716850800000,4.774,4.819,4.763,4.809,754637.0
1716854400000,4.809,4.811,4.713,4.727,2167512.0
1716858000000,4.727,4.758,4.594,4.624,3450443.0
1716861600000,4.622,4.687,4.572,4.674,3130573.0
1716865200000,4.673,4.692,4.575,4.62,1785315.0
1716868800000,4.62,4.637,4.541,4.574,2000771.0
1716872400000,4.572,4.63,4.554,4.629,1021565.0
1716876000000,4.629,4.634,4.594,4.617,690888.0
1716879600000,4.618,4.619,4.574,4.594,1008403.0
1716883200000,4.594,4.63,4.578,4.617,880598.0
1716886800000,4.617,4.666,4.608,4.653,1340875.0
1716890400000,4.653,4.707,4.641,4.676,1893723.0
1716894000000,4.675,4.707,4.655,4.663,915375.0
1716897600000,4.664,4.68,4.614,4.635,1537995.0
1716901200000,4.634,4.68,4.579,4.606,2767671.0
1716904800000,4.606,4.64,4.555,4.591,1806309.0
1716908400000,4.592,4.615,4.56,4.605,1166265.0
1716912000000,4.606,4.638,4.568,4.579,1160270.0
1716915600000,4.58,4.651,4.574,4.616,767459.0
1716919200000,4.616,4.648,4.568,4.611,1027393.0
1716922800000,4.612,4.665,4.612,4.649,594601.0
1716926400000,4.65,4.667,4.606,4.619,708866.0
1716930000000,4.619,4.643,4.596,4.639,451657.0
1716933600000,4.639,4.714,4.638,4.672,1042370.0
1716937200000,4.673,4.691,4.657,4.668,650858.0
1716940800000,4.669,4.701,4.653,4.664,1014270.0
1716944400000,4.664,4.691,4.655,4.674,645739.0
1716948000000,4.674,4.745,4.671,4.724,1059840.0
1716951600000,4.724,4.801,4.72,4.794,1484291.0
1716955200000,4.795,4.855,4.777,4.816,2626480.0
1716958800000,4.816,4.853,4.789,4.819,1248570.0
1716962400000,4.82,4.869,4.82,4.827,1136595.0
1716966000000,4.828,4.85,4.768,4.778,2843927.0
1716969600000,4.779,4.876,4.706,4.866,4418943.0
1716973200000,4.866,4.977,4.806,4.899,6677275.0
1716976800000,4.899,4.984,4.885,4.948,2962828.0
1716980400000,4.949,4.954,4.856,4.87,2025300.0
1716984000000,4.87,4.912,4.807,4.86,2040584.0
1716987600000,4.861,4.958,4.84,4.888,3577561.0
1716991200000,4.887,4.914,4.823,4.871,1930277.0
1716994800000,4.872,4.916,4.775,4.798,2386415.0
1716998400000,4.797,4.996,4.748,4.966,4372196.0
1717002000000,4.965,5.028,4.878,4.907,4668796.0
1717005600000,4.907,4.927,4.863,4.886,692713.0
1717009200000,4.886,4.91,4.813,4.822,1035867.0
1717012800000,4.823,4.882,4.811,4.862,905143.0
1717016400000,4.862,4.921,4.803,4.889,1084009.0
1717020000000,4.888,4.906,4.844,4.899,900094.0
1717023600000,4.899,4.966,4.89,4.933,1559681.0
1717027200000,4.934,5.052,4.93,4.969,2520248.0
1717030800000,4.97,4.971,4.853,4.881,2253919.0
1717034400000,4.881,5.015,4.862,4.97,2368543.0
1717038000000,4.969,5.029,4.957,5.023,1073232.0
1717041600000,5.022,5.036,4.96,4.974,1412522.0
1717045200000,4.973,4.982,4.91,4.951,1646610.0
1717048800000,4.952,4.96,4.825,4.845,2983359.0
1717052400000,4.846,4.907,4.715,4.754,3281230.0
1717056000000,4.754,4.852,4.686,4.825,3266759.0
1717059600000,4.825,4.92,4.798,4.911,1717578.0
1717063200000,4.911,4.969,4.894,4.944,2348249.0
1717066800000,4.944,4.988,4.921,4.927,1288846.0
1717070400000,4.926,5.157,4.921,5.15,5513366.0
1717074000000,5.149,5.181,5.078,5.144,3036115.0
1717077600000,5.143,5.189,5.008,5.036,3918978.0
1717081200000,5.036,5.127,5.028,5.087,2225867.0
1717084800000,5.086,5.112,5.04,5.082,1313021.0
1717088400000,5.084,5.149,5.057,5.104,1154580.0
1717092000000,5.105,5.139,5.07,5.124,675300.0
1717095600000,5.125,5.142,5.002,5.012,1805716.0
1717099200000,5.013,5.015,4.932,4.951,1447689.0
1717102800000,4.952,4.952,4.88,4.911,1003557.0
1717106400000,4.911,4.947,4.881,4.939,770756.0
1717110000000,4.938,4.977,4.93,4.936,933582.0
1717113600000,4.936,4.936,4.852,4.911,1569400.0
1717117200000,4.911,4.943,4.853,4.887,1398189.0
1717120800000,4.887,4.928,4.878,4.888,831558.0
1717124400000,4.889,4.924,4.862,4.891,1078658.0
1717128000000,4.89,4.927,4.87,4.879,868554.0
1717131600000,4.879,4.883,4.781,4.855,2858992.0
1717135200000,4.855,4.874,4.807,4.827,1201038.0
1717138800000,4.826,4.871,4.82,4.835,1134303.0
1717142400000,4.834,4.862,4.816,4.847,839681.0
1717146000000,4.846,4.862,4.808,4.85,962596.0
1717149600000,4.85,4.904,4.839,4.899,1522344.0
1717153200000,4.899,4.932,4.889,4.899,1300989.0
1717156800000,4.9,4.971,4.879,4.902,2561501.0
1717160400000,4.903,4.926,4.824,4.842,2672923.0
1717164000000,4.842,4.848,4.793,4.831,2101897.0
1717167600000,4.83,4.837,4.743,4.75,1726108.0
1717171200000,4.75,4.862,4.704,4.846,3204305.0
1717174800000,4.846,4.88,4.814,4.835,950027.0
1717178400000,4.836,4.869,4.821,4.851,686007.0
1717182000000,4.85,4.873,4.837,4.85,497255.0
1717185600000,4.851,4.87,4.83,4.858,251495.0
1717189200000,4.857,4.886,4.854,4.873,405122.0
1717192800000,4.873,4.891,4.841,4.847,703337.0
1717196400000,4.848,4.866,4.821,4.835,635133.0
1717200000000,4.836,4.856,4.807,4.844,648560.0
1717203600000,4.845,4.91,4.83,4.883,1112817.0
1717207200000,4.883,4.931,4.876,4.918,1042390.0
1717210800000,4.919,4.941,4.855,4.868,1535362.0
1717214400000,4.868,4.88,4.855,4.863,589580.0
1717218000000,4.862,4.901,4.844,4.888,879092.0
1717221600000,4.888,4.908,4.878,4.9,523069.0
1717225200000,4.9,4.906,4.865,4.869,398728.0
1717228800000,4.87,4.899,4.863,4.879,567983.0
1717232400000,4.878,4.881,4.851,4.866,548577.0
1717236000000,4.867,4.871,4.773,4.789,1949217.0
1717239600000,4.789,4.811,4.779,4.783,744316.0
1717243200000,4.782,4.818,4.752,4.798,1221718.0
1717246800000,4.798,4.821,4.788,4.795,703646.0
1717250400000,4.794,4.819,4.781,4.81,903676.0
1717254000000,4.809,4.842,4.802,4.805,788803.0
1717257600000,4.806,4.826,4.787,4.811,718531.0
1717261200000,4.809,4.83,4.788,4.824,561295.0
1717264800000,4.823,4.836,4.793,4.797,473116.0
1717268400000,4.797,4.8,4.765,4.779,619474.0
1717272000000,4.778,4.818,4.778,4.814,299141.0
1717275600000,4.814,4.839,4.809,4.816,632536.0
1717279200000,4.817,4.837,4.807,4.817,334561.0
1717282800000,4.818,4.822,4.78,4.794,608486.0
1717286400000,4.794,4.824,4.783,4.82,629691.0
1717290000000,4.821,4.843,4.799,4.835,1113603.0
1717293600000,4.835,4.84,4.778,4.79,1138462.0
1717297200000,4.79,4.838,4.779,4.819,795376.0
1717300800000,4.82,4.831,4.795,4.829,526460.0
1717304400000,4.829,4.836,4.785,4.796,702602.0
1717308000000,4.797,4.815,4.782,4.806,634192.0
1717311600000,4.807,4.81,4.744,4.754,1444008.0
1717315200000,4.754,4.798,4.743,4.783,763320.0
1717318800000,4.783,4.786,4.726,4.755,1332377.0
1717322400000,4.754,4.767,4.727,4.748,636127.0
1717326000000,4.748,4.807,4.732,4.795,969645.0
1717329600000,4.796,4.807,4.757,4.771,651422.0
1717333200000,4.771,4.807,4.755,4.795,444323.0
1717336800000,4.794,4.864,4.784,4.852,1706761.0
1717340400000,4.853,4.861,4.816,4.828,850956.0
1717344000000,4.828,4.839,4.767,4.78,971261.0
1717347600000,4.78,4.783,4.708,4.709,1578993.0
1717351200000,4.712,4.712,4.585,4.698,4074055.0
1717354800000,4.698,4.728,4.665,4.718,803632.0
1717358400000,4.718,4.732,4.663,4.683,777770.0
1717362000000,4.683,4.695,4.667,4.679,431274.0
1717365600000,4.678,4.706,4.671,4.677,410303.0
1717369200000,4.678,4.702,4.673,4.679,374571.0
1717372800000,4.679,4.703,4.62,4.652,1004856.0
1717376400000,4.652,4.719,4.646,4.711,1157986.0
1717380000000,4.712,4.735,4.7,4.712,905296.0
1717383600000,4.713,4.72,4.662,4.68,1168829.0
1717387200000,4.681,4.687,4.617,4.661,2156399.0
1717390800000,4.661,4.724,4.66,4.702,889773.0
1717394400000,4.702,4.758,4.697,4.754,1000228.0
1717398000000,4.755,4.777,4.736,4.773,920466.0
1717401600000,4.773,4.797,4.756,4.764,944226.0
1717405200000,4.763,4.793,4.735,4.766,714471.0
1717408800000,4.766,4.795,4.764,4.777,646019.0
1717412400000,4.776,4.817,4.767,4.794,843483.0
1717416000000,4.794,4.825,4.787,4.806,887884.0
1717419600000,4.806,4.815,4.765,4.766,819125.0
1717423200000,4.767,4.794,4.665,4.686,2391044.0
1717426800000,4.685,4.75,4.683,4.743,868899.0
1717430400000,4.743,4.749,4.685,4.704,691846.0
1717434000000,4.704,4.76,4.677,4.758,446603.0
1717437600000,4.758,4.783,4.74,4.75,509526.0
1717441200000,4.75,4.797,4.732,4.796,421926.0
1717444800000,4.796,4.851,4.787,4.83,776528.0
1717448400000,4.83,4.873,4.813,4.863,832167.0
1717452000000,4.863,4.877,4.813,4.819,715900.0
1717455600000,4.82,4.824,4.795,4.808,495705.0
1717459200000,4.807,4.891,4.802,4.862,1519899.0
1717462800000,4.862,4.899,4.845,4.859,953577.0
1717466400000,4.859,4.867,4.82,4.835,554648.0
1717470000000,4.835,4.843,4.808,4.823,565580.0
1717473600000,4.822,4.836,4.796,4.806,601456.0
1717477200000,4.806,4.82,4.783,4.792,568652.0
1717480800000,4.792,4.792,4.734,4.735,1426514.0
1717484400000,4.736,4.765,4.719,4.738,772118.0
1717488000000,4.738,4.768,4.704,4.709,1185791.0
1717491600000,4.71,4.722,4.685,4.717,1121362.0
1717495200000,4.716,4.748,4.707,4.739,721400.0
1717498800000,4.739,4.747,4.698,4.72,537057.0
1717502400000,4.72,4.736,4.687,4.699,865678.0
1717506000000,4.699,4.742,4.686,4.723,1181243.0
1717509600000,4.723,4.743,4.693,4.719,1309475.0
1717513200000,4.721,4.777,4.709,4.765,1347938.0
1717516800000,4.765,4.805,4.747,4.773,1469837.0
1717520400000,4.773,4.791,4.739,4.767,972598.0
1717524000000,4.767,4.806,4.756,4.798,635624.0
1717527600000,4.8,4.805,4.746,4.794,792154.0
1717531200000,4.795,4.824,4.778,4.809,525498.0
1717534800000,4.809,4.812,4.761,4.804,467264.0
1717538400000,4.805,4.84,4.793,4.828,651877.0
1717542000000,4.83,4.839,4.808,4.822,510416.0
1717545600000,4.823,4.851,4.818,4.84,952612.0
1717549200000,4.839,4.867,4.824,4.85,828013.0
1717552800000,4.85,4.855,4.798,4.807,1370545.0
1717556400000,4.808,4.817,4.79,4.796,493673.0
1717560000000,4.796,4.845,4.782,4.839,866590.0
1717563600000,4.839,4.843,4.81,4.833,701451.0
1717567200000,4.832,4.926,4.826,4.911,1352738.0
1717570800000,4.912,4.94,4.882,4.884,1618652.0
1717574400000,4.885,4.907,4.874,4.88,699234.0
1717578000000,4.88,4.904,4.862,4.895,978626.0
1717581600000,4.897,4.948,4.87,4.914,1339070.0
1717585200000,4.915,4.916,4.883,4.889,491283.0
1717588800000,4.889,4.936,4.854,4.915,1371879.0
1717592400000,4.915,4.95,4.876,4.918,1226044.0
1717596000000,4.919,5.13,4.872,5.006,6266498.0
1717599600000,5.007,5.027,4.951,4.967,2059581.0
1717603200000,4.967,5.003,4.931,4.958,2006020.0
1717606800000,4.959,4.964,4.92,4.929,921289.0
1717610400000,4.928,4.941,4.893,4.911,881259.0
1717614000000,4.91,4.941,4.891,4.938,447102.0
1717617600000,4.938,4.947,4.911,4.912,402137.0
1717621200000,4.911,4.923,4.899,4.901,264478.0
1717624800000,4.902,4.91,4.883,4.893,336115.0
1717628400000,4.892,4.933,4.892,4.931,491811.0
1717632000000,4.932,4.938,4.896,4.904,696042.0
1717635600000,4.904,4.926,4.87,4.902,822035.0
1717639200000,4.901,4.93,4.897,4.915,465910.0
1717642800000,4.916,4.92,4.894,4.896,426235.0
1717646400000,4.896,4.941,4.881,4.93,1211480.0
1717650000000,4.93,4.971,4.901,4.96,872469.0
1717653600000,4.96,4.977,4.93,4.951,880484.0
1717657200000,4.951,5.024,4.944,5.009,1463348.0
1717660800000,5.009,5.046,5.0,5.006,1579880.0
1717664400000,5.005,5.067,5.004,5.021,1337271.0
1717668000000,5.022,5.063,4.987,5.013,1619199.0
1717671600000,5.013,5.033,4.984,4.997,834751.0
1717675200000,4.996,5.023,4.972,5.002,908774.0
1717678800000,5.002,5.025,4.975,4.975,1416390.0
1717682400000,4.975,5.089,4.882,4.945,5082922.0
1717686000000,4.945,4.983,4.922,4.928,1498484.0
1717689600000,4.927,4.937,4.826,4.855,2654687.0
1717693200000,4.856,4.886,4.814,4.87,1174214.0
1717696800000,4.869,4.874,4.837,4.859,615576.0
1717700400000,4.859,4.864,4.76,4.797,1861024.0
1717704000000,4.796,4.83,4.73,4.829,1849642.0
1717707600000,4.828,4.833,4.793,4.811,461567.0
1717711200000,4.81,4.818,4.792,4.811,381876.0
1717714800000,4.811,4.819,4.793,4.81,504110.0
1717718400000,4.811,4.84,4.798,4.83,685931.0
1717722000000,4.831,4.841,4.795,4.823,862356.0
1717725600000,4.823,4.847,4.802,4.824,885696.0
1717729200000,4.824,4.879,4.821,4.864,1090627.0
1717732800000,4.864,4.96,4.861,4.945,1440446.0
1717736400000,4.945,4.952,4.918,4.921,885146.0
1717740000000,4.922,4.931,4.886,4.918,900749.0
1717743600000,4.917,4.952,4.904,4.922,571211.0
1717747200000,4.923,4.959,4.92,4.931,664708.0
1717750800000,4.932,4.939,4.902,4.909,528655.0
1717754400000,4.908,4.91,4.851,4.878,1092151.0
1717758000000,4.878,4.923,4.87,4.909,682436.0
1717761600000,4.909,4.939,4.8,4.886,4871323.0
1717765200000,4.886,4.956,4.872,4.931,1780378.0
1717768800000,4.932,4.965,4.912,4.935,965839.0
1717772400000,4.936,4.964,4.89,4.949,1419254.0
1717776000000,4.949,4.953,4.833,4.853,2093227.0
1717779600000,4.854,4.854,4.704,4.711,2878003.0
1717783200000,4.711,4.724,3.748,4.277,29044859.0
1717786800000,4.276,4.33,4.221,4.288,2756378.0
1717790400000,4.288,4.338,4.228,4.331,1991671.0
1717794000000,4.331,4.4,4.31,4.39,1121942.0
1717797600000,4.39,4.448,4.379,4.384,1352196.0
1717801200000,4.384,4.427,4.353,4.419,1052002.0
1717804800000,4.42,4.477,4.383,4.44,1581479.0
1717808400000,4.44,4.51,4.436,4.503,1116216.0
1717812000000,4.502,4.505,4.456,4.475,995816.0
1717815600000,4.475,4.477,4.45,4.461,862381.0
1717819200000,4.461,4.466,4.438,4.445,1080373.0
1717822800000,4.445,4.447,4.418,4.427,893600.0
1717826400000,4.427,4.468,4.417,4.441,1046112.0
1717830000000,4.441,4.459,4.424,4.443,716587.0
1717833600000,4.442,4.45,4.425,4.426,688194.0
1717837200000,4.427,4.432,4.391,4.408,912991.0
1717840800000,4.408,4.411,4.375,4.397,982885.0
1717844400000,4.398,4.402,4.276,4.312,2874614.0
1717848000000,4.313,4.355,4.281,4.315,1626625.0
1717851600000,4.315,4.346,4.247,4.336,2550193.0
1717855200000,4.336,4.345,4.292,4.338,776909.0
1717858800000,4.337,4.342,4.286,4.291,705507.0
1717862400000,4.291,4.3,4.236,4.248,1728553.0
1717866000000,4.249,4.281,4.154,4.242,3214428.0
1717869600000,4.241,4.273,4.219,4.235,761390.0
1717873200000,4.235,4.261,4.215,4.216,549510.0
1717876800000,4.217,4.23,4.192,4.198,638770.0
1717880400000,4.198,4.217,4.172,4.202,561552.0
1717884000000,4.202,4.222,4.164,4.218,705841.0
1717887600000,4.218,4.261,4.21,4.247,606372.0
1717891200000,4.246,4.291,4.244,4.27,1005367.0
1717894800000,4.27,4.275,4.248,4.259,653100.0
1717898400000,4.26,4.26,4.182,4.197,1517915.0
1717902000000,4.197,4.224,4.196,4.206,404304.0
1717905600000,4.207,4.24,4.202,4.22,457535.0
1717909200000,4.221,4.252,4.186,4.239,800229.0
1717912800000,4.239,4.267,4.237,4.25,460934.0
1717916400000,4.249,4.268,4.23,4.236,463842.0
1717920000000,4.236,4.265,4.223,4.26,437042.0
1717923600000,4.259,4.278,4.253,4.26,429419.0
1717927200000,4.26,4.282,4.252,4.257,396624.0
1717930800000,4.257,4.29,4.254,4.266,361051.0
1717934400000,4.266,4.316,4.246,4.302,903525.0
1717938000000,4.302,4.31,4.247,4.256,1173662.0
1717941600000,4.255,4.286,4.252,4.27,841177.0
1717945200000,4.269,4.279,4.252,4.256,466510.0
1717948800000,4.255,4.275,4.236,4.265,596927.0
1717952400000,4.266,4.274,4.246,4.249,322462.0
1717956000000,4.25,4.271,4.24,4.266,378032.0
1717959600000,4.266,4.284,4.252,4.254,379999.0
1717963200000,4.255,4.259,4.217,4.224,607569.0
1717966800000,4.225,4.239,4.204,4.231,468755.0
1717970400000,4.233,4.246,4.224,4.226,247976.0
1717974000000,4.227,4.243,4.221,4.24,236867.0
1717977600000,4.241,4.241,4.205,4.219,613255.0
1717981200000,4.219,4.225,4.177,4.208,1145742.0
1717984800000,4.207,4.222,4.186,4.195,482323.0
1717988400000,4.194,4.199,4.108,4.167,1853568.0
1717992000000,4.166,4.175,4.135,4.17,892663.0
1717995600000,4.171,4.177,4.118,4.137,1134653.0
1717999200000,4.137,4.145,4.036,4.076,2983155.0
1718002800000,4.075,4.077,3.992,4.008,3027957.0
1718006400000,4.008,4.085,3.969,4.075,2039943.0
1718010000000,4.075,4.259,4.071,4.254,4084923.0
1718013600000,4.254,4.295,4.201,4.263,1777140.0
1718017200000,4.262,4.303,4.225,4.286,1495740.0
1718020800000,4.285,4.299,4.21,4.251,1488647.0
1718024400000,4.25,4.255,4.194,4.215,1469937.0
1718028000000,4.215,4.305,4.192,4.285,1619323.0
1718031600000,4.284,4.407,4.277,4.356,3270412.0
1718035200000,4.357,4.363,4.257,4.29,2409683.0
1718038800000,4.291,4.311,4.253,4.296,1845402.0
1718042400000,4.296,4.32,4.164,4.236,7998900.0
1718046000000,4.237,4.247,4.127,4.145,2590301.0
1718049600000,4.146,4.146,4.074,4.095,1711575.0
1718053200000,4.096,4.107,4.028,4.043,1189370.0
1718056800000,4.043,4.074,4.003,4.059,1230784.0
1718060400000,4.059,4.081,4.03,4.063,864513.0
1718064000000,4.063,4.097,4.058,4.084,899145.0
1718067600000,4.084,4.11,3.803,3.95,7104829.0
1718071200000,3.949,3.996,3.889,3.988,5115562.0
1718074800000,3.987,4.02,3.978,3.993,1399309.0
1718078400000,3.993,4.01,3.956,3.997,2208214.0
1718082000000,3.997,3.998,3.959,3.992,747583.0
1718085600000,3.99,3.992,3.889,3.94,2288509.0
1718089200000,3.941,3.99,3.923,3.953,1690020.0
1718092800000,3.953,4.011,3.939,4.001,1885324.0
1718096400000,4.001,4.027,3.964,3.981,1940846.0
1718100000000,3.981,4.018,3.95,3.975,1748777.0
1718103600000,3.975,3.988,3.943,3.946,932849.0
1718107200000,3.946,3.967,3.902,3.907,1764697.0
1718110800000,3.906,3.947,3.834,3.864,4312899.0
1718114400000,3.863,3.91,3.843,3.872,1437732.0
1718118000000,3.873,3.894,3.7,3.778,10817434.0
1718121600000,3.777,3.846,3.767,3.783,2054427.0
1718125200000,3.784,3.797,3.709,3.774,1872558.0
1718128800000,3.774,3.796,3.748,3.775,876835.0
1718132400000,3.774,3.794,3.756,3.768,851125.0
1718136000000,3.768,3.824,3.753,3.817,737386.0
1718139600000,3.818,3.84,3.808,3.838,418636.0
1718143200000,3.838,3.848,3.801,3.808,369175.0
1718146800000,3.808,3.812,3.779,3.802,484578.0
1718150400000,3.801,3.81,3.751,3.778,724843.0
1718154000000,3.777,3.786,3.631,3.708,2819500.0
1718157600000,3.708,3.782,3.692,3.767,1410465.0
1718161200000,3.768,3.835,3.768,3.822,1062563.0
1718164800000,3.822,3.885,3.817,3.864,1502037.0
1718168400000,3.864,3.866,3.821,3.829,1753537.0
1718172000000,3.83,3.875,3.823,3.85,902654.0
1718175600000,3.849,3.869,3.835,3.857,626066.0
1718179200000,3.856,3.875,3.833,3.849,721016.0
1718182800000,3.849,3.899,3.839,3.881,975619.0
1718186400000,3.881,3.94,3.874,3.889,1744899.0
1718190000000,3.89,3.893,3.843,3.851,1305579.0
1718193600000,3.851,4.046,3.849,4.017,6732148.0
1718197200000,4.018,4.121,4.005,4.008,3220050.0
1718200800000,4.008,4.047,3.976,4.035,1668813.0
1718204400000,4.035,4.057,4.0,4.009,906045.0
1718208000000,4.01,4.027,3.955,4.009,1258380.0
1718211600000,4.009,4.037,3.997,4.027,812144.0
1718215200000,4.028,4.028,3.87,3.895,6966084.0
1718218800000,3.894,3.964,3.777,3.815,3767081.0
1718222400000,3.815,3.894,3.785,3.892,1125626.0
1718226000000,3.892,3.918,3.883,3.907,423270.0
1718229600000,3.908,3.91,3.87,3.898,574924.0
1718233200000,3.898,3.906,3.858,3.87,616993.0
1718236800000,3.868,3.886,3.829,3.883,1156329.0
1718240400000,3.883,3.902,3.828,3.836,911783.0
1718244000000,3.836,3.838,3.748,3.762,2305251.0
1718247600000,3.762,3.764,3.664,3.749,3648575.0
1718251200000,3.748,3.79,3.743,3.77,952953.0
1718254800000,3.772,3.804,3.758,3.773,642963.0
1718258400000,3.773,3.778,3.733,3.741,886070.0
1718262000000,3.741,3.78,3.728,3.77,511999.0
1718265600000,3.77,3.785,3.753,3.761,428021.0
1718269200000,3.761,3.769,3.71,3.747,1098549.0
1718272800000,3.747,3.775,3.733,3.763,600078.0
1718276400000,3.763,3.766,3.713,3.723,513194.0
1718280000000,3.722,3.801,3.682,3.72,2689300.0
1718283600000,3.721,3.79,3.703,3.743,1186528.0
1718287200000,3.743,3.752,3.696,3.721,1600274.0
1718290800000,3.72,3.729,3.617,3.639,3830686.0
1718294400000,3.638,3.696,3.603,3.695,2239165.0
1718298000000,3.695,3.712,3.674,3.709,579481.0
1718301600000,3.709,3.722,3.693,3.704,339111.0
1718305200000,3.703,3.717,3.689,3.691,218600.0
1718308800000,3.69,3.708,3.659,3.668,392539.0
1718312400000,3.667,3.673,3.623,3.672,556998.0
1718316000000,3.672,3.673,3.636,3.649,258055.0
1718319600000,3.648,3.657,3.607,3.641,582758.0
1718323200000,3.642,3.662,3.57,3.619,2048536.0
1718326800000,3.618,3.672,3.595,3.667,1368121.0
1718330400000,3.667,3.687,3.65,3.676,570527.0
1718334000000,3.677,3.69,3.636,3.645,758093.0
1718337600000,3.645,3.664,3.644,3.657,310489.0
1718341200000,3.657,3.704,3.652,3.69,1121407.0
1718344800000,3.69,3.711,3.671,3.682,698188.0
1718348400000,3.682,3.702,3.676,3.679,336799.0
1718352000000,3.68,3.708,3.673,3.698,615272.0
1718355600000,3.698,3.699,3.67,3.682,317521.0
1718359200000,3.681,3.733,3.666,3.697,1339129.0
1718362800000,3.698,3.719,3.674,3.69,636653.0
1718366400000,3.692,3.709,3.662,3.674,682125.0
1718370000000,3.674,3.697,3.664,3.673,369090.0
1718373600000,3.672,3.677,3.54,3.613,3573497.0
1718377200000,3.612,3.647,3.534,3.571,2175119.0
1718380800000,3.571,3.572,3.22,3.394,16264891.0
1718384400000,3.394,3.433,3.349,3.394,1738391.0
1718388000000,3.393,3.398,3.326,3.35,1837515.0
1718391600000,3.35,3.382,3.335,3.355,758523.0
1718395200000,3.356,3.385,3.351,3.364,510768.0
1718398800000,3.364,3.484,3.358,3.451,1104846.0
1718402400000,3.45,3.456,3.403,3.436,648659.0
1718406000000,3.434,3.441,3.418,3.43,318924.0
1718409600000,3.43,3.458,3.421,3.439,617517.0
1718413200000,3.44,3.474,3.425,3.425,587678.0
1718416800000,3.426,3.463,3.418,3.449,519192.0
1718420400000,3.45,3.498,3.448,3.495,641953.0
1718424000000,3.495,3.5,3.47,3.478,685360.0
1718427600000,3.478,3.497,3.475,3.482,306862.0
1718431200000,3.482,3.509,3.475,3.48,485121.0
1718434800000,3.48,3.495,3.467,3.471,400747.0
1718438400000,3.471,3.493,3.469,3.477,332408.0
1718442000000,3.478,3.482,3.443,3.459,626081.0
1718445600000,3.458,3.474,3.449,3.471,328890.0
1718449200000,3.47,3.474,3.454,3.462,222863.0
1718452800000,3.463,3.479,3.448,3.475,431133.0
1718456400000,3.476,3.477,3.448,3.471,367446.0
1718460000000,3.471,3.478,3.437,3.47,664535.0
1718463600000,3.47,3.501,3.456,3.468,824135.0
1718467200000,3.468,3.484,3.449,3.456,645765.0
1718470800000,3.457,3.463,3.422,3.451,755970.0
1718474400000,3.451,3.452,3.411,3.415,463864.0
1718478000000,3.414,3.422,3.385,3.399,785508.0
1718481600000,3.4,3.408,3.359,3.369,988325.0
1718485200000,3.369,3.395,3.368,3.386,561326.0
1718488800000,3.386,3.388,3.366,3.386,355417.0
1718492400000,3.386,3.404,3.381,3.387,470715.0
1718496000000,3.387,3.388,3.335,3.341,973495.0
1718499600000,3.341,3.341,3.279,3.313,2524148.0
1718503200000,3.314,3.35,3.305,3.32,1078782.0
1718506800000,3.321,3.328,3.294,3.317,729355.0
1718510400000,3.317,3.328,3.281,3.309,1099470.0
1718514000000,3.308,3.35,3.302,3.342,831622.0
1718517600000,3.343,3.371,3.331,3.361,557029.0
1718521200000,3.362,3.377,3.356,3.372,549199.0
1718524800000,3.373,3.382,3.348,3.361,705363.0
1718528400000,3.362,3.432,3.353,3.425,1299543.0
1718532000000,3.425,3.447,3.4,3.431,1253812.0
1718535600000,3.431,3.441,3.412,3.423,607134.0
1718539200000,3.423,3.449,3.416,3.426,587935.0
1718542800000,3.426,3.466,3.425,3.45,835133.0
1718546400000,3.45,3.478,3.417,3.422,1168816.0
1718550000000,3.422,3.468,3.421,3.465,518274.0
1718553600000,3.465,3.493,3.451,3.455,875421.0
1718557200000,3.455,3.459,3.429,3.433,352245.0
1718560800000,3.433,3.449,3.426,3.437,272551.0
1718564400000,3.438,3.461,3.434,3.445,208589.0
1718568000000,3.446,3.467,3.439,3.456,302030.0
1718571600000,3.456,3.457,3.434,3.44,217227.0
1718575200000,3.44,3.508,3.44,3.461,1008720.0
1718578800000,3.461,3.483,3.443,3.455,346704.0
1718582400000,3.455,3.492,3.433,3.45,815025.0
1718586000000,3.449,3.45,3.404,3.412,1123975.0
1718589600000,3.411,3.412,3.335,3.381,2773977.0
1718593200000,3.381,3.395,3.34,3.351,780958.0
1718596800000,3.351,3.384,3.318,3.382,1226581.0
1718600400000,3.381,3.391,3.33,3.345,875214.0
1718604000000,3.345,3.357,3.311,3.327,1070931.0
1718607600000,3.326,3.339,3.25,3.29,3035659.0
1718611200000,3.292,3.322,3.233,3.261,2260109.0
1718614800000,3.262,3.297,3.177,3.19,3799718.0
1718618400000,3.19,3.221,3.126,3.208,3876660.0
1718622000000,3.207,3.231,3.174,3.188,1423171.0
1718625600000,3.189,3.215,3.18,3.188,1015184.0
1718629200000,3.188,3.206,3.122,3.139,2857060.0
1718632800000,3.139,3.196,3.134,3.173,1224948.0
1718636400000,3.173,3.183,3.116,3.13,2011144.0
1718640000000,3.13,3.148,2.96,3.132,9460316.0
1718643600000,3.133,3.188,3.124,3.184,1732290.0
1718647200000,3.184,3.239,3.183,3.238,1506829.0
1718650800000,3.238,3.243,3.161,3.163,1242402.0
1718654400000,3.163,3.173,3.063,3.082,2024708.0
1718658000000,3.083,3.112,3.05,3.102,1026681.0
1718661600000,3.103,3.117,3.077,3.082,631637.0
1718665200000,3.082,3.092,3.02,3.027,1437787.0
1718668800000,3.028,3.044,2.901,2.951,5348591.0
1718672400000,2.95,2.989,2.463,2.708,26776348.0
1718676000000,2.708,2.788,2.665,2.756,5352384.0
1718679600000,2.756,2.795,2.741,2.793,1684252.0
1718683200000,2.793,2.807,2.761,2.798,1248699.0
1718686800000,2.798,2.825,2.775,2.781,1243841.0
1718690400000,2.781,2.802,2.75,2.769,1714231.0
1718694000000,2.769,2.791,2.755,2.758,976767.0
1718697600000,2.759,2.778,2.747,2.765,1078807.0
1718701200000,2.766,2.766,2.724,2.734,1787505.0
1718704800000,2.734,2.736,2.693,2.697,2042504.0
1718708400000,2.697,2.727,2.638,2.709,4327377.0
1718712000000,2.708,2.728,2.634,2.693,3997994.0
1718715600000,2.692,2.697,2.614,2.628,3452371.0
1718719200000,2.628,2.741,2.593,2.688,5192503.0
1718722800000,2.687,2.757,2.666,2.752,2537896.0
1718726400000,2.75,2.755,2.691,2.723,1752627.0
1718730000000,2.723,2.747,2.679,2.7,1223051.0
1718733600000,2.7,2.743,2.671,2.697,1218533.0
1718737200000,2.697,2.748,2.671,2.748,1360646.0
1718740800000,2.748,2.784,2.717,2.776,1632479.0
1718744400000,2.776,2.804,2.769,2.788,915105.0
1718748000000,2.789,2.794,2.756,2.781,700721.0
1718751600000,2.781,2.837,2.775,2.826,1276511.0
1718755200000,2.825,2.838,2.762,2.83,1929995.0
1718758800000,2.829,2.922,2.823,2.861,3551884.0
1718762400000,2.862,2.894,2.826,2.85,1708943.0
1718766000000,2.851,2.872,2.824,2.827,2023817.0
1718769600000,2.828,2.878,2.818,2.86,1717654.0
1718773200000,2.86,2.866,2.832,2.844,2032181.0
1718776800000,2.842,2.865,2.833,2.865,995521.0
1718780400000,2.864,2.87,2.811,2.845,1605725.0
1718784000000,2.844,2.85,2.789,2.794,1744825.0
1718787600000,2.793,2.805,2.761,2.782,1779435.0
1718791200000,2.781,2.822,2.773,2.82,1174413.0
1718794800000,2.82,2.824,2.745,2.767,1569600.0
1718798400000,2.766,2.836,2.761,2.823,1627065.0
1718802000000,2.823,2.883,2.818,2.849,2169449.0
1718805600000,2.848,2.854,2.754,2.763,3744119.0
1718809200000,2.763,2.799,2.756,2.778,1654870.0
1718812800000,2.777,2.82,2.754,2.796,1602876.0
1718816400000,2.796,2.87,2.793,2.828,1701433.0
1718820000000,2.828,2.843,2.801,2.806,692752.0
1718823600000,2.806,2.809,2.774,2.787,623657.0
1718827200000,2.788,2.798,2.768,2.797,815313.0
1718830800000,2.797,2.838,2.792,2.812,597079.0
1718834400000,2.812,2.823,2.779,2.782,366009.0
1718838000000,2.782,2.803,2.765,2.797,644428.0
1718841600000,2.797,2.825,2.762,2.802,1629822.0
1718845200000,2.802,2.889,2.79,2.836,2203391.0
1718848800000,2.835,2.885,2.808,2.869,2019389.0
1718852400000,2.869,2.903,2.836,2.886,1311932.0
1718856000000,2.885,2.963,2.853,2.959,2980751.0
1718859600000,2.959,3.043,2.927,3.042,3869130.0
1718863200000,3.042,3.075,2.979,3.005,4119842.0
1718866800000,3.005,3.148,3.004,3.147,4824725.0
1718870400000,3.147,3.198,3.1,3.137,6225226.0
1718874000000,3.137,3.156,3.105,3.129,2541073.0
1718877600000,3.129,3.149,3.075,3.14,3226016.0
1718881200000,3.139,3.174,3.12,3.139,3191638.0
1718884800000,3.138,3.152,3.076,3.093,2537992.0
1718888400000,3.092,3.099,2.984,2.988,5454219.0
1718892000000,2.988,2.998,2.921,2.978,5888157.0
1718895600000,2.978,2.992,2.937,2.952,2610263.0
1718899200000,2.952,2.996,2.877,2.983,6630899.0
1718902800000,2.984,3.051,2.963,3.039,3729778.0
1718906400000,3.04,3.106,3.022,3.09,3562650.0
1718910000000,3.09,3.131,3.064,3.109,3961613.0
1718913600000,3.109,3.129,3.074,3.095,2932801.0
1718917200000,3.095,3.107,3.052,3.058,1439732.0
1718920800000,3.058,3.074,3.033,3.055,974495.0
1718924400000,3.055,3.088,3.026,3.033,1071796.0
1718928000000,3.033,3.071,2.974,2.992,2716638.0
1718931600000,2.993,3.105,2.982,3.085,2774299.0
1718935200000,3.085,3.112,3.013,3.023,2055568.0
1718938800000,3.023,3.029,2.98,3.009,1941412.0
1718942400000,3.009,3.065,2.996,3.021,2248598.0
1718946000000,3.022,3.045,2.957,3.027,2336188.0
1718949600000,3.026,3.041,2.991,3.023,1092093.0
1718953200000,3.024,3.063,2.973,2.992,2757538.0
1718956800000,2.993,3.043,2.96,2.987,4101218.0
1718960400000,2.987,3.095,2.982,3.069,3475655.0
1718964000000,3.069,3.118,3.044,3.093,2192211.0
1718967600000,3.094,3.136,3.074,3.115,3033341.0
1718971200000,3.115,3.139,3.027,3.067,3186689.0
1718974800000,3.068,3.081,2.998,3.019,3138224.0
1718978400000,3.019,3.09,3.007,3.057,3437886.0
1718982000000,3.057,3.12,3.033,3.08,3926167.0
1718985600000,3.08,3.109,3.063,3.075,1890042.0
1718989200000,3.074,3.085,2.969,2.985,2726269.0
1718992800000,2.985,3.055,2.976,3.05,1584862.0
1718996400000,3.051,3.09,3.024,3.068,1238737.0
1719000000000,3.067,3.077,3.029,3.031,682814.0
1719003600000,3.031,3.046,2.987,3.012,685102.0
1719007200000,3.012,3.019,2.982,2.987,635306.0
1719010800000,2.988,2.999,2.963,2.982,971416.0
1719014400000,2.982,2.982,2.905,2.925,2762103.0
1719018000000,2.925,2.97,2.919,2.96,1122038.0
1719021600000,2.962,2.992,2.952,2.981,1005329.0
1719025200000,2.979,3.0,2.957,2.979,1053057.0
1719028800000,2.98,3.014,2.968,3.011,818439.0
1719032400000,3.011,3.019,2.983,3.016,1027375.0
1719036000000,3.017,3.049,3.008,3.027,1369365.0
1719039600000,3.027,3.051,3.013,3.026,1183939.0
1719043200000,3.026,3.047,2.985,3.039,1730974.0
1719046800000,3.04,3.061,3.02,3.036,1376521.0
1719050400000,3.035,3.045,3.002,3.026,967997.0
1719054000000,3.026,3.035,2.993,3.015,873993.0
1719057600000,3.015,3.025,2.998,3.003,609047.0
1719061200000,3.003,3.015,2.971,2.98,1083413.0
1719064800000,2.979,3.027,2.97,3.022,1280431.0
1719068400000,3.021,3.07,3.013,3.055,1641383.0
1719072000000,3.055,3.073,3.026,3.051,1050759.0
1719075600000,3.051,3.073,3.011,3.012,654343.0
1719079200000,3.013,3.017,2.983,2.988,858473.0
1719082800000,2.988,2.989,2.962,2.981,856590.0
1719086400000,2.982,2.983,2.925,2.94,1214436.0
1719090000000,2.939,2.952,2.927,2.944,598155.0
1719093600000,2.942,2.947,2.907,2.941,964239.0
1719097200000,2.942,2.961,2.919,2.936,675203.0
1719100800000,2.937,2.992,2.925,2.983,1485279.0
1719104400000,2.983,3.017,2.976,2.986,1222054.0
1719108000000,2.985,2.995,2.959,2.984,693067.0
1719111600000,2.985,3.025,2.969,3.005,964870.0
1719115200000,3.005,3.01,2.987,3.007,730067.0
1719118800000,3.008,3.03,2.996,3.006,801384.0
1719122400000,3.006,3.022,2.999,3.016,538105.0
1719126000000,3.016,3.03,3.005,3.014,664410.0
1719129600000,3.015,3.033,3.004,3.01,762591.0
1719133200000,3.011,3.014,2.972,3.005,1191263.0
1719136800000,3.005,3.015,2.978,2.978,914627.0
1719140400000,2.979,2.987,2.953,2.971,1286065.0
1719144000000,2.972,2.988,2.96,2.983,588863.0
1719147600000,2.983,3.007,2.972,2.982,1135176.0
1719151200000,2.983,2.985,2.924,2.935,2094028.0
1719154800000,2.936,2.946,2.887,2.905,2101217.0
1719158400000,2.905,2.911,2.825,2.842,3480478.0
1719162000000,2.842,2.873,2.835,2.862,1322549.0
1719165600000,2.862,2.877,2.847,2.85,742034.0
1719169200000,2.851,2.869,2.844,2.863,380798.0
1719172800000,2.863,2.87,2.794,2.85,2689237.0
1719176400000,2.851,2.876,2.825,2.845,1323177.0
1719180000000,2.844,2.845,2.803,2.825,1204162.0
1719183600000,2.826,2.838,2.806,2.818,622951.0
1719187200000,2.818,2.858,2.814,2.84,1261929.0
1719190800000,2.84,2.851,2.802,2.838,1186617.0
1719194400000,2.837,2.848,2.764,2.797,2404726.0
1719198000000,2.798,2.838,2.797,2.808,1074616.0
1719201600000,2.809,2.817,2.785,2.797,1075679.0
1719205200000,2.797,2.803,2.696,2.721,4732041.0
1719208800000,2.721,2.751,2.719,2.743,1260036.0
1719212400000,2.743,2.751,2.719,2.726,927644.0
1719216000000,2.725,2.804,2.706,2.791,2503351.0
1719219600000,2.792,2.814,2.636,2.803,8908142.0
1719223200000,2.803,2.841,2.779,2.793,2401793.0
1719226800000,2.792,2.805,2.758,2.799,2052351.0
1719230400000,2.797,2.826,2.779,2.789,1280283.0
1719234000000,2.789,2.856,2.759,2.844,1793988.0
1719237600000,2.843,2.858,2.785,2.802,1850842.0
1719241200000,2.802,2.824,2.771,2.793,1490295.0
1719244800000,2.793,2.839,2.78,2.823,2042067.0
1719248400000,2.822,2.848,2.786,2.803,2887981.0
1719252000000,2.804,2.828,2.765,2.82,1351799.0
1719255600000,2.819,2.839,2.771,2.791,1065303.0
1719259200000,2.791,2.832,2.744,2.815,2664307.0
1719262800000,2.814,2.912,2.812,2.902,1625123.0
1719266400000,2.902,2.92,2.854,2.856,1129769.0
1719270000000,2.856,2.933,2.852,2.903,1716843.0
1719273600000,2.903,2.923,2.88,2.901,1131940.0
1719277200000,2.902,2.929,2.886,2.906,903907.0
1719280800000,2.906,2.958,2.898,2.953,1399760.0
1719284400000,2.954,3.0,2.943,2.973,2336547.0
1719288000000,2.972,2.996,2.958,2.983,1079835.0
1719291600000,2.983,2.994,2.944,2.955,1063035.0
1719295200000,2.955,2.958,2.932,2.95,757542.0
1719298800000,2.95,2.954,2.913,2.921,1370101.0
1719302400000,2.923,2.93,2.879,2.906,1937644.0
1719306000000,2.905,2.931,2.887,2.919,1579503.0
1719309600000,2.919,2.932,2.896,2.91,834702.0
1719313200000,2.909,2.934,2.906,2.921,939196.0
1719316800000,2.921,2.948,2.905,2.916,1169979.0
1719320400000,2.916,2.925,2.895,2.907,800380.0
1719324000000,2.907,2.963,2.898,2.939,1925040.0
1719327600000,2.94,2.959,2.916,2.955,1196635.0
1719331200000,2.954,2.969,2.896,2.9,1352165.0
1719334800000,2.901,2.913,2.859,2.859,1709813.0
1719338400000,2.859,2.93,2.859,2.927,1320895.0
1719342000000,2.928,2.941,2.91,2.916,890431.0
1719345600000,2.916,2.918,2.878,2.88,769259.0
1719349200000,2.88,2.881,2.862,2.864,407766.0
1719352800000,2.865,2.889,2.845,2.853,843511.0
1719356400000,2.852,2.856,2.83,2.853,941521.0
1719360000000,2.853,2.858,2.829,2.838,958849.0
1719363600000,2.838,2.893,2.827,2.886,1259831.0
1719367200000,2.886,2.918,2.866,2.875,1743929.0
1719370800000,2.874,2.881,2.836,2.869,1511580.0
1719374400000,2.868,2.887,2.85,2.854,1250231.0
1719378000000,2.855,2.934,2.85,2.888,3782026.0
1719381600000,2.888,2.914,2.833,2.845,2360477.0
1719385200000,2.845,2.888,2.832,2.882,1529861.0
1719388800000,2.881,2.884,2.841,2.852,1318861.0
1719392400000,2.852,2.872,2.835,2.845,989653.0
1719396000000,2.845,2.85,2.811,2.836,1752387.0
1719399600000,2.838,2.857,2.825,2.834,756274.0
1719403200000,2.834,2.846,2.802,2.816,1023517.0
1719406800000,2.816,2.872,2.802,2.871,1502919.0
1719410400000,2.871,2.906,2.824,2.831,3190883.0
1719414000000,2.832,2.85,2.778,2.806,3995390.0
1719417600000,2.804,2.822,2.772,2.777,1434778.0
1719421200000,2.777,2.78,2.722,2.757,3314724.0
1719424800000,2.758,2.77,2.746,2.75,558610.0
1719428400000,2.749,2.789,2.735,2.788,899685.0
1719432000000,2.787,2.81,2.756,2.788,1100430.0
1719435600000,2.788,2.833,2.782,2.832,690440.0
1719439200000,2.831,2.838,2.799,2.809,819504.0
1719442800000,2.808,2.818,2.773,2.784,630255.0
1719446400000,2.783,2.783,2.741,2.758,1241757.0
1719450000000,2.758,2.764,2.734,2.75,763258.0
1719453600000,2.749,2.754,2.728,2.752,943394.0
1719457200000,2.752,2.76,2.728,2.739,744391.0
1719460800000,2.739,2.765,2.736,2.756,656298.0
1719464400000,2.756,2.763,2.701,2.717,1821042.0
1719468000000,2.716,2.725,2.703,2.715,880157.0
1719471600000,2.715,2.72,2.693,2.715,1080820.0
1719475200000,2.715,2.744,2.699,2.739,956313.0
1719478800000,2.738,2.813,2.73,2.804,2196968.0
1719482400000,2.805,2.825,2.784,2.785,1943144.0
1719486000000,2.787,2.794,2.767,2.784,1101221.0
1719489600000,2.783,2.809,2.761,2.794,1889325.0
1719493200000,2.795,2.839,2.788,2.811,3216787.0
1719496800000,2.812,2.842,2.773,2.776,2284665.0
1719500400000,2.777,2.807,2.769,2.805,1336351.0
1719504000000,2.805,2.831,2.782,2.791,1274778.0
1719507600000,2.792,2.801,2.781,2.784,641930.0
1719511200000,2.784,2.825,2.772,2.811,663582.0
1719514800000,2.812,2.814,2.787,2.791,373503.0
1719518400000,2.791,2.809,2.784,2.805,339789.0
1719522000000,2.805,2.826,2.804,2.815,386998.0
1719525600000,2.816,2.821,2.799,2.803,377130.0
1719529200000,2.803,2.808,2.776,2.787,538832.0
1719532800000,2.787,2.79,2.731,2.751,2429508.0
1719536400000,2.751,2.82,2.743,2.807,2213596.0
1719540000000,2.808,2.814,2.772,2.787,1023043.0
1719543600000,2.787,2.803,2.771,2.775,707257.0
1719547200000,2.774,2.812,2.767,2.808,979078.0
1719550800000,2.808,2.82,2.793,2.818,1186358.0
1719554400000,2.817,2.835,2.8,2.814,855862.0
1719558000000,2.815,2.823,2.776,2.816,1671548.0
1719561600000,2.817,2.835,2.802,2.816,1093753.0
1719565200000,2.816,2.817,2.786,2.812,984306.0
1719568800000,2.811,2.837,2.802,2.832,1052174.0
1719572400000,2.832,2.845,2.807,2.818,1244568.0
1719576000000,2.818,2.836,2.795,2.8,1534496.0
1719579600000,2.801,2.869,2.792,2.837,3087501.0
1719583200000,2.837,2.866,2.797,2.811,2566651.0
1719586800000,2.811,2.856,2.795,2.833,1525358.0
1719590400000,2.833,2.842,2.753,2.793,2525939.0
1719594000000,2.793,2.819,2.744,2.761,1876463.0
1719597600000,2.762,2.774,2.748,2.771,558086.0
1719601200000,2.772,2.775,2.728,2.745,1277679.0
1719604800000,2.745,2.757,2.726,2.735,683025.0
1719608400000,2.735,2.735,2.674,2.702,2267303.0
1719612000000,2.7,2.705,2.649,2.673,1394934.0
1719615600000,2.671,2.676,2.656,2.676,770419.0
1719619200000,2.675,2.68,2.659,2.673,1652537.0
1719622800000,2.672,2.715,2.668,2.706,1153724.0
1719626400000,2.707,2.716,2.679,2.695,868517.0
1719630000000,2.694,2.733,2.687,2.717,1007469.0
1719633600000,2.717,2.722,2.695,2.703,589460.0
1719637200000,2.703,2.71,2.689,2.694,626657.0
1719640800000,2.693,2.695,2.674,2.69,935583.0
1719644400000,2.689,2.742,2.689,2.723,1627907.0
1719648000000,2.724,2.731,2.708,2.721,663480.0
1719651600000,2.722,2.726,2.708,2.715,422647.0
1719655200000,2.716,2.744,2.71,2.73,667370.0
1719658800000,2.731,2.751,2.724,2.744,799609.0
1719662400000,2.745,2.754,2.733,2.74,786660.0
1719666000000,2.739,2.767,2.739,2.756,941799.0
1719669600000,2.757,2.775,2.738,2.753,1109882.0
1719673200000,2.753,2.761,2.736,2.746,720873.0
1719676800000,2.747,2.748,2.698,2.706,1263383.0
1719680400000,2.707,2.708,2.675,2.687,1294833.0
1719684000000,2.687,2.69,2.594,2.611,2839612.0
1719687600000,2.61,2.614,2.576,2.605,2367439.0
1719691200000,2.605,2.606,2.582,2.591,1011872.0
1719694800000,2.59,2.609,2.583,2.589,787112.0
1719698400000,2.588,2.594,2.553,2.571,2047438.0
1719702000000,2.571,2.585,2.555,2.562,1210308.0
1719705600000,2.561,2.569,2.527,2.554,2788528.0
1719709200000,2.554,2.557,2.509,2.527,2613435.0
1719712800000,2.527,2.537,2.497,2.509,3213947.0
1719716400000,2.509,2.523,2.502,2.52,1457349.0
1719720000000,2.521,2.533,2.5,2.514,2125889.0
1719723600000,2.513,2.524,2.501,2.506,1049801.0
1719727200000,2.506,2.517,2.487,2.517,2349451.0
1719730800000,2.518,2.582,2.515,2.559,6025105.0
1719734400000,2.56,2.584,2.558,2.575,1766741.0
1719738000000,2.574,2.575,2.539,2.542,2439224.0
1719741600000,2.543,2.558,2.521,2.524,1850657.0
1719745200000,2.524,2.538,2.508,2.516,2163623.0
1719748800000,2.516,2.526,2.421,2.443,7959605.0
1719752400000,2.443,2.473,2.401,2.463,7550233.0
1719756000000,2.463,2.478,2.437,2.448,3631377.0
1719759600000,2.447,2.457,2.412,2.419,3008190.0
1719763200000,2.42,2.425,2.328,2.37,9667684.0
1719766800000,2.37,2.46,2.368,2.446,6817044.0
1719770400000,2.447,2.474,2.441,2.45,2130731.0
1719774000000,2.45,2.457,2.439,2.446,876214.0
1719777600000,2.445,2.46,2.431,2.435,1264836.0
1719781200000,2.435,2.436,2.402,2.416,1426674.0
1719784800000,2.416,2.507,2.413,2.494,3304761.0
1719788400000,2.493,2.507,2.458,2.469,2168459.0
1719792000000,2.469,2.471,2.437,2.445,2108321.0
1719795600000,2.445,2.506,2.43,2.488,4262286.0
1719799200000,2.489,2.499,2.441,2.453,3028898.0
1719802800000,2.454,2.46,2.421,2.432,2699585.0
1719806400000,2.431,2.444,2.352,2.378,5706706.0
1719810000000,2.378,2.387,2.341,2.363,4045030.0
1719813600000,2.364,2.387,2.356,2.376,3123453.0
1719817200000,2.376,2.383,2.355,2.358,2229168.0
1719820800000,2.358,2.362,2.277,2.309,9795839.0
1719824400000,2.308,2.346,2.301,2.333,4814508.0
1719828000000,2.333,2.335,2.285,2.312,4187927.0
1719831600000,2.312,2.326,2.282,2.295,3884051.0
1719835200000,2.295,2.322,2.288,2.297,3872148.0
1719838800000,2.296,2.339,2.283,2.31,5350119.0
1719842400000,2.311,2.318,2.262,2.267,6276262.0
1719846000000,2.266,2.28,2.232,2.257,6955432.0
1719849600000,2.257,2.32,2.236,2.312,7259774.0
1719853200000,2.311,2.355,2.306,2.337,5925345.0
1719856800000,2.336,2.346,2.307,2.33,2887664.0
1719860400000,2.33,2.375,2.327,2.356,3008391.0
1719864000000,2.356,2.362,2.329,2.341,1840267.0
1719867600000,2.341,2.367,2.334,2.334,1375671.0
1719871200000,2.335,2.337,2.303,2.313,2357186.0
1719874800000,2.313,2.318,2.273,2.28,2720697.0
1719878400000,2.281,2.322,2.238,2.309,5620802.0
1719882000000,2.31,2.332,2.265,2.283,4013674.0
1719885600000,2.283,2.313,2.252,2.309,3807398.0
1719889200000,2.309,2.348,2.302,2.317,5419326.0
1719892800000,2.316,2.322,2.291,2.304,2338280.0
1719896400000,2.304,2.376,2.303,2.353,6944497.0
1719900000000,2.353,2.371,2.336,2.339,3710137.0
1719903600000,2.339,2.369,2.326,2.349,3198474.0
1719907200000,2.349,2.374,2.324,2.352,4423097.0
1719910800000,2.352,2.361,2.313,2.328,3201266.0
1719914400000,2.329,2.368,2.321,2.364,2796093.0
1719918000000,2.365,2.365,2.328,2.336,2830247.0
1719921600000,2.336,2.429,2.326,2.369,14983179.0
1719925200000,2.368,2.381,2.328,2.356,6757753.0
1719928800000,2.356,2.368,2.305,2.312,7041648.0
1719932400000,2.312,2.327,2.284,2.299,3597078.0
1719936000000,2.3,2.309,2.255,2.298,5360310.0
1719939600000,2.298,2.298,2.271,2.275,1779058.0
1719943200000,2.274,2.308,2.266,2.304,2103691.0
1719946800000,2.305,2.318,2.289,2.316,2258428.0
1719950400000,2.316,2.33,2.291,2.299,1364998.0
1719954000000,2.3,2.319,2.289,2.309,883504.0
1719957600000,2.31,2.322,2.284,2.295,1066075.0
1719961200000,2.294,2.307,2.274,2.278,1414669.0
1719964800000,2.278,2.287,2.258,2.26,2528811.0
1719968400000,2.26,2.261,2.209,2.218,8202417.0
1719972000000,2.218,2.234,2.203,2.219,3732711.0
1719975600000,2.218,2.222,2.142,2.2,11174026.0
1719979200000,2.199,2.202,2.179,2.192,2572849.0
1719982800000,2.191,2.244,2.173,2.234,3949924.0
1719986400000,2.234,2.305,2.225,2.301,7342686.0
1719990000000,2.3,2.325,2.288,2.321,5223183.0
1719993600000,2.322,2.355,2.316,2.329,8549273.0
1719997200000,2.33,2.364,2.323,2.356,3821486.0
1720000800000,2.356,2.414,2.295,2.392,16726659.0
1720004400000,2.392,2.405,2.346,2.385,8558053.0
1720008000000,2.386,2.386,2.314,2.327,8268161.0
1720011600000,2.327,2.559,2.305,2.509,34895622.0
1720015200000,2.51,2.539,2.459,2.462,15980860.0
1720018800000,2.463,2.523,2.442,2.482,12120586.0
1720022400000,2.483,2.539,2.461,2.463,10878379.0
1720026000000,2.465,2.469,2.401,2.409,7775286.0
1720029600000,2.41,2.425,2.38,2.401,4874943.0
1720033200000,2.401,2.402,2.351,2.362,5740742.0
1720036800000,2.362,2.398,2.354,2.361,5011854.0
1720040400000,2.362,2.398,2.326,2.386,4937648.0
1720044000000,2.386,2.386,2.337,2.342,2958109.0
1720047600000,2.343,2.345,2.283,2.287,6806077.0
1720051200000,2.288,2.299,2.226,2.23,8534961.0
1720054800000,2.23,2.231,2.14,2.183,24535291.0
1720058400000,2.184,2.231,2.145,2.226,12421030.0
1720062000000,2.227,2.268,2.225,2.259,5820766.0
1720065600000,2.26,2.348,2.249,2.34,13631916.0
1720069200000,2.341,2.386,2.331,2.363,9835585.0
1720072800000,2.364,2.392,2.328,2.365,12255170.0
1720076400000,2.365,2.397,2.327,2.388,9346610.0
1720080000000,2.388,2.388,2.297,2.345,12886990.0
1720083600000,2.345,2.383,2.312,2.367,8490936.0
1720087200000,2.368,2.377,2.33,2.361,5111784.0
1720090800000,2.361,2.361,2.281,2.306,9134954.0
1720094400000,2.305,2.317,2.23,2.236,9890192.0
1720098000000,2.236,2.287,2.201,2.25,13586347.0
1720101600000,2.249,2.262,2.21,2.251,9027735.0
1720105200000,2.25,2.301,2.22,2.284,6449290.0
1720108800000,2.285,2.286,2.176,2.239,10918157.0
1720112400000,2.238,2.255,2.2,2.234,4751288.0
1720116000000,2.233,2.236,2.164,2.182,6270565.0
1720119600000,2.182,2.212,2.16,2.169,3715059.0
1720123200000,2.169,2.198,2.148,2.196,3131474.0
1720126800000,2.196,2.21,2.179,2.198,1592236.0
1720130400000,2.197,2.199,2.112,2.12,6413834.0
1720134000000,2.121,2.127,2.064,2.093,10866737.0
1720137600000,2.094,2.094,1.879,1.963,38915611.0
1720141200000,1.964,1.977,1.86,1.93,14837245.0
1720144800000,1.93,1.93,1.749,1.79,27637229.0
1720148400000,1.79,1.846,1.742,1.809,29785800.0
1720152000000,1.808,1.892,1.772,1.871,16575308.0
1720155600000,1.872,1.919,1.866,1.877,8600191.0
1720159200000,1.876,1.881,1.817,1.834,8425280.0
1720162800000,1.833,1.853,1.814,1.834,4564489.0
1720166400000,1.834,1.835,1.773,1.78,7168051.0
1720170000000,1.78,1.848,1.777,1.842,7731868.0
1720173600000,1.842,1.887,1.831,1.862,7408325.0
1720177200000,1.862,1.921,1.86,1.894,6773891.0
1720180800000,1.894,1.894,1.843,1.848,10495127.0
1720184400000,1.848,1.884,1.828,1.858,7711539.0
1720188000000,1.857,1.867,1.816,1.844,6240128.0
1720191600000,1.843,1.883,1.834,1.855,7234373.0
1720195200000,1.856,1.943,1.841,1.871,15602234.0
1720198800000,1.871,1.912,1.845,1.896,5269806.0
1720202400000,1.896,1.922,1.866,1.913,4236169.0
1720206000000,1.913,1.95,1.876,1.878,9885015.0
1720209600000,1.877,1.889,1.867,1.88,2165199.0
1720213200000,1.881,1.883,1.846,1.849,2465198.0
1720216800000,1.849,1.872,1.823,1.829,3771953.0
1720220400000,1.829,1.845,1.812,1.828,2930060.0
1720224000000,1.827,1.891,1.813,1.827,9437550.0
1720227600000,1.827,1.83,1.786,1.81,8337673.0
1720231200000,1.81,1.832,1.758,1.82,7146315.0
1720234800000,1.819,1.835,1.805,1.821,2979376.0
1720238400000,1.82,1.841,1.81,1.815,3247360.0
1720242000000,1.815,1.836,1.8,1.815,2961537.0
1720245600000,1.814,1.834,1.808,1.818,4775479.0
1720249200000,1.818,1.852,1.815,1.833,4075103.0
1720252800000,1.832,1.872,1.824,1.838,5519031.0
1720256400000,1.839,1.852,1.812,1.846,3813304.0
1720260000000,1.845,1.897,1.834,1.884,5005240.0
1720263600000,1.884,1.93,1.881,1.915,6186828.0
1720267200000,1.915,1.931,1.893,1.921,4136024.0
1720270800000,1.921,1.948,1.899,1.905,5964676.0
1720274400000,1.906,1.918,1.878,1.894,4875675.0
1720278000000,1.895,1.926,1.893,1.904,4107932.0
1720281600000,1.904,1.982,1.886,1.956,8693454.0
1720285200000,1.956,1.963,1.928,1.948,3474846.0
1720288800000,1.949,1.975,1.942,1.95,2212619.0
1720292400000,1.951,1.976,1.947,1.966,1606513.0
1720296000000,1.966,1.994,1.962,1.991,2465953.0
1720299600000,1.991,2.028,1.979,2.025,4508788.0
1720303200000,2.024,2.04,2.001,2.019,2044484.0
1720306800000,2.018,2.022,1.992,2.006,1952177.0
1720310400000,2.006,2.007,1.959,1.959,3592303.0
1720314000000,1.96,1.969,1.918,1.948,6680156.0
1720317600000,1.947,2.005,1.944,1.99,4809905.0
1720321200000,1.99,1.994,1.955,1.977,2673336.0
1720324800000,1.977,1.983,1.91,1.923,4278836.0
1720328400000,1.923,1.946,1.91,1.944,2325306.0
1720332000000,1.944,1.955,1.921,1.924,1884678.0
1720335600000,1.925,1.937,1.881,1.903,5903743.0
1720339200000,1.903,1.914,1.887,1.907,2242477.0
1720342800000,1.906,1.927,1.892,1.924,2361565.0
1720346400000,1.923,1.951,1.909,1.924,3974918.0
1720350000000,1.924,1.962,1.922,1.947,2617650.0
1720353600000,1.946,1.952,1.918,1.933,2214910.0
1720357200000,1.933,1.934,1.858,1.865,6047918.0
1720360800000,1.866,1.887,1.836,1.876,5889755.0
1720364400000,1.877,1.958,1.873,1.945,7594382.0
1720368000000,1.946,1.986,1.935,1.97,5819995.0
1720371600000,1.97,1.984,1.949,1.97,2474496.0
1720375200000,1.971,1.997,1.955,1.976,2327846.0
1720378800000,1.976,1.997,1.971,1.982,1514320.0
1720382400000,1.982,1.994,1.961,1.969,1774908.0
1720386000000,1.969,1.97,1.906,1.919,3440190.0
1720389600000,1.919,1.932,1.877,1.884,3156117.0
1720393200000,1.884,1.918,1.866,1.878,4354601.0
1720396800000,1.878,1.904,1.801,1.811,11173575.0
1720400400000,1.81,1.831,1.781,1.826,8924561.0
1720404000000,1.826,1.861,1.807,1.848,5889589.0
1720407600000,1.848,1.86,1.82,1.834,2959373.0
1720411200000,1.834,1.868,1.818,1.862,4052350.0
1720414800000,1.861,1.873,1.832,1.855,2860556.0
1720418400000,1.854,1.88,1.846,1.858,8092492.0
1720422000000,1.857,1.86,1.817,1.843,3000134.0
1720425600000,1.843,1.938,1.837,1.93,8160707.0
1720429200000,1.931,1.961,1.911,1.92,5948555.0
1720432800000,1.92,1.943,1.892,1.897,3273706.0
1720436400000,1.898,1.943,1.896,1.927,2362638.0
1720440000000,1.926,1.934,1.905,1.913,2261464.0
1720443600000,1.913,1.919,1.865,1.886,4171759.0
1720447200000,1.887,1.896,1.798,1.872,12828218.0
1720450800000,1.873,1.889,1.837,1.84,3765814.0
1720454400000,1.841,1.853,1.809,1.827,3689480.0
1720458000000,1.826,1.842,1.806,1.831,2119029.0
1720461600000,1.83,1.847,1.809,1.834,2014407.0
1720465200000,1.834,1.852,1.822,1.836,1119518.0
1720468800000,1.836,1.845,1.808,1.812,1388762.0
1720472400000,1.812,1.851,1.794,1.844,2141395.0
1720476000000,1.845,1.86,1.831,1.834,951676.0
1720479600000,1.834,1.84,1.817,1.819,912956.0
1720483200000,1.819,1.834,1.798,1.824,3129214.0
1720486800000,1.825,1.876,1.818,1.831,4846067.0
1720490400000,1.832,1.866,1.811,1.861,2591147.0
1720494000000,1.862,1.868,1.836,1.857,2198953.0
1720497600000,1.858,1.873,1.848,1.869,2488894.0
1720501200000,1.868,1.909,1.851,1.898,4676579.0
1720504800000,1.898,1.93,1.886,1.913,2868380.0
1720508400000,1.914,1.928,1.884,1.905,2871654.0
1720512000000,1.904,1.921,1.891,1.895,3846071.0
1720515600000,1.895,1.897,1.876,1.876,2305753.0
1720519200000,1.877,1.886,1.858,1.864,2296621.0
1720522800000,1.865,1.867,1.83,1.834,5603574.0
1720526400000,1.834,1.842,1.812,1.828,4636941.0
1720530000000,1.828,1.859,1.822,1.834,5284503.0
1720533600000,1.834,1.889,1.826,1.85,8348764.0
1720537200000,1.85,1.858,1.828,1.854,3111555.0
1720540800000,1.853,1.897,1.847,1.889,5810239.0
1720544400000,1.89,1.895,1.848,1.854,2640486.0
1720548000000,1.853,1.885,1.842,1.88,2238320.0
1720551600000,1.879,1.897,1.87,1.88,2158813.0
1720555200000,1.88,1.914,1.872,1.889,1854261.0
1720558800000,1.889,1.909,1.872,1.9,1301652.0
1720562400000,1.901,1.923,1.876,1.899,1792576.0
1720566000000,1.899,1.928,1.891,1.922,1703959.0
1720569600000,1.923,1.931,1.885,1.89,2941126.0
1720573200000,1.891,1.925,1.877,1.91,4397756.0
1720576800000,1.909,1.916,1.878,1.912,2493063.0
1720580400000,1.912,1.923,1.899,1.911,2113496.0
1720584000000,1.911,1.947,1.906,1.932,5889838.0
1720587600000,1.931,1.946,1.912,1.919,3041777.0
1720591200000,1.918,1.949,1.903,1.939,2625053.0
1720594800000,1.94,1.945,1.904,1.92,3567716.0
1720598400000,1.92,1.922,1.897,1.907,2816810.0
1720602000000,1.906,1.906,1.88,1.897,3334073.0
1720605600000,1.897,1.907,1.886,1.901,1624856.0
1720609200000,1.9,1.902,1.862,1.878,3130853.0
1720612800000,1.877,1.886,1.842,1.872,4631156.0
1720616400000,1.871,2.079,1.868,1.936,35847825.0
1720620000000,1.937,2.025,1.921,2.01,10257344.0
1720623600000,2.01,2.056,1.984,2.038,11449309.0
1720627200000,2.039,2.057,1.981,1.999,8832701.0
1720630800000,1.999,2.005,1.951,1.966,4761365.0
1720634400000,1.967,1.977,1.954,1.958,2067708.0
1720638000000,1.958,1.961,1.943,1.95,1807275.0
1720641600000,1.951,1.957,1.938,1.943,1870855.0
1720645200000,1.941,1.944,1.908,1.928,3073880.0
1720648800000,1.929,1.964,1.922,1.957,1833887.0
1720652400000,1.958,1.968,1.94,1.953,2103468.0
1720656000000,1.952,1.959,1.924,1.949,2258587.0
1720659600000,1.949,1.98,1.927,1.97,3789978.0
1720663200000,1.969,2.005,1.957,1.972,4313464.0
1720666800000,1.973,1.983,1.928,1.967,6154414.0
1720670400000,1.967,1.983,1.958,1.968,2115810.0
1720674000000,1.968,1.978,1.941,1.966,2752331.0
1720677600000,1.966,1.986,1.954,1.977,2532405.0
1720681200000,1.978,1.982,1.955,1.967,2101910.0
1720684800000,1.966,1.969,1.943,1.953,2417103.0
1720688400000,1.953,1.969,1.933,1.951,3129288.0
1720692000000,1.952,1.959,1.931,1.946,2543375.0
1720695600000,1.946,1.953,1.929,1.943,2245329.0
1720699200000,1.942,1.974,1.926,1.941,9173612.0
1720702800000,1.941,1.955,1.927,1.935,3417538.0
1720706400000,1.935,1.944,1.892,1.936,8830970.0
1720710000000,1.936,1.948,1.897,1.915,5178032.0
1720713600000,1.914,1.916,1.886,1.907,3885770.0
1720717200000,1.907,1.907,1.883,1.898,2140007.0
1720720800000,1.897,1.902,1.877,1.882,2016896.0
1720724400000,1.882,1.884,1.837,1.85,5831951.0
1720728000000,1.85,1.85,1.809,1.822,4450191.0
1720731600000,1.822,1.823,1.76,1.788,5769258.0
1720735200000,1.788,1.8,1.766,1.789,4034920.0
1720738800000,1.79,1.795,1.765,1.793,4730754.0
1720742400000,1.792,1.812,1.784,1.792,5082984.0
1720746000000,1.792,1.809,1.771,1.8,6004494.0
1720749600000,1.8,1.831,1.788,1.823,3302614.0
1720753200000,1.822,1.832,1.806,1.81,3148746.0
1720756800000,1.809,1.813,1.786,1.801,3256000.0
1720760400000,1.802,1.817,1.791,1.805,2108509.0
1720764000000,1.805,1.819,1.798,1.815,2438789.0
1720767600000,1.814,1.817,1.779,1.792,3690471.0
1720771200000,1.791,1.799,1.774,1.795,3269966.0
1720774800000,1.794,1.795,1.725,1.757,7370480.0
1720778400000,1.756,1.761,1.734,1.743,5483625.0
1720782000000,1.742,1.755,1.726,1.749,4062017.0
1720785600000,1.749,1.752,1.731,1.748,4897220.0
1720789200000,1.747,1.798,1.744,1.791,6781057.0
1720792800000,1.792,1.797,1.772,1.783,3341694.0
1720796400000,1.783,1.825,1.781,1.811,4578111.0
1720800000000,1.811,1.817,1.792,1.799,3012216.0
1720803600000,1.799,1.812,1.786,1.792,1799044.0
1720807200000,1.793,1.812,1.782,1.807,1956416.0
1720810800000,1.808,1.814,1.784,1.786,1457667.0
1720814400000,1.787,1.79,1.764,1.783,2411713.0
1720818000000,1.782,1.786,1.775,1.777,702056.0
1720821600000,1.776,1.78,1.766,1.78,1357499.0
1720825200000,1.78,1.783,1.769,1.782,970979.0
1720828800000,1.782,1.804,1.781,1.798,2352562.0
1720832400000,1.798,1.813,1.792,1.801,2042364.0
1720836000000,1.801,1.81,1.787,1.807,1783342.0
1720839600000,1.808,1.819,1.803,1.803,1436402.0
1720843200000,1.804,1.812,1.789,1.79,1488772.0
1720846800000,1.79,1.823,1.786,1.816,3105012.0
1720850400000,1.817,1.829,1.807,1.812,2062945.0
1720854000000,1.813,1.819,1.805,1.81,1331892.0
1720857600000,1.809,1.815,1.795,1.798,1528916.0
1720861200000,1.799,1.822,1.798,1.82,2782151.0
1720864800000,1.82,1.838,1.803,1.819,3029053.0
1720868400000,1.818,1.824,1.813,1.816,1058423.0
1720872000000,1.817,1.832,1.81,1.83,1933861.0
1720875600000,1.83,1.832,1.801,1.803,2634743.0
1720879200000,1.803,1.818,1.784,1.808,3461808.0
1720882800000,1.808,1.825,1.798,1.819,2040383.0
1720886400000,1.818,1.827,1.798,1.8,2003506.0
1720890000000,1.8,1.801,1.781,1.788,2061372.0
1720893600000,1.788,1.792,1.769,1.777,1908693.0
1720897200000,1.777,1.809,1.777,1.805,1040433.0
1720900800000,1.805,1.822,1.797,1.811,2046007.0
1720904400000,1.81,1.811,1.785,1.798,1211159.0
1720908000000,1.798,1.838,1.779,1.832,3554248.0
1720911600000,1.832,1.872,1.819,1.824,7981251.0
1720915200000,1.824,1.836,1.807,1.825,2664079.0
1720918800000,1.825,1.853,1.819,1.845,2733432.0
1720922400000,1.845,1.852,1.816,1.823,2723942.0
1720926000000,1.824,1.832,1.815,1.819,1448747.0
1720929600000,1.82,1.843,1.814,1.835,2484138.0
1720933200000,1.836,1.865,1.824,1.852,4095803.0
1720936800000,1.853,1.857,1.818,1.821,3111058.0
1720940400000,1.822,1.841,1.818,1.835,1380287.0
1720944000000,1.835,1.855,1.834,1.848,1863261.0
1720947600000,1.848,1.862,1.842,1.852,1715279.0
1720951200000,1.851,1.852,1.829,1.832,1538479.0
1720954800000,1.832,1.838,1.827,1.833,1428549.0
1720958400000,1.834,1.834,1.798,1.806,3864600.0
1720962000000,1.807,1.816,1.8,1.813,1795285.0
1720965600000,1.813,1.85,1.809,1.843,3877019.0
1720969200000,1.844,1.849,1.832,1.842,1795376.0
1720972800000,1.843,1.843,1.823,1.833,1715671.0
1720976400000,1.834,1.834,1.816,1.819,1205703.0
1720980000000,1.818,1.822,1.812,1.817,948097.0
1720983600000,1.817,1.821,1.806,1.81,888687.0
1720987200000,1.811,1.825,1.807,1.82,978678.0
1720990800000,1.819,1.858,1.814,1.857,2371772.0
1720994400000,1.857,1.869,1.849,1.865,2900144.0
1720998000000,1.865,1.877,1.852,1.858,2141957.0
1721001600000,1.858,1.895,1.854,1.88,3985859.0
1721005200000,1.88,1.887,1.866,1.874,2864715.0
1721008800000,1.875,1.909,1.87,1.886,3899551.0
1721012400000,1.886,1.896,1.881,1.891,1907148.0
1721016000000,1.891,1.894,1.876,1.881,1703202.0
1721019600000,1.881,1.897,1.873,1.888,1703600.0
1721023200000,1.889,1.92,1.887,1.912,3000760.0
1721026800000,1.912,1.949,1.903,1.925,4630385.0
1721030400000,1.925,1.938,1.901,1.907,3726043.0
1721034000000,1.907,1.909,1.884,1.897,3388313.0
1721037600000,1.898,1.904,1.882,1.887,1770550.0
1721041200000,1.887,1.905,1.879,1.896,2004137.0
1721044800000,1.895,1.94,1.893,1.933,3481295.0
1721048400000,1.932,1.959,1.928,1.946,5433456.0
1721052000000,1.946,1.976,1.932,1.966,4879848.0
1721055600000,1.967,1.979,1.946,1.971,4090266.0
1721059200000,1.971,2.021,1.962,1.987,7789670.0
1721062800000,1.988,2.14,1.976,2.131,19235013.0
1721066400000,2.131,2.309,2.113,2.247,27637157.0
1721070000000,2.247,2.282,2.204,2.234,15205440.0
1721073600000,2.234,2.31,2.23,2.287,8329759.0
1721077200000,2.287,2.307,2.247,2.254,5662084.0
1721080800000,2.255,2.376,2.255,2.335,7397545.0
1721084400000,2.336,2.353,2.312,2.335,4342859.0
1721088000000,2.335,2.386,2.302,2.316,8300974.0
1721091600000,2.316,2.349,2.293,2.326,5002071.0
1721095200000,2.326,2.329,2.271,2.322,6613267.0
1721098800000,2.322,2.323,2.293,2.305,2405922.0
1721102400000,2.304,2.31,2.255,2.274,4706688.0
1721106000000,2.274,2.285,2.188,2.203,12060139.0
1721109600000,2.203,2.225,2.148,2.16,10047520.0
1721113200000,2.159,2.188,2.138,2.145,8190169.0
1721116800000,2.145,2.164,2.101,2.148,10562064.0
1721120400000,2.147,2.189,2.126,2.173,6481214.0
1721124000000,2.172,2.238,2.161,2.211,7704821.0
1721127600000,2.211,2.239,2.189,2.224,4795819.0
1721131200000,2.224,2.226,2.145,2.153,8014906.0
1721134800000,2.153,2.471,2.152,2.419,74769432.0
1721138400000,2.419,2.448,2.275,2.356,31318353.0
1721142000000,2.355,2.645,2.336,2.618,37466509.0
1721145600000,2.619,2.774,2.602,2.653,46070045.0
1721149200000,2.653,2.877,2.637,2.825,22197125.0
1721152800000,2.826,2.868,2.756,2.781,14456706.0
1721156400000,2.781,2.814,2.717,2.793,8680630.0
1721160000000,2.794,2.814,2.742,2.788,5277006.0
1721163600000,2.789,2.812,2.758,2.767,3830032.0
1721167200000,2.768,2.769,2.675,2.731,6641066.0
1721170800000,2.732,2.87,2.73,2.818,9545918.0
1721174400000,2.818,2.846,2.767,2.801,9718181.0
1721178000000,2.802,2.883,2.796,2.829,12129822.0
1721181600000,2.828,2.864,2.76,2.779,7544108.0
1721185200000,2.779,2.854,2.734,2.83,10444821.0
1721188800000,2.83,2.92,2.8,2.872,13590466.0
1721192400000,2.872,2.929,2.814,2.914,11570745.0
1721196000000,2.914,2.928,2.831,2.901,11701637.0
1721199600000,2.901,2.942,2.851,2.923,10492157.0
1721203200000,2.922,3.029,2.84,3.002,27237716.0
1721206800000,3.002,3.118,2.94,3.074,30201171.0
1721210400000,3.073,3.255,3.032,3.194,29261623.0
1721214000000,3.194,3.2,2.987,3.044,30233672.0
1721217600000,3.044,3.122,2.975,3.02,22953681.0
1721221200000,3.019,3.062,2.903,3.05,25363248.0
1721224800000,3.05,3.097,2.923,2.992,20662755.0
1721228400000,2.993,3.088,2.973,3.0,16189712.0
1721232000000,3.001,3.045,2.932,2.995,21328200.0
1721235600000,2.994,3.132,2.986,3.122,14515278.0
1721239200000,3.122,3.141,3.052,3.074,11915977.0
1721242800000,3.074,3.1,3.041,3.049,4091956.0
1721246400000,3.048,3.091,3.02,3.047,4229223.0
1721250000000,3.047,3.049,2.985,2.988,4381670.0
1721253600000,2.988,3.005,2.947,2.975,5404081.0
1721257200000,2.975,3.005,2.93,2.95,4980863.0
1721260800000,2.949,2.99,2.94,2.959,5474881.0
1721264400000,2.959,2.973,2.857,2.918,11212061.0
1721268000000,2.918,2.93,2.841,2.869,9176632.0
1721271600000,2.87,2.893,2.846,2.864,5238793.0
1721275200000,2.863,2.869,2.784,2.805,9965941.0
1721278800000,2.805,2.836,2.775,2.811,7809352.0
1721282400000,2.81,2.875,2.784,2.858,8669870.0
1721286000000,2.858,2.868,2.816,2.822,6091645.0
1721289600000,2.823,2.851,2.789,2.841,7820299.0
1721293200000,2.841,2.865,2.83,2.855,4165264.0
1721296800000,2.856,2.932,2.81,2.925,10004710.0
1721300400000,2.926,2.928,2.872,2.89,6773284.0
1721304000000,2.89,2.94,2.873,2.919,6215673.0
1721307600000,2.92,2.921,2.837,2.857,8217146.0
1721311200000,2.858,2.919,2.85,2.881,10198470.0
1721314800000,2.88,2.912,2.783,2.809,15275054.0
1721318400000,2.809,2.812,2.671,2.716,20289889.0
1721322000000,2.715,2.715,2.633,2.651,9589258.0
1721325600000,2.651,2.674,2.622,2.659,5825201.0
1721329200000,2.658,2.669,2.615,2.651,5166265.0
1721332800000,2.652,2.656,2.611,2.63,3685236.0
1721336400000,2.631,2.637,2.572,2.596,5556405.0
1721340000000,2.596,2.638,2.565,2.621,4323141.0
1721343600000,2.622,2.667,2.616,2.651,3680222.0
1721347200000,2.651,2.659,2.582,2.593,7253518.0
1721350800000,2.593,2.607,2.523,2.593,12122565.0
1721354400000,2.592,2.616,2.561,2.567,5220825.0
1721358000000,2.568,2.652,2.561,2.642,8091025.0
1721361600000,2.641,2.656,2.613,2.622,4392882.0
1721365200000,2.622,2.63,2.585,2.594,5246571.0
1721368800000,2.594,2.661,2.591,2.614,7134124.0
1721372400000,2.614,2.617,2.563,2.58,7038855.0
1721376000000,2.579,2.601,2.547,2.591,7116438.0
1721379600000,2.592,2.616,2.568,2.571,5132284.0
1721383200000,2.571,2.627,2.569,2.607,4550676.0
1721386800000,2.606,2.617,2.583,2.607,2829595.0
1721390400000,2.607,2.608,2.56,2.599,5400223.0
1721394000000,2.598,2.62,2.563,2.611,7379306.0
1721397600000,2.61,2.697,2.593,2.651,17197621.0
1721401200000,2.651,2.809,2.638,2.752,22977898.0
1721404800000,2.751,2.923,2.728,2.843,29302076.0
1721408400000,2.843,2.852,2.786,2.83,10535397.0
1721412000000,2.831,2.841,2.768,2.786,6701245.0
1721415600000,2.787,2.806,2.735,2.777,7406872.0
1721419200000,2.778,2.782,2.742,2.747,3539588.0
1721422800000,2.747,2.812,2.745,2.779,3418123.0
1721426400000,2.779,2.863,2.772,2.804,6336704.0
1721430000000,2.805,2.806,2.761,2.77,3360419.0
1721433600000,2.77,2.81,2.712,2.727,7413944.0
1721437200000,2.727,2.761,2.713,2.736,4186344.0
1721440800000,2.736,2.756,2.711,2.723,3883525.0
1721444400000,2.723,2.787,2.721,2.779,5123369.0
1721448000000,2.779,2.791,2.758,2.782,3021170.0
1721451600000,2.781,2.795,2.746,2.783,3558507.0
1721455200000,2.783,2.784,2.738,2.749,3319244.0
1721458800000,2.749,2.769,2.733,2.736,4260305.0
1721462400000,2.737,2.742,2.682,2.688,8172798.0
1721466000000,2.688,2.702,2.651,2.693,5936586.0
1721469600000,2.692,2.71,2.621,2.647,7653777.0
1721473200000,2.646,2.651,2.583,2.601,6884148.0
1721476800000,2.601,2.624,2.579,2.588,5107055.0
1721480400000,2.588,2.601,2.543,2.582,8644158.0
1721484000000,2.582,2.635,2.567,2.616,7068086.0
1721487600000,2.616,2.66,2.615,2.652,4436290.0
1721491200000,2.652,2.675,2.635,2.64,5115380.0
1721494800000,2.64,2.692,2.623,2.673,7320464.0
1721498400000,2.673,2.683,2.644,2.667,3264729.0
1721502000000,2.668,2.677,2.635,2.638,2209974.0
1721505600000,2.637,2.647,2.606,2.619,2262264.0
1721509200000,2.619,2.62,2.586,2.61,2494301.0
1721512800000,2.611,2.616,2.58,2.6,1728795.0
1721516400000,2.601,2.648,2.597,2.643,2057574.0
1721520000000,2.643,2.65,2.609,2.617,2608639.0
1721523600000,2.617,2.668,2.609,2.638,2428405.0
1721527200000,2.637,2.662,2.627,2.629,1809935.0
1721530800000,2.629,2.66,2.622,2.639,1864059.0
1721534400000,2.639,2.652,2.601,2.613,3055425.0
1721538000000,2.613,2.624,2.587,2.607,3419227.0
1721541600000,2.607,2.609,2.557,2.562,4450685.0
1721545200000,2.563,2.563,2.451,2.502,13203957.0
1721548800000,2.502,2.54,2.497,2.534,4187111.0
1721552400000,2.534,2.565,2.528,2.55,2658842.0
1721556000000,2.55,2.56,2.522,2.523,2945522.0
1721559600000,2.523,2.538,2.503,2.533,3936159.0
1721563200000,2.534,2.538,2.507,2.523,2262369.0
1721566800000,2.522,2.55,2.496,2.517,3879687.0
1721570400000,2.516,2.556,2.494,2.536,4536131.0
1721574000000,2.537,2.552,2.504,2.512,4203782.0
1721577600000,2.512,2.527,2.465,2.521,7930702.0
1721581200000,2.522,2.534,2.419,2.445,9227240.0
1721584800000,2.444,2.472,2.367,2.448,15181122.0
1721588400000,2.448,2.487,2.431,2.473,3950498.0
1721592000000,2.473,2.545,2.463,2.522,5083193.0
1721595600000,2.523,2.552,2.515,2.548,2450192.0
1721599200000,2.547,2.556,2.531,2.535,2090684.0
1721602800000,2.535,2.579,2.533,2.572,3141184.0
1721606400000,2.572,2.635,2.556,2.585,6852793.0
1721610000000,2.584,2.591,2.526,2.54,5637310.0
1721613600000,2.539,2.553,2.526,2.544,2611646.0
1721617200000,2.544,2.545,2.487,2.493,4913432.0
1721620800000,2.494,2.528,2.484,2.523,2905504.0
1721624400000,2.522,2.527,2.453,2.472,5782093.0
1721628000000,2.473,2.485,2.441,2.482,4909814.0
1721631600000,2.482,2.482,2.427,2.445,4662234.0
1721635200000,2.444,2.455,2.413,2.428,4948506.0
1721638800000,2.428,2.447,2.417,2.432,4302017.0
1721642400000,2.431,2.451,2.418,2.449,3418478.0
1721646000000,2.45,2.476,2.436,2.468,4048706.0
1721649600000,2.467,2.479,2.447,2.462,2955608.0
1721653200000,2.462,2.476,2.394,2.408,8676485.0
1721656800000,2.408,2.441,2.395,2.411,7319444.0
1721660400000,2.411,2.432,2.402,2.407,3464629.0
1721664000000,2.407,2.419,2.357,2.382,8253193.0
1721667600000,2.382,2.409,2.372,2.401,2257475.0
1721671200000,2.4,2.408,2.359,2.37,2903733.0
1721674800000,2.371,2.392,2.343,2.389,3080325.0
1721678400000,2.389,2.391,2.358,2.368,1925159.0
1721682000000,2.367,2.368,2.311,2.338,4978692.0
1721685600000,2.339,2.339,2.289,2.298,4648297.0
1721689200000,2.299,2.3,2.256,2.27,5996930.0
1721692800000,2.269,2.318,2.263,2.306,3835727.0
1721696400000,2.307,2.354,2.306,2.344,4899158.0
1721700000000,2.344,2.363,2.334,2.35,3175502.0
1721703600000,2.351,2.368,2.338,2.358,2749968.0
1721707200000,2.358,2.36,2.297,2.309,5417952.0
1721710800000,2.309,2.32,2.258,2.289,6831967.0
1721714400000,2.289,2.3,2.259,2.289,4344302.0
1721718000000,2.289,2.297,2.272,2.285,2400470.0
1721721600000,2.286,2.365,2.283,2.353,7018318.0
1721725200000,2.353,2.378,2.349,2.362,3811541.0
1721728800000,2.362,2.366,2.326,2.336,4985779.0
1721732400000,2.336,2.346,2.303,2.327,4410187.0
1721736000000,2.327,2.342,2.308,2.331,3089399.0
1721739600000,2.331,2.332,2.225,2.24,16782740.0
1721743200000,2.241,2.306,2.221,2.284,8475101.0
1721746800000,2.285,2.286,2.235,2.241,6516834.0
1721750400000,2.241,2.261,2.148,2.155,13367168.0
1721754000000,2.156,2.19,2.15,2.185,6699351.0
1721757600000,2.185,2.2,2.166,2.168,2319874.0
1721761200000,2.169,2.21,2.166,2.206,2274437.0
1721764800000,2.205,2.219,2.193,2.198,2533756.0
1721768400000,2.197,2.215,2.171,2.176,2066619.0
1721772000000,2.176,2.198,2.156,2.185,2657052.0
1721775600000,2.186,2.196,2.172,2.179,2052229.0
1721779200000,2.178,2.193,2.157,2.161,3203830.0
1721782800000,2.161,2.216,2.161,2.179,4359027.0
1721786400000,2.179,2.213,2.174,2.21,2344794.0
1721790000000,2.209,2.223,2.2,2.215,2261553.0
1721793600000,2.216,2.219,2.182,2.192,2458429.0
1721797200000,2.193,2.205,2.173,2.197,2665050.0
1721800800000,2.197,2.21,2.187,2.194,1879856.0
1721804400000,2.194,2.213,2.188,2.206,1822134.0
1721808000000,2.205,2.237,2.191,2.231,4605375.0
1721811600000,2.231,2.233,2.204,2.22,2395909.0
1721815200000,2.221,2.233,2.196,2.203,2903782.0
1721818800000,2.203,2.209,2.189,2.196,1856558.0
1721822400000,2.197,2.223,2.191,2.196,2005583.0
1721826000000,2.197,2.251,2.194,2.226,6379917.0
1721829600000,2.225,2.352,2.218,2.318,14987146.0
1721833200000,2.317,2.329,2.23,2.247,10254577.0
1721836800000,2.248,2.291,2.221,2.275,8591733.0
1721840400000,2.275,2.31,2.271,2.289,4295120.0
1721844000000,2.289,2.292,2.226,2.245,5935096.0
1721847600000,2.245,2.254,2.201,2.215,4183764.0
1721851200000,2.215,2.233,2.212,2.23,1387903.0
1721854800000,2.231,2.233,2.137,2.193,8648301.0
1721858400000,2.193,2.209,2.172,2.2,2993646.0
1721862000000,2.2,2.216,2.161,2.208,3571614.0
1721865600000,2.207,2.216,2.181,2.197,3531073.0
1721869200000,2.197,2.198,2.07,2.153,19771166.0
1721872800000,2.152,2.195,2.139,2.187,7904435.0
1721876400000,2.187,2.219,2.17,2.208,5565054.0
1721880000000,2.208,2.245,2.171,2.221,6070162.0
1721883600000,2.222,2.227,2.174,2.183,4473799.0
1721887200000,2.182,2.189,2.154,2.176,4364505.0
1721890800000,2.176,2.181,2.158,2.166,2547823.0
1721894400000,2.166,2.213,2.159,2.207,3965486.0
1721898000000,2.206,2.21,2.175,2.179,3606329.0
1721901600000,2.179,2.186,2.132,2.158,4760855.0
1721905200000,2.157,2.173,2.137,2.141,2660550.0
1721908800000,2.141,2.155,2.094,2.11,6758099.0
1721912400000,2.111,2.151,2.094,2.141,5326819.0
1721916000000,2.14,2.181,2.104,2.162,7763593.0
1721919600000,2.163,2.169,2.142,2.15,3270768.0
1721923200000,2.15,2.171,2.119,2.149,4721908.0
1721926800000,2.15,2.154,2.109,2.12,2482545.0
1721930400000,2.12,2.128,2.037,2.048,7524132.0
1721934000000,2.048,2.068,2.018,2.047,5412126.0
1721937600000,2.047,2.068,2.006,2.067,4327745.0
1721941200000,2.067,2.121,2.065,2.115,3455749.0
1721944800000,2.115,2.128,2.091,2.115,2354818.0
1721948400000,2.115,2.12,2.104,2.117,1402667.0
1721952000000,2.117,2.151,2.109,2.142,3508703.0
1721955600000,2.141,2.166,2.129,2.157,3379386.0
1721959200000,2.157,2.203,2.15,2.197,4298772.0
1721962800000,2.197,2.206,2.181,2.193,3662269.0
1721966400000,2.193,2.209,2.185,2.209,2108250.0
1721970000000,2.209,2.215,2.189,2.206,2604275.0
1721973600000,2.205,2.349,2.197,2.33,14492144.0
1721977200000,2.33,2.368,2.316,2.338,7945684.0
1721980800000,2.339,2.442,2.337,2.435,11749033.0
1721984400000,2.434,2.458,2.41,2.414,10610678.0
1721988000000,2.415,2.42,2.348,2.388,11644096.0
1721991600000,2.388,2.398,2.346,2.35,6904410.0
1721995200000,2.35,2.374,2.321,2.331,7423222.0
1721998800000,2.331,2.354,2.293,2.342,12021662.0
1722002400000,2.341,2.356,2.257,2.29,12222970.0
1722006000000,2.29,2.34,2.274,2.309,6887946.0
1722009600000,2.309,2.37,2.296,2.338,9464103.0
1722013200000,2.338,2.346,2.311,2.319,3968336.0
1722016800000,2.319,2.34,2.308,2.314,3523164.0
1722020400000,2.314,2.33,2.301,2.311,2268764.0
1722024000000,2.31,2.321,2.291,2.296,2049777.0
1722027600000,2.295,2.333,2.282,2.316,2187038.0
1722031200000,2.316,2.363,2.312,2.363,3150118.0
1722034800000,2.362,2.365,2.34,2.36,2154411.0
1722038400000,2.36,2.374,2.331,2.357,4216324.0
1722042000000,2.357,2.357,2.319,2.326,3030588.0
1722045600000,2.325,2.364,2.319,2.351,2713180.0
1722049200000,2.351,2.363,2.323,2.337,2649087.0
1722052800000,2.336,2.342,2.312,2.317,1812664.0
1722056400000,2.318,2.343,2.314,2.323,1995080.0
1722060000000,2.322,2.361,2.32,2.359,2028529.0
1722063600000,2.359,2.41,2.352,2.403,5724238.0
1722067200000,2.402,2.418,2.355,2.379,5867152.0
1722070800000,2.38,2.412,2.363,2.395,2939249.0
1722074400000,2.396,2.411,2.377,2.398,3781407.0
1722078000000,2.397,2.402,2.367,2.388,2606348.0
1722081600000,2.389,2.41,2.381,2.407,3251923.0
1722085200000,2.408,2.476,2.4,2.429,9791167.0
1722088800000,2.428,2.444,2.363,2.381,8289797.0
1722092400000,2.38,2.385,2.334,2.366,8601585.0
1722096000000,2.367,2.457,2.361,2.383,13806827.0
1722099600000,2.383,2.411,2.363,2.371,4523230.0
1722103200000,2.371,2.396,2.338,2.344,4071623.0
1722106800000,2.344,2.36,2.311,2.358,5150258.0
1722110400000,2.358,2.377,2.296,2.34,9116828.0
1722114000000,2.34,2.418,2.322,2.388,6388492.0
1722117600000,2.388,2.392,2.366,2.367,1964400.0
1722121200000,2.368,2.369,2.327,2.33,2254122.0
1722124800000,2.329,2.334,2.298,2.324,4305615.0
1722128400000,2.325,2.35,2.318,2.335,1943700.0
1722132000000,2.334,2.337,2.306,2.316,1611064.0
1722135600000,2.315,2.319,2.293,2.299,2425860.0
1722139200000,2.299,2.305,2.259,2.263,5410987.0
1722142800000,2.264,2.276,2.242,2.271,4279408.0
1722146400000,2.271,2.282,2.265,2.27,1524721.0
1722150000000,2.27,2.292,2.256,2.288,2063595.0
1722153600000,2.288,2.31,2.272,2.304,2246376.0
1722157200000,2.304,2.347,2.302,2.335,4795006.0
1722160800000,2.335,2.378,2.326,2.375,5293231.0
1722164400000,2.375,2.39,2.353,2.369,4607441.0
1722168000000,2.37,2.378,2.341,2.349,4016596.0
1722171600000,2.348,2.399,2.348,2.381,5960729.0
1722175200000,2.381,2.385,2.331,2.34,5308063.0
1722178800000,2.339,2.374,2.323,2.358,3482387.0
1722182400000,2.359,2.365,2.336,2.344,2405636.0
1722186000000,2.345,2.353,2.326,2.346,1789201.0
1722189600000,2.347,2.377,2.337,2.349,3190998.0
1722193200000,2.349,2.358,2.339,2.348,1876813.0
1722196800000,2.348,2.356,2.333,2.337,894715.0
1722200400000,2.338,2.353,2.322,2.352,1267816.0
1722204000000,2.352,2.355,2.306,2.322,2981370.0
1722207600000,2.322,2.351,2.316,2.347,1711629.0
1722211200000,2.347,2.372,2.328,2.353,4958380.0
1722214800000,2.353,2.382,2.338,2.347,3073726.0
1722218400000,2.347,2.398,2.33,2.392,4524933.0
1722222000000,2.391,2.422,2.375,2.391,4989885.0
1722225600000,2.391,2.426,2.379,2.424,3256097.0
1722229200000,2.424,2.437,2.397,2.41,3111205.0
1722232800000,2.41,2.419,2.379,2.385,3422995.0
1722236400000,2.385,2.396,2.366,2.374,2960297.0
1722240000000,2.375,2.388,2.354,2.359,3025660.0
1722243600000,2.359,2.376,2.355,2.369,2234076.0
1722247200000,2.369,2.382,2.362,2.368,1911469.0
1722250800000,2.368,2.386,2.358,2.373,1908196.0
1722254400000,2.373,2.382,2.359,2.38,2473062.0
1722258000000,2.38,2.405,2.333,2.34,6730140.0
1722261600000,2.34,2.346,2.314,2.334,6094250.0
1722265200000,2.333,2.35,2.278,2.299,8666747.0
1722268800000,2.299,2.299,2.257,2.272,6979408.0
1722272400000,2.272,2.316,2.265,2.309,4429760.0
1722276000000,2.309,2.327,2.301,2.316,2534688.0
1722279600000,2.316,2.316,2.298,2.307,1070728.0
1722283200000,2.306,2.326,2.302,2.312,724411.0
1722286800000,2.311,2.312,2.282,2.296,1265717.0
1722290400000,2.296,2.315,2.282,2.284,1014456.0
1722294000000,2.284,2.301,2.276,2.281,1416949.0
1722297600000,2.281,2.3,2.245,2.298,4467748.0
1722301200000,2.297,2.317,2.268,2.272,2731865.0
1722304800000,2.272,2.284,2.251,2.279,2646827.0
1722308400000,2.279,2.298,2.276,2.291,1451052.0
1722312000000,2.291,2.3,2.287,2.297,976353.0
1722315600000,2.298,2.307,2.284,2.29,1521562.0
1722319200000,2.289,2.312,2.282,2.303,1873385.0
1722322800000,2.303,2.312,2.293,2.298,1603775.0
1722326400000,2.299,2.301,2.277,2.28,1556874.0
1722330000000,2.28,2.288,2.268,2.277,1592884.0
1722333600000,2.276,2.29,2.272,2.279,1152571.0
1722337200000,2.279,2.293,2.277,2.289,839280.0
1722340800000,2.288,2.294,2.256,2.286,2392245.0
1722344400000,2.287,2.301,2.259,2.266,2050813.0
1722348000000,2.265,2.266,2.225,2.243,5483151.0
1722351600000,2.242,2.275,2.23,2.273,2561626.0
1722355200000,2.272,2.278,2.251,2.251,1420055.0
1722358800000,2.251,2.252,2.201,2.206,3513627.0
1722362400000,2.205,2.217,2.18,2.193,4250160.0
1722366000000,2.192,2.193,2.156,2.174,3537133.0
1722369600000,2.174,2.18,2.133,2.175,3735439.0
1722373200000,2.175,2.179,2.151,2.175,1108572.0
1722376800000,2.175,2.185,2.166,2.182,926668.0
1722380400000,2.181,2.201,2.174,2.191,1381937.0
1722384000000,2.191,2.204,2.171,2.198,1853106.0
1722387600000,2.198,2.203,2.174,2.196,1324925.0
1722391200000,2.195,2.205,2.183,2.185,1813198.0
1722394800000,2.185,2.195,2.178,2.184,960042.0
1722398400000,2.185,2.187,2.162,2.178,1927079.0
1722402000000,2.178,2.211,2.165,2.203,1986410.0
1722405600000,2.203,2.229,2.201,2.221,2389500.0
1722409200000,2.222,2.229,2.211,2.212,1386400.0
1722412800000,2.212,2.227,2.202,2.217,1584394.0
1722416400000,2.216,2.221,2.205,2.212,1230711.0
1722420000000,2.211,2.214,2.186,2.193,2248639.0
1722423600000,2.193,2.208,2.191,2.203,1038984.0
1722427200000,2.203,2.223,2.201,2.207,1327155.0
1722430800000,2.208,2.24,2.207,2.222,2180226.0
1722434400000,2.222,2.232,2.196,2.209,2644846.0
1722438000000,2.208,2.221,2.198,2.201,1122688.0
1722441600000,2.201,2.213,2.166,2.176,3989065.0
1722445200000,2.175,2.198,2.168,2.184,1997973.0
1722448800000,2.183,2.21,2.156,2.209,3422215.0
1722452400000,2.21,2.224,2.145,2.162,4617718.0
1722456000000,2.162,2.162,2.103,2.116,5122820.0
1722459600000,2.116,2.133,2.105,2.128,1878883.0
1722463200000,2.128,2.129,2.093,2.116,2291202.0
1722466800000,2.116,2.118,2.098,2.106,1118985.0
1722470400000,2.106,2.141,2.102,2.137,2550747.0
1722474000000,2.136,2.146,2.113,2.128,1826365.0
1722477600000,2.127,2.132,2.102,2.12,2101516.0
1722481200000,2.12,2.135,2.104,2.118,1901872.0
1722484800000,2.119,2.135,2.057,2.075,5612576.0
1722488400000,2.076,2.132,2.065,2.132,3686424.0
1722492000000,2.132,2.139,2.113,2.118,1901154.0
1722495600000,2.118,2.134,2.112,2.112,1661417.0
1722499200000,2.112,2.129,2.111,2.128,1094327.0
1722502800000,2.127,2.136,2.117,2.117,1064768.0
1722506400000,2.117,2.121,2.103,2.118,1349710.0
1722510000000,2.118,2.119,2.092,2.109,1733587.0
1722513600000,2.109,2.135,2.106,2.118,1686534.0
1722517200000,2.118,2.121,2.096,2.106,1912685.0
1722520800000,2.105,2.11,2.02,2.022,6913842.0
1722524400000,2.022,2.037,1.997,2.021,8943784.0
1722528000000,2.021,2.022,1.937,1.979,12374965.0
1722531600000,1.979,1.981,1.956,1.975,4091715.0
1722535200000,1.974,1.975,1.9,1.937,10389747.0
1722538800000,1.937,1.974,1.935,1.972,1690564.0
1722542400000,1.972,2.018,1.956,2.011,3516479.0
1722546000000,2.01,2.062,2.004,2.04,2409189.0
1722549600000,2.041,2.092,2.035,2.081,2596766.0
1722553200000,2.08,2.09,2.058,2.08,2152683.0
1722556800000,2.079,2.107,2.079,2.08,2364883.0
1722560400000,2.08,2.082,2.055,2.057,1899615.0
1722564000000,2.058,2.062,2.012,2.032,3422343.0
1722567600000,2.033,2.06,2.023,2.048,2049431.0
1722571200000,2.047,2.054,2.03,2.041,1259696.0
1722574800000,2.04,2.04,1.998,2.001,2363734.0
1722578400000,2.002,2.013,1.962,2.001,4857286.0
1722582000000,2.001,2.007,1.979,1.999,1956766.0
1722585600000,1.999,2.008,1.974,2.008,2228229.0
1722589200000,2.008,2.04,2.003,2.028,2903657.0
1722592800000,2.027,2.048,2.012,2.045,1832896.0
1722596400000,2.045,2.068,2.041,2.06,3320784.0
1722600000000,2.06,2.078,2.026,2.055,5191109.0
1722603600000,2.055,2.095,2.024,2.06,4144019.0
1722607200000,2.06,2.069,1.96,1.972,8224740.0
1722610800000,1.972,1.978,1.895,1.956,12760189.0
1722614400000,1.957,1.971,1.919,1.939,3525534.0
1722618000000,1.938,1.953,1.906,1.916,2277784.0
1722621600000,1.915,1.923,1.889,1.911,3357892.0
1722625200000,1.911,1.917,1.872,1.912,3082158.0
1722628800000,1.912,1.935,1.895,1.927,3225868.0
1722632400000,1.926,1.929,1.883,1.908,2835147.0
1722636000000,1.908,1.913,1.886,1.902,1721154.0
1722639600000,1.902,1.913,1.886,1.897,1491886.0
1722643200000,1.897,1.911,1.843,1.857,5252600.0
1722646800000,1.857,1.879,1.805,1.866,8322423.0
1722650400000,1.867,1.876,1.844,1.854,2642603.0
1722654000000,1.855,1.877,1.847,1.872,2893760.0
1722657600000,1.872,1.882,1.861,1.872,1834416.0
1722661200000,1.873,1.889,1.871,1.881,1718625.0
1722664800000,1.88,1.894,1.875,1.889,1440189.0
1722668400000,1.889,1.901,1.879,1.88,1695482.0
1722672000000,1.879,1.886,1.866,1.881,1760355.0
1722675600000,1.882,1.893,1.872,1.891,1305310.0
1722679200000,1.891,1.907,1.883,1.906,1415660.0
1722682800000,1.905,1.91,1.892,1.9,1542556.0
1722686400000,1.9,1.917,1.895,1.902,2166945.0
1722690000000,1.902,1.904,1.881,1.898,1719321.0
1722693600000,1.898,1.911,1.882,1.883,1680758.0
1722697200000,1.884,1.89,1.788,1.795,9809694.0
1722700800000,1.795,1.811,1.754,1.778,12726965.0
1722704400000,1.778,1.78,1.73,1.745,8142399.0
1722708000000,1.745,1.749,1.705,1.719,6531032.0
1722711600000,1.719,1.739,1.704,1.708,3937552.0
1722715200000,1.709,1.738,1.691,1.713,5190610.0
1722718800000,1.713,1.747,1.707,1.74,2372642.0
1722722400000,1.741,1.746,1.728,1.74,1480838.0
1722726000000,1.74,1.756,1.733,1.742,2197106.0
1722729600000,1.743,1.772,1.738,1.77,2000474.0
1722733200000,1.769,1.774,1.736,1.746,1984779.0
1722736800000,1.746,1.778,1.739,1.745,2288416.0
1722740400000,1.745,1.747,1.732,1.74,1519575.0
1722744000000,1.741,1.754,1.724,1.73,2418670.0
1722747600000,1.73,1.754,1.728,1.744,1858370.0
1722751200000,1.743,1.751,1.731,1.746,1364737.0
1722754800000,1.746,1.754,1.725,1.733,1589125.0
1722758400000,1.733,1.756,1.719,1.746,2493155.0
1722762000000,1.747,1.756,1.738,1.74,1291140.0
1722765600000,1.739,1.749,1.73,1.745,1214299.0
1722769200000,1.745,1.757,1.74,1.753,1693902.0
1722772800000,1.752,1.778,1.751,1.773,1696469.0
1722776400000,1.773,1.775,1.757,1.757,1161785.0
1722780000000,1.758,1.763,1.67,1.674,9748795.0
1722783600000,1.674,1.675,1.624,1.629,9177120.0
1722787200000,1.63,1.635,1.576,1.585,11483743.0
1722790800000,1.584,1.61,1.552,1.59,14085873.0
1722794400000,1.59,1.633,1.58,1.628,5111123.0
1722798000000,1.628,1.686,1.615,1.674,5376395.0
1722801600000,1.673,1.698,1.665,1.685,2620706.0
1722805200000,1.685,1.686,1.663,1.671,1500689.0
1722808800000,1.671,1.691,1.663,1.672,2085539.0
1722812400000,1.672,1.672,1.633,1.64,2935228.0
1722816000000,1.64,1.661,1.571,1.591,14143798.0
1722819600000,1.59,1.597,1.381,1.495,81532295.0
1722823200000,1.495,1.505,1.448,1.504,14485372.0
1722826800000,1.503,1.505,1.465,1.469,7337723.0
1722830400000,1.469,1.495,1.466,1.484,5363856.0
1722834000000,1.485,1.5,1.425,1.464,15617108.0
1722837600000,1.464,1.472,1.34,1.424,48098939.0
1722841200000,1.424,1.528,1.415,1.509,14010237.0
1722844800000,1.509,1.517,1.473,1.49,5798728.0
1722848400000,1.49,1.504,1.458,1.487,4833508.0
1722852000000,1.486,1.487,1.426,1.44,7755649.0
1722855600000,1.439,1.451,1.385,1.444,11259758.0
1722859200000,1.444,1.472,1.411,1.435,12963411.0
1722862800000,1.435,1.58,1.424,1.563,23804391.0
1722866400000,1.563,1.615,1.561,1.593,17837763.0
1722870000000,1.594,1.678,1.575,1.652,12071886.0
1722873600000,1.652,1.679,1.618,1.623,9805385.0
1722877200000,1.624,1.666,1.621,1.637,6610628.0
1722880800000,1.638,1.64,1.572,1.576,6099017.0
1722884400000,1.576,1.618,1.574,1.604,5295075.0
1722888000000,1.604,1.627,1.594,1.604,2577231.0
1722891600000,1.604,1.631,1.588,1.594,2567649.0
1722895200000,1.594,1.622,1.586,1.609,2120874.0
1722898800000,1.61,1.624,1.576,1.578,2795717.0
1722902400000,1.578,1.674,1.571,1.667,8293514.0
1722906000000,1.667,1.687,1.641,1.667,6853512.0
1722909600000,1.667,1.709,1.66,1.693,5239319.0
1722913200000,1.693,1.701,1.679,1.682,3453355.0
1722916800000,1.682,1.722,1.665,1.715,4613659.0
1722920400000,1.715,1.751,1.7,1.739,5159678.0
1722924000000,1.738,1.757,1.724,1.735,5863172.0
1722927600000,1.734,1.746,1.714,1.742,3528535.0
1722931200000,1.741,1.741,1.677,1.693,6414729.0
1722934800000,1.693,1.708,1.679,1.699,4520160.0
1722938400000,1.699,1.704,1.679,1.686,1839191.0
1722942000000,1.686,1.697,1.665,1.689,3295928.0
1722945600000,1.688,1.7,1.665,1.672,3422516.0
1722949200000,1.672,1.685,1.639,1.661,6632650.0
1722952800000,1.661,1.742,1.659,1.716,9547482.0
1722956400000,1.717,1.734,1.694,1.727,4731306.0
1722960000000,1.727,1.737,1.705,1.721,3882014.0
1722963600000,1.721,1.738,1.698,1.699,2118486.0
1722967200000,1.699,1.718,1.689,1.689,1625123.0
1722970800000,1.69,1.69,1.664,1.666,2142107.0
1722974400000,1.667,1.674,1.649,1.661,3054405.0
1722978000000,1.66,1.678,1.651,1.673,980331.0
1722981600000,1.672,1.695,1.645,1.658,3028595.0
1722985200000,1.657,1.671,1.637,1.648,1856560.0
1722988800000,1.648,1.67,1.625,1.655,3375305.0
1722992400000,1.655,1.687,1.632,1.685,3002704.0
1722996000000,1.686,1.713,1.666,1.682,3464898.0
1722999600000,1.681,1.7,1.675,1.696,1535445.0
1723003200000,1.697,1.719,1.692,1.694,1622898.0
1723006800000,1.693,1.71,1.681,1.683,1845315.0
1723010400000,1.683,1.695,1.672,1.683,1668233.0
1723014000000,1.682,1.692,1.666,1.682,1698526.0
1723017600000,1.682,1.693,1.675,1.69,1848535.0
1723021200000,1.69,1.703,1.675,1.687,2226020.0
1723024800000,1.687,1.714,1.678,1.682,1987274.0
1723028400000,1.681,1.685,1.651,1.656,2689607.0
1723032000000,1.657,1.675,1.646,1.669,2271706.0
1723035600000,1.669,1.678,1.643,1.649,2473758.0
1723039200000,1.648,1.656,1.557,1.579,10843679.0
1723042800000,1.579,1.596,1.568,1.584,3977125.0
1723046400000,1.584,1.589,1.558,1.57,3794346.0
1723050000000,1.57,1.581,1.546,1.573,3351256.0
1723053600000,1.572,1.579,1.542,1.549,2706191.0
1723057200000,1.548,1.561,1.539,1.552,1772010.0
1723060800000,1.553,1.579,1.529,1.558,4035353.0
1723064400000,1.558,1.568,1.548,1.556,1516313.0
1723068000000,1.556,1.56,1.526,1.557,1633971.0
1723071600000,1.556,1.565,1.541,1.549,939388.0
1723075200000,1.55,1.563,1.518,1.551,3040665.0
1723078800000,1.55,1.611,1.544,1.61,5430277.0
1723082400000,1.609,1.653,1.608,1.645,3370877.0
1723086000000,1.645,1.651,1.618,1.618,1809171.0
1723089600000,1.619,1.64,1.61,1.611,2239421.0
1723093200000,1.61,1.646,1.609,1.644,1471293.0
1723096800000,1.644,1.65,1.632,1.638,2066090.0
1723100400000,1.639,1.641,1.622,1.624,1605686.0
1723104000000,1.623,1.638,1.621,1.629,1368124.0
1723107600000,1.63,1.646,1.62,1.632,1100351.0
1723111200000,1.631,1.644,1.625,1.64,864484.0
1723114800000,1.64,1.644,1.629,1.632,765016.0
1723118400000,1.633,1.684,1.618,1.648,5632297.0
1723122000000,1.648,1.665,1.607,1.626,4088514.0
1723125600000,1.627,1.674,1.623,1.67,3149150.0
1723129200000,1.67,1.682,1.653,1.674,2406793.0
1723132800000,1.674,1.707,1.669,1.7,3846873.0
1723136400000,1.7,1.723,1.692,1.693,2129466.0
1723140000000,1.693,1.717,1.692,1.706,1189338.0
1723143600000,1.706,1.711,1.677,1.683,1056735.0
1723147200000,1.683,1.698,1.682,1.688,535049.0
1723150800000,1.689,1.744,1.688,1.74,1433786.0
1723154400000,1.74,1.775,1.724,1.764,2984547.0
1723158000000,1.765,1.868,1.749,1.857,7730624.0
1723161600000,1.857,1.891,1.832,1.843,7786599.0
1723165200000,1.843,1.845,1.802,1.823,5309204.0
1723168800000,1.823,1.831,1.781,1.793,4774520.0
1723172400000,1.794,1.8,1.781,1.785,2471204.0
1723176000000,1.786,1.787,1.735,1.737,3586859.0
1723179600000,1.737,1.764,1.727,1.76,2914094.0
1723183200000,1.759,1.764,1.744,1.759,2095316.0
1723186800000,1.759,1.792,1.759,1.777,3525234.0
1723190400000,1.776,1.796,1.765,1.787,1715057.0
1723194000000,1.788,1.792,1.769,1.772,1407187.0
1723197600000,1.773,1.783,1.748,1.76,2091055.0
1723201200000,1.76,1.762,1.747,1.756,1134678.0
1723204800000,1.756,1.759,1.727,1.742,2858634.0
1723208400000,1.742,1.755,1.71,1.734,4053627.0
1723212000000,1.734,1.758,1.693,1.72,6090381.0
1723215600000,1.721,1.727,1.692,1.693,2177095.0
1723219200000,1.692,1.727,1.688,1.716,2296765.0
1723222800000,1.716,1.735,1.711,1.729,1309368.0
1723226400000,1.73,1.734,1.712,1.727,1151706.0
1723230000000,1.727,1.736,1.719,1.729,796889.0
1723233600000,1.729,1.753,1.726,1.742,1203485.0
1723237200000,1.741,1.746,1.719,1.741,1789069.0
1723240800000,1.741,1.752,1.725,1.744,1761274.0
1723244400000,1.743,1.752,1.728,1.745,1052136.0
1723248000000,1.746,1.775,1.731,1.732,2578027.0
1723251600000,1.732,1.749,1.725,1.729,1269896.0
1723255200000,1.73,1.74,1.725,1.727,917132.0
1723258800000,1.728,1.729,1.708,1.721,1754779.0
1723262400000,1.721,1.723,1.71,1.719,794346.0
1723266000000,1.72,1.732,1.715,1.723,784977.0
1723269600000,1.724,1.736,1.721,1.731,994830.0
1723273200000,1.731,1.744,1.726,1.743,951152.0
1723276800000,1.743,1.743,1.721,1.74,1287963.0
1723280400000,1.739,1.763,1.739,1.751,2029159.0
1723284000000,1.75,1.776,1.748,1.768,1955323.0
1723287600000,1.768,1.794,1.764,1.787,2281949.0
1723291200000,1.787,1.787,1.757,1.762,1557590.0
1723294800000,1.761,1.762,1.736,1.739,2410130.0
1723298400000,1.74,1.745,1.726,1.732,1860115.0
1723302000000,1.733,1.751,1.726,1.728,1822618.0
1723305600000,1.728,1.755,1.718,1.745,2060976.0
1723309200000,1.745,1.755,1.739,1.752,1004477.0
1723312800000,1.752,1.759,1.739,1.742,1114151.0
1723316400000,1.742,1.751,1.732,1.746,795541.0
1723320000000,1.747,1.754,1.738,1.748,306069.0
1723323600000,1.748,1.767,1.747,1.765,710580.0
1723327200000,1.765,1.776,1.755,1.764,1615226.0
1723330800000,1.764,1.767,1.749,1.755,672629.0
1723334400000,1.755,1.766,1.745,1.764,927954.0
1723338000000,1.764,1.777,1.75,1.771,810092.0
1723341600000,1.772,1.777,1.758,1.763,851770.0
1723345200000,1.763,1.808,1.762,1.787,3560099.0
1723348800000,1.788,1.818,1.776,1.789,2656096.0
1723352400000,1.788,1.837,1.782,1.832,3225791.0
1723356000000,1.832,1.836,1.804,1.821,2634841.0
1723359600000,1.821,1.834,1.808,1.826,1924101.0
1723363200000,1.826,1.83,1.806,1.808,1655967.0
1723366800000,1.809,1.825,1.786,1.791,2531684.0
1723370400000,1.792,1.809,1.782,1.801,1667525.0
1723374000000,1.801,1.803,1.755,1.761,4407105.0
1723377600000,1.761,1.769,1.728,1.739,3185378.0
1723381200000,1.739,1.739,1.715,1.724,2880605.0
1723384800000,1.725,1.735,1.696,1.701,3433326.0
1723388400000,1.701,1.701,1.666,1.675,4048656.0
1723392000000,1.674,1.693,1.667,1.682,1817980.0
1723395600000,1.681,1.696,1.674,1.69,906943.0
1723399200000,1.689,1.693,1.673,1.676,744974.0
1723402800000,1.675,1.675,1.633,1.635,3278918.0
1723406400000,1.635,1.636,1.608,1.618,3790434.0
1723410000000,1.618,1.622,1.599,1.618,2156558.0
1723413600000,1.618,1.625,1.588,1.608,2228344.0
1723417200000,1.607,1.607,1.592,1.602,1157418.0
1723420800000,1.601,1.623,1.595,1.613,2908999.0
1723424400000,1.612,1.638,1.606,1.621,2467175.0
1723428000000,1.621,1.629,1.611,1.626,846177.0
1723431600000,1.626,1.642,1.618,1.629,1145303.0
1723435200000,1.628,1.638,1.621,1.629,795478.0
1723438800000,1.628,1.642,1.622,1.635,1056674.0
1723442400000,1.634,1.639,1.615,1.623,1405220.0
1723446000000,1.622,1.665,1.598,1.647,4991946.0
1723449600000,1.648,1.679,1.639,1.644,3742015.0
1723453200000,1.645,1.671,1.644,1.666,2370400.0
1723456800000,1.666,1.694,1.654,1.69,3745518.0
1723460400000,1.69,1.746,1.688,1.731,4953439.0
1723464000000,1.73,1.738,1.707,1.725,3221775.0
1723467600000,1.724,1.734,1.654,1.662,6579930.0
1723471200000,1.662,1.74,1.641,1.731,7943140.0
1723474800000,1.732,1.749,1.681,1.704,7152115.0
1723478400000,1.705,1.718,1.686,1.693,2691297.0
1723482000000,1.692,1.704,1.672,1.673,1777564.0
1723485600000,1.674,1.687,1.637,1.638,3415266.0
1723489200000,1.639,1.668,1.639,1.653,1703095.0
1723492800000,1.654,1.675,1.65,1.656,1420892.0
1723496400000,1.656,1.668,1.635,1.661,1201065.0
1723500000000,1.661,1.677,1.66,1.67,728447.0
1723503600000,1.671,1.717,1.669,1.701,1852478.0
1723507200000,1.701,1.711,1.686,1.69,1974690.0
1723510800000,1.691,1.695,1.676,1.685,1368995.0
1723514400000,1.685,1.685,1.661,1.669,1955552.0
1723518000000,1.668,1.669,1.64,1.647,3023172.0
1723521600000,1.646,1.659,1.634,1.658,1919610.0
1723525200000,1.657,1.668,1.652,1.661,1320490.0
1723528800000,1.662,1.68,1.648,1.675,1866988.0
1723532400000,1.676,1.678,1.658,1.661,1832485.0
1723536000000,1.661,1.666,1.645,1.655,1723778.0
1723539600000,1.655,1.656,1.637,1.654,1503227.0
1723543200000,1.654,1.658,1.639,1.65,1564731.0
1723546800000,1.649,1.654,1.641,1.652,924341.0
1723550400000,1.651,1.664,1.636,1.655,2711155.0
1723554000000,1.654,1.67,1.639,1.668,2238554.0
1723557600000,1.668,1.673,1.627,1.652,4000066.0
1723561200000,1.652,1.657,1.632,1.638,1622586.0
1723564800000,1.637,1.697,1.635,1.691,3668298.0
1723568400000,1.691,1.701,1.674,1.698,2527344.0
1723572000000,1.697,1.701,1.678,1.682,1209327.0
1723575600000,1.681,1.688,1.656,1.68,1591798.0
1723579200000,1.68,1.684,1.668,1.668,850570.0
1723582800000,1.668,1.69,1.667,1.689,736034.0
1723586400000,1.689,1.691,1.673,1.677,852320.0
1723590000000,1.676,1.678,1.664,1.671,795080.0
1723593600000,1.672,1.68,1.663,1.675,1336712.0
1723597200000,1.676,1.678,1.648,1.652,1412710.0
1723600800000,1.652,1.665,1.647,1.66,1014851.0
1723604400000,1.66,1.679,1.657,1.665,1559415.0
1723608000000,1.665,1.68,1.663,1.668,1276969.0
1723611600000,1.668,1.682,1.662,1.663,1270601.0
1723615200000,1.662,1.68,1.655,1.666,1675626.0
1723618800000,1.665,1.667,1.656,1.659,1377320.0
1723622400000,1.659,1.661,1.646,1.659,1233165.0
1723626000000,1.659,1.672,1.655,1.662,1084494.0
1723629600000,1.662,1.696,1.661,1.674,2700747.0
1723633200000,1.675,1.683,1.664,1.679,1822907.0
1723636800000,1.678,1.696,1.657,1.665,5398494.0
1723640400000,1.664,1.67,1.602,1.612,5893125.0
1723644000000,1.612,1.629,1.585,1.623,5326547.0
1723647600000,1.622,1.644,1.611,1.627,2780589.0
1723651200000,1.628,1.64,1.61,1.622,2707669.0
1723654800000,1.621,1.625,1.611,1.613,821334.0
1723658400000,1.613,1.618,1.592,1.599,1427550.0
1723662000000,1.6,1.604,1.592,1.598,1253301.0
1723665600000,1.598,1.603,1.593,1.595,633374.0
1723669200000,1.595,1.599,1.587,1.588,1044575.0
1723672800000,1.589,1.594,1.559,1.588,2835005.0
1723676400000,1.589,1.598,1.586,1.592,985791.0
1723680000000,1.592,1.61,1.589,1.602,1241327.0
1723683600000,1.601,1.604,1.581,1.585,1204565.0
1723687200000,1.586,1.599,1.579,1.586,1945041.0
1723690800000,1.586,1.596,1.583,1.59,692640.0
1723694400000,1.59,1.594,1.582,1.592,811192.0
1723698000000,1.592,1.595,1.569,1.573,1837102.0
1723701600000,1.574,1.585,1.553,1.562,3008680.0
1723705200000,1.562,1.573,1.554,1.571,1922831.0
1723708800000,1.571,1.585,1.564,1.583,1944117.0
1723712400000,1.582,1.588,1.568,1.573,1276318.0
1723716000000,1.572,1.574,1.559,1.566,1064531.0
1723719600000,1.566,1.585,1.566,1.579,1189887.0
1723723200000,1.579,1.602,1.571,1.576,2746291.0
1723726800000,1.576,1.602,1.565,1.599,2367398.0
1723730400000,1.599,1.606,1.579,1.581,2452271.0
1723734000000,1.581,1.59,1.567,1.568,2859418.0
1723737600000,1.568,1.577,1.524,1.545,5778025.0
1723741200000,1.545,1.547,1.484,1.486,6654791.0
1723744800000,1.486,1.486,1.454,1.464,7569166.0
1723748400000,1.465,1.494,1.461,1.481,3665721.0
1723752000000,1.481,1.49,1.468,1.487,3216859.0
1723755600000,1.488,1.491,1.476,1.484,1234872.0
1723759200000,1.484,1.503,1.475,1.488,1674167.0
1723762800000,1.488,1.5,1.486,1.494,1190997.0
1723766400000,1.494,1.508,1.488,1.499,1559069.0
1723770000000,1.499,1.507,1.486,1.493,1481265.0
1723773600000,1.493,1.53,1.488,1.513,2406917.0
1723777200000,1.513,1.516,1.498,1.504,1042119.0
1723780800000,1.504,1.515,1.498,1.513,1222514.0
1723784400000,1.512,1.522,1.504,1.514,1133229.0
1723788000000,1.513,1.527,1.509,1.519,1337186.0
1723791600000,1.519,1.52,1.508,1.509,1661759.0
1723795200000,1.508,1.514,1.499,1.502,1198753.0
1723798800000,1.502,1.508,1.496,1.503,1124676.0
1723802400000,1.504,1.504,1.49,1.497,1509044.0
1723806000000,1.497,1.503,1.483,1.49,1818638.0
1723809600000,1.49,1.498,1.442,1.462,7636886.0
1723813200000,1.461,1.512,1.457,1.488,5934709.0
1723816800000,1.487,1.494,1.451,1.457,3721213.0
1723820400000,1.457,1.471,1.429,1.446,5113619.0
1723824000000,1.445,1.481,1.435,1.468,4374078.0
1723827600000,1.467,1.489,1.431,1.483,4130037.0
1723831200000,1.482,1.499,1.472,1.479,2709727.0
1723834800000,1.479,1.491,1.469,1.476,1774654.0
1723838400000,1.477,1.497,1.476,1.483,1349893.0
1723842000000,1.482,1.489,1.477,1.481,781404.0
1723845600000,1.48,1.485,1.471,1.473,685266.0
1723849200000,1.473,1.474,1.464,1.471,741364.0
1723852800000,1.471,1.474,1.457,1.472,1185610.0
1723856400000,1.471,1.484,1.467,1.476,976937.0
1723860000000,1.476,1.489,1.473,1.478,1329234.0
1723863600000,1.477,1.481,1.467,1.478,753977.0
1723867200000,1.479,1.485,1.474,1.48,671695.0
1723870800000,1.48,1.483,1.473,1.475,814427.0
1723874400000,1.476,1.483,1.474,1.476,627623.0
1723878000000,1.477,1.481,1.47,1.481,641845.0
1723881600000,1.48,1.484,1.473,1.482,913034.0
1723885200000,1.482,1.492,1.476,1.482,1465177.0
1723888800000,1.482,1.484,1.468,1.47,1390863.0
1723892400000,1.471,1.48,1.463,1.478,1124927.0
1723896000000,1.477,1.489,1.474,1.484,1234723.0
1723899600000,1.484,1.492,1.477,1.48,2091188.0
1723903200000,1.479,1.489,1.472,1.486,1104625.0
1723906800000,1.487,1.502,1.482,1.488,2298397.0
1723910400000,1.488,1.507,1.484,1.497,2337771.0
1723914000000,1.497,1.514,1.495,1.501,2041178.0
1723917600000,1.5,1.5,1.479,1.487,1735360.0
1723921200000,1.488,1.493,1.483,1.492,668689.0
1723924800000,1.493,1.496,1.486,1.489,579318.0
1723928400000,1.488,1.494,1.483,1.493,658182.0
1723932000000,1.495,1.504,1.491,1.493,846439.0
1723935600000,1.494,1.507,1.494,1.506,753410.0
1723939200000,1.505,1.511,1.497,1.508,753570.0
1723942800000,1.509,1.511,1.493,1.494,762444.0
1723946400000,1.493,1.515,1.488,1.512,1201826.0
1723950000000,1.513,1.518,1.488,1.489,1593305.0
1723953600000,1.489,1.495,1.481,1.491,1469840.0
1723957200000,1.49,1.501,1.487,1.49,755268.0
1723960800000,1.49,1.5,1.487,1.496,645626.0
1723964400000,1.496,1.497,1.486,1.487,730002.0
1723968000000,1.487,1.496,1.482,1.496,919979.0
1723971600000,1.495,1.513,1.495,1.507,2263055.0
1723975200000,1.507,1.538,1.507,1.529,3357865.0
1723978800000,1.53,1.542,1.521,1.535,1785590.0
1723982400000,1.536,1.573,1.531,1.557,3856178.0
1723986000000,1.557,1.582,1.551,1.554,2930257.0
1723989600000,1.553,1.566,1.545,1.556,2235087.0
1723993200000,1.556,1.556,1.542,1.55,1503285.0
1723996800000,1.549,1.564,1.543,1.554,2008548.0
1724000400000,1.554,1.562,1.531,1.534,2496564.0
1724004000000,1.535,1.545,1.529,1.54,962091.0
1724007600000,1.541,1.547,1.536,1.545,622412.0
1724011200000,1.546,1.554,1.543,1.551,491570.0
1724014800000,1.551,1.556,1.536,1.54,932610.0
1724018400000,1.54,1.566,1.539,1.546,1445313.0
1724022000000,1.546,1.552,1.512,1.515,3001940.0
1724025600000,1.515,1.519,1.481,1.484,5415493.0
1724029200000,1.485,1.508,1.479,1.499,2171218.0
1724032800000,1.5,1.52,1.495,1.519,1824223.0
1724036400000,1.518,1.548,1.512,1.545,1981098.0
1724040000000,1.545,1.548,1.52,1.527,2667908.0
1724043600000,1.527,1.528,1.509,1.514,2219941.0
1724047200000,1.513,1.529,1.505,1.519,2304381.0
1724050800000,1.518,1.533,1.51,1.515,2015439.0
1724054400000,1.514,1.537,1.513,1.53,1538779.0
1724058000000,1.529,1.537,1.493,1.496,3149573.0
1724061600000,1.495,1.5,1.472,1.475,3629995.0
1724065200000,1.475,1.499,1.462,1.495,3504115.0
1724068800000,1.495,1.5,1.477,1.485,2284203.0
1724072400000,1.485,1.515,1.478,1.48,4431234.0
1724076000000,1.48,1.49,1.465,1.489,4648734.0
1724079600000,1.489,1.494,1.47,1.471,1853553.0
1724083200000,1.47,1.475,1.416,1.436,9093053.0
1724086800000,1.436,1.496,1.434,1.478,6861594.0
1724090400000,1.478,1.491,1.462,1.482,2698260.0
1724094000000,1.482,1.53,1.477,1.519,4749886.0
1724097600000,1.519,1.53,1.504,1.518,2340018.0
1724101200000,1.517,1.521,1.506,1.508,978438.0
1724104800000,1.508,1.523,1.507,1.516,1028584.0
1724108400000,1.516,1.537,1.508,1.531,1900703.0
1724112000000,1.532,1.57,1.516,1.55,5834125.0
1724115600000,1.55,1.57,1.543,1.548,3552663.0
1724119200000,1.548,1.55,1.535,1.543,2597714.0
1724122800000,1.543,1.549,1.532,1.539,1548946.0
1724126400000,1.54,1.56,1.535,1.556,2370282.0
1724130000000,1.557,1.587,1.555,1.583,3526241.0
1724133600000,1.584,1.599,1.568,1.572,4333154.0
1724137200000,1.573,1.586,1.563,1.578,2082991.0
1724140800000,1.579,1.583,1.564,1.568,2085101.0
1724144400000,1.569,1.59,1.569,1.582,1991503.0
1724148000000,1.583,1.595,1.576,1.576,1894113.0
1724151600000,1.577,1.579,1.557,1.563,3332182.0
1724155200000,1.564,1.574,1.559,1.561,1602974.0
1724158800000,1.561,1.581,1.544,1.573,3654403.0
1724162400000,1.574,1.576,1.53,1.536,4874851.0
1724166000000,1.536,1.545,1.508,1.528,6072203.0
1724169600000,1.528,1.531,1.511,1.516,3822458.0
1724173200000,1.516,1.529,1.513,1.524,1091819.0
1724176800000,1.525,1.54,1.52,1.525,1646449.0
1724180400000,1.525,1.538,1.522,1.532,903640.0
1724184000000,1.532,1.547,1.531,1.533,906288.0
1724187600000,1.532,1.534,1.518,1.529,1310005.0
1724191200000,1.529,1.543,1.526,1.539,649454.0
1724194800000,1.539,1.542,1.521,1.522,1496592.0
1724198400000,1.523,1.533,1.508,1.509,2397913.0
1724202000000,1.509,1.518,1.492,1.515,3443056.0
1724205600000,1.514,1.535,1.513,1.53,2060886.0
1724209200000,1.53,1.535,1.513,1.521,2001202.0
1724212800000,1.52,1.527,1.515,1.527,1154791.0
1724216400000,1.526,1.531,1.516,1.524,1632449.0
1724220000000,1.523,1.536,1.521,1.529,1609442.0
1724223600000,1.53,1.54,1.527,1.54,1815714.0
1724227200000,1.539,1.545,1.517,1.52,2318136.0
1724230800000,1.52,1.521,1.503,1.514,2596922.0
1724234400000,1.513,1.523,1.508,1.519,1510937.0
1724238000000,1.519,1.521,1.505,1.513,2179393.0
1724241600000,1.512,1.515,1.493,1.507,2652427.0
1724245200000,1.507,1.526,1.474,1.522,5546626.0
1724248800000,1.524,1.541,1.495,1.501,7666207.0
1724252400000,1.5,1.517,1.492,1.504,2946288.0
1724256000000,1.503,1.524,1.492,1.523,2286926.0
1724259600000,1.523,1.547,1.519,1.535,4505988.0
1724263200000,1.536,1.577,1.533,1.575,4081510.0
1724266800000,1.575,1.583,1.565,1.575,2950714.0
1724270400000,1.576,1.59,1.571,1.579,2599259.0
1724274000000,1.58,1.594,1.572,1.582,1342354.0
1724277600000,1.582,1.588,1.576,1.58,1381116.0
1724281200000,1.58,1.584,1.567,1.57,1483103.0
1724284800000,1.571,1.575,1.557,1.559,1488927.0
1724288400000,1.559,1.57,1.553,1.566,1581220.0
1724292000000,1.567,1.573,1.548,1.566,3610644.0
1724295600000,1.567,1.609,1.562,1.593,5349863.0
1724299200000,1.593,1.608,1.588,1.599,2334031.0
1724302800000,1.598,1.603,1.584,1.589,1942850.0
1724306400000,1.59,1.598,1.583,1.586,1619906.0
1724310000000,1.586,1.604,1.579,1.598,1932077.0
1724313600000,1.597,1.604,1.585,1.594,2376988.0
1724317200000,1.594,1.6,1.588,1.589,1503598.0
1724320800000,1.59,1.654,1.588,1.647,7772455.0
1724324400000,1.648,1.649,1.631,1.64,3799173.0
1724328000000,1.64,1.649,1.62,1.638,3957697.0
1724331600000,1.638,1.667,1.623,1.64,7984833.0
1724335200000,1.64,1.655,1.627,1.647,4015680.0
1724338800000,1.647,1.665,1.624,1.631,3854121.0
1724342400000,1.631,1.638,1.612,1.613,4154520.0
1724346000000,1.613,1.627,1.604,1.606,1958594.0
1724349600000,1.605,1.621,1.603,1.609,1254940.0
1724353200000,1.608,1.618,1.602,1.605,1062787.0
1724356800000,1.605,1.618,1.603,1.618,1339187.0
1724360400000,1.618,1.623,1.611,1.616,763796.0
1724364000000,1.616,1.627,1.609,1.624,805203.0
1724367600000,1.624,1.64,1.62,1.631,1247078.0
1724371200000,1.631,1.659,1.63,1.649,2348656.0
1724374800000,1.649,1.666,1.637,1.657,2218377.0
1724378400000,1.657,1.663,1.644,1.646,1525526.0
1724382000000,1.646,1.683,1.644,1.673,3677858.0
1724385600000,1.673,1.679,1.661,1.678,1743658.0
1724389200000,1.678,1.741,1.676,1.724,8581240.0
1724392800000,1.723,1.731,1.706,1.719,3273219.0
1724396400000,1.72,1.738,1.716,1.727,2957567.0
1724400000000,1.728,1.747,1.722,1.737,2596979.0
1724403600000,1.736,1.739,1.713,1.717,3009373.0
1724407200000,1.717,1.725,1.707,1.708,1994109.0
1724410800000,1.709,1.709,1.686,1.689,4297677.0
1724414400000,1.689,1.723,1.688,1.716,3406170.0
1724418000000,1.717,1.728,1.701,1.726,2530404.0
1724421600000,1.727,1.788,1.723,1.736,15591504.0
1724425200000,1.736,1.811,1.733,1.789,9443606.0
1724428800000,1.789,1.817,1.777,1.795,5386318.0
1724432400000,1.795,1.831,1.783,1.821,5278639.0
1724436000000,1.821,1.839,1.807,1.81,4876964.0
1724439600000,1.81,1.837,1.805,1.82,2905908.0
1724443200000,1.821,1.856,1.82,1.838,2907733.0
1724446800000,1.839,1.876,1.838,1.85,3255668.0
1724450400000,1.849,1.88,1.831,1.847,3777156.0
1724454000000,1.847,1.864,1.84,1.845,1640385.0
1724457600000,1.845,1.885,1.834,1.868,3487745.0
1724461200000,1.868,1.872,1.825,1.84,2902069.0
1724464800000,1.84,1.858,1.834,1.848,1529674.0
1724468400000,1.849,1.855,1.835,1.84,1107090.0
1724472000000,1.84,1.864,1.84,1.848,1518508.0
1724475600000,1.849,1.873,1.845,1.867,1795590.0
1724479200000,1.867,1.879,1.86,1.863,1666773.0
1724482800000,1.862,1.883,1.86,1.877,2193028.0
1724486400000,1.876,1.928,1.866,1.914,5782328.0
1724490000000,1.914,1.922,1.888,1.912,3468210.0
1724493600000,1.911,1.96,1.892,1.947,4930803.0
1724497200000,1.948,1.961,1.928,1.931,4640038.0
1724500800000,1.931,1.952,1.901,1.902,4712965.0
1724504400000,1.903,1.928,1.896,1.91,3263876.0
1724508000000,1.91,1.925,1.889,1.919,3096657.0
1724511600000,1.918,1.922,1.902,1.905,2181680.0
1724515200000,1.905,1.949,1.904,1.943,4493991.0
1724518800000,1.944,1.95,1.918,1.936,2810321.0
1724522400000,1.936,1.976,1.928,1.959,4217811.0
1724526000000,1.959,1.964,1.94,1.941,1454975.0
1724529600000,1.941,1.965,1.941,1.956,1436156.0
1724533200000,1.956,1.958,1.872,1.881,5604241.0
1724536800000,1.881,1.912,1.878,1.896,3097027.0
1724540400000,1.897,1.918,1.891,1.913,1226701.0
1724544000000,1.913,1.915,1.847,1.858,5317818.0
1724547600000,1.858,1.88,1.818,1.841,8301695.0
1724551200000,1.842,1.871,1.839,1.868,2683231.0
1724554800000,1.868,1.875,1.835,1.853,3800955.0
1724558400000,1.854,1.859,1.831,1.858,2192654.0
1724562000000,1.859,1.868,1.85,1.855,1955751.0
1724565600000,1.856,1.862,1.829,1.843,3441704.0
1724569200000,1.843,1.844,1.782,1.795,7158746.0
1724572800000,1.795,1.828,1.779,1.823,4551548.0
1724576400000,1.824,1.831,1.806,1.821,2888329.0
1724580000000,1.822,1.824,1.802,1.813,2737962.0
1724583600000,1.813,1.846,1.812,1.835,3767623.0
1724587200000,1.835,1.852,1.833,1.85,2429201.0
1724590800000,1.851,1.871,1.843,1.861,4488828.0
1724594400000,1.86,1.867,1.836,1.854,3428978.0
1724598000000,1.853,1.889,1.847,1.858,3790424.0
1724601600000,1.858,1.871,1.823,1.835,4333650.0
1724605200000,1.835,1.846,1.829,1.834,1816924.0
1724608800000,1.833,1.854,1.826,1.853,2343786.0
1724612400000,1.853,1.861,1.834,1.838,1413150.0
1724616000000,1.838,1.857,1.834,1.851,1668304.0
1724619600000,1.851,1.896,1.847,1.881,2795540.0
1724623200000,1.88,1.898,1.862,1.868,3024830.0
1724626800000,1.868,1.891,1.835,1.845,4841517.0
1724630400000,1.845,1.881,1.833,1.85,4601845.0
1724634000000,1.85,1.854,1.81,1.823,3678162.0
1724637600000,1.822,1.825,1.801,1.819,3241656.0
1724641200000,1.818,1.834,1.811,1.832,1651659.0
1724644800000,1.832,1.863,1.83,1.84,3133398.0
1724648400000,1.84,1.842,1.822,1.828,1602556.0
1724652000000,1.829,1.835,1.807,1.815,3122068.0
1724655600000,1.814,1.829,1.803,1.815,2767547.0
1724659200000,1.816,1.839,1.808,1.813,2369792.0
1724662800000,1.813,1.825,1.789,1.823,3475707.0
1724666400000,1.823,1.829,1.802,1.804,2217287.0
1724670000000,1.803,1.819,1.793,1.796,2310987.0
1724673600000,1.795,1.802,1.752,1.764,6658519.0
1724677200000,1.764,1.779,1.751,1.765,4492360.0
1724680800000,1.764,1.777,1.738,1.76,5867690.0
1724684400000,1.761,1.761,1.715,1.725,6038544.0
1724688000000,1.726,1.743,1.718,1.728,3276553.0
1724691600000,1.727,1.73,1.681,1.685,5843009.0
1724695200000,1.685,1.697,1.666,1.686,3934543.0
1724698800000,1.685,1.689,1.66,1.672,2568505.0
1724702400000,1.671,1.681,1.656,1.672,2321330.0
1724706000000,1.671,1.673,1.645,1.661,2769116.0
1724709600000,1.66,1.681,1.651,1.675,2422054.0
1724713200000,1.675,1.687,1.661,1.669,2480974.0
1724716800000,1.668,1.694,1.667,1.677,2371434.0
1724720400000,1.676,1.714,1.673,1.694,2663921.0
1724724000000,1.693,1.705,1.68,1.686,2166112.0
1724727600000,1.686,1.7,1.677,1.699,1538565.0
1724731200000,1.698,1.712,1.689,1.708,2139503.0
1724734800000,1.708,1.729,1.705,1.724,2745305.0
1724738400000,1.724,1.733,1.687,1.692,4487341.0
1724742000000,1.692,1.701,1.683,1.689,2700028.0
1724745600000,1.689,1.697,1.662,1.676,4395895.0
1724749200000,1.675,1.683,1.646,1.655,3498624.0
1724752800000,1.655,1.656,1.616,1.622,6447127.0
1724756400000,1.623,1.643,1.616,1.633,2939163.0
1724760000000,1.632,1.638,1.61,1.635,4988372.0
1724763600000,1.635,1.643,1.624,1.636,3225827.0
1724767200000,1.636,1.652,1.615,1.63,5658306.0
1724770800000,1.63,1.635,1.616,1.62,2982665.0
1724774400000,1.619,1.639,1.602,1.605,4833141.0
1724778000000,1.604,1.616,1.59,1.614,4043401.0
1724781600000,1.614,1.627,1.608,1.62,2070987.0
1724785200000,1.62,1.63,1.605,1.612,1204285.0
1724788800000,1.612,1.612,1.592,1.596,1424824.0
1724792400000,1.595,1.599,1.508,1.536,7332389.0
1724796000000,1.535,1.537,1.472,1.503,13340739.0
1724799600000,1.502,1.514,1.494,1.506,3488118.0
1724803200000,1.505,1.509,1.481,1.498,3109115.0
1724806800000,1.499,1.505,1.48,1.502,3526859.0
1724810400000,1.501,1.506,1.488,1.504,1766513.0
1724814000000,1.503,1.525,1.502,1.52,1953189.0
1724817600000,1.52,1.52,1.505,1.506,1835383.0
1724821200000,1.507,1.517,1.502,1.504,1553523.0
1724824800000,1.503,1.511,1.498,1.5,1478682.0
1724828400000,1.5,1.505,1.477,1.48,2736140.0
1724832000000,1.48,1.515,1.467,1.51,4216996.0
1724835600000,1.51,1.568,1.506,1.567,4472987.0
1724839200000,1.566,1.568,1.543,1.548,4662814.0
1724842800000,1.548,1.573,1.544,1.555,2465828.0
1724846400000,1.554,1.564,1.542,1.547,2037906.0
1724850000000,1.547,1.551,1.516,1.52,3844652.0
1724853600000,1.521,1.55,1.51,1.523,5086177.0
1724857200000,1.523,1.523,1.474,1.496,5861558.0
1724860800000,1.496,1.498,1.439,1.497,11228508.0
1724864400000,1.497,1.51,1.489,1.49,4546991.0
1724868000000,1.49,1.554,1.484,1.551,5403231.0
1724871600000,1.551,1.585,1.53,1.543,13111730.0
1724875200000,1.544,1.558,1.516,1.531,7668109.0
1724878800000,1.53,1.535,1.498,1.498,2238063.0
1724882400000,1.498,1.519,1.479,1.517,3752969.0
1724886000000,1.516,1.527,1.505,1.518,1941745.0
1724889600000,1.519,1.542,1.518,1.54,2260980.0
1724893200000,1.539,1.544,1.511,1.519,1956603.0
1724896800000,1.52,1.542,1.517,1.538,1648681.0
1724900400000,1.539,1.541,1.523,1.526,918991.0
1724904000000,1.526,1.53,1.516,1.522,892209.0
1724907600000,1.521,1.544,1.518,1.54,2245534.0
1724911200000,1.54,1.55,1.531,1.532,2153882.0
1724914800000,1.533,1.548,1.533,1.534,1319030.0
1724918400000,1.534,1.539,1.521,1.527,1918054.0
1724922000000,1.527,1.543,1.523,1.523,2157927.0
1724925600000,1.524,1.537,1.523,1.524,1137789.0
1724929200000,1.524,1.559,1.521,1.536,3388323.0
1724932800000,1.535,1.547,1.53,1.533,1949113.0
1724936400000,1.533,1.545,1.526,1.54,2028124.0
1724940000000,1.54,1.553,1.534,1.54,2558164.0
1724943600000,1.541,1.572,1.54,1.561,3608412.0
1724947200000,1.562,1.574,1.531,1.536,3416862.0
1724950800000,1.535,1.569,1.525,1.543,5838678.0
1724954400000,1.544,1.544,1.483,1.486,6296343.0
1724958000000,1.486,1.501,1.468,1.485,3152876.0
1724961600000,1.485,1.502,1.479,1.5,1296527.0
1724965200000,1.5,1.502,1.489,1.493,861020.0
1724968800000,1.492,1.495,1.473,1.493,1784420.0
1724972400000,1.492,1.497,1.483,1.494,1141962.0
1724976000000,1.494,1.512,1.486,1.503,2081334.0
1724979600000,1.504,1.512,1.494,1.507,1452547.0
1724983200000,1.506,1.51,1.493,1.506,1499468.0
1724986800000,1.505,1.506,1.492,1.498,1350478.0
1724990400000,1.497,1.509,1.496,1.503,696046.0
1724994000000,1.504,1.507,1.486,1.498,1755555.0
1724997600000,1.498,1.515,1.496,1.512,1536658.0
1725001200000,1.512,1.518,1.502,1.505,1351384.0
1725004800000,1.504,1.515,1.502,1.507,946207.0
1725008400000,1.506,1.523,1.502,1.519,2439526.0
1725012000000,1.519,1.522,1.507,1.507,1553735.0
1725015600000,1.508,1.514,1.495,1.5,1689418.0
1725019200000,1.5,1.521,1.496,1.504,3697251.0
1725022800000,1.503,1.514,1.476,1.502,3258037.0
1725026400000,1.503,1.517,1.449,1.451,6279580.0
1725030000000,1.451,1.461,1.421,1.43,7929701.0
1725033600000,1.431,1.468,1.425,1.464,4080757.0
1725037200000,1.464,1.507,1.463,1.505,3773077.0
1725040800000,1.504,1.547,1.498,1.53,5292609.0
1725044400000,1.53,1.536,1.501,1.51,3717088.0
1725048000000,1.509,1.518,1.495,1.504,1886301.0
1725051600000,1.503,1.519,1.499,1.508,1375357.0
1725055200000,1.508,1.52,1.506,1.515,906592.0
1725058800000,1.516,1.531,1.516,1.524,1341639.0
1725062400000,1.525,1.542,1.518,1.536,2090259.0
1725066000000,1.535,1.541,1.524,1.526,1090519.0
1725069600000,1.527,1.529,1.52,1.52,931718.0
1725073200000,1.52,1.536,1.516,1.525,1160437.0
1725076800000,1.526,1.537,1.524,1.53,848761.0
1725080400000,1.53,1.53,1.515,1.515,637946.0
1725084000000,1.515,1.524,1.513,1.518,894308.0
1725087600000,1.519,1.522,1.509,1.512,1058769.0
1725091200000,1.513,1.517,1.491,1.492,1259519.0
1725094800000,1.492,1.504,1.487,1.5,1466726.0
1725098400000,1.501,1.518,1.498,1.517,1334929.0
1725102000000,1.517,1.523,1.511,1.521,1251733.0
1725105600000,1.521,1.522,1.507,1.508,1094084.0
1725109200000,1.508,1.514,1.492,1.493,1390690.0
1725112800000,1.493,1.504,1.488,1.499,1733411.0
1725116400000,1.498,1.501,1.489,1.499,1092558.0
1725120000000,1.499,1.501,1.478,1.486,1787064.0
1725123600000,1.485,1.49,1.465,1.48,2024474.0
1725127200000,1.479,1.494,1.474,1.476,1519192.0
1725130800000,1.475,1.49,1.474,1.488,927290.0
1725134400000,1.488,1.49,1.48,1.48,1025847.0
1725138000000,1.481,1.499,1.479,1.494,789041.0
1725141600000,1.494,1.501,1.49,1.491,581118.0
1725145200000,1.492,1.494,1.486,1.49,413869.0
1725148800000,1.49,1.492,1.478,1.486,839520.0
1725152400000,1.486,1.486,1.47,1.472,943335.0
1725156000000,1.472,1.474,1.456,1.473,2158737.0
1725159600000,1.473,1.484,1.47,1.481,995098.0
1725163200000,1.482,1.494,1.475,1.491,1236560.0
1725166800000,1.491,1.493,1.469,1.473,2185653.0
1725170400000,1.474,1.49,1.47,1.485,956992.0
1725174000000,1.484,1.508,1.481,1.507,1904707.0
1725177600000,1.507,1.509,1.487,1.489,1930284.0
1725181200000,1.488,1.512,1.482,1.502,2003389.0
1725184800000,1.502,1.504,1.473,1.474,2518270.0
1725188400000,1.475,1.485,1.471,1.485,1572897.0
1725192000000,1.485,1.492,1.467,1.469,1979478.0
1725195600000,1.47,1.482,1.451,1.476,3392150.0
1725199200000,1.475,1.476,1.433,1.448,6746171.0
1725202800000,1.448,1.483,1.443,1.478,3043380.0
1725206400000,1.478,1.49,1.451,1.453,2652596.0
1725210000000,1.452,1.458,1.422,1.431,3343042.0
1725213600000,1.43,1.482,1.426,1.463,4070756.0
1725217200000,1.463,1.481,1.461,1.468,2199834.0
1725220800000,1.468,1.483,1.462,1.467,1346866.0
1725224400000,1.466,1.468,1.449,1.459,1075911.0
1725228000000,1.458,1.46,1.385,1.396,6610862.0
1725231600000,1.396,1.412,1.387,1.402,3581357.0
1725235200000,1.401,1.423,1.397,1.41,3176210.0
1725238800000,1.409,1.434,1.405,1.417,2469980.0
1725242400000,1.416,1.43,1.407,1.414,2123017.0
1725246000000,1.413,1.424,1.409,1.418,2046852.0
1725249600000,1.418,1.423,1.397,1.399,2103773.0
1725253200000,1.4,1.431,1.398,1.423,2545464.0
1725256800000,1.423,1.43,1.407,1.409,1807150.0
1725260400000,1.408,1.412,1.388,1.394,2711483.0
1725264000000,1.394,1.437,1.393,1.427,4872698.0
1725267600000,1.426,1.455,1.421,1.451,4001188.0
1725271200000,1.451,1.476,1.451,1.47,4883679.0
1725274800000,1.47,1.473,1.445,1.447,3483630.0
1725278400000,1.447,1.46,1.437,1.447,2460333.0
1725282000000,1.447,1.455,1.431,1.436,2602364.0
1725285600000,1.436,1.466,1.421,1.459,5643705.0
1725289200000,1.459,1.473,1.449,1.451,3308081.0
1725292800000,1.45,1.465,1.427,1.428,2842243.0
1725296400000,1.428,1.45,1.427,1.448,2325441.0
1725300000000,1.448,1.457,1.441,1.447,2299386.0
1725303600000,1.448,1.456,1.444,1.446,760384.0
1725307200000,1.447,1.49,1.445,1.485,2106864.0
1725310800000,1.485,1.496,1.466,1.474,2180320.0
1725314400000,1.474,1.484,1.473,1.479,1348153.0
1725318000000,1.479,1.484,1.474,1.477,1158239.0
1725321600000,1.477,1.49,1.475,1.49,1598982.0
1725325200000,1.489,1.494,1.476,1.489,1968733.0
1725328800000,1.489,1.513,1.487,1.49,2880200.0
1725332400000,1.491,1.503,1.49,1.496,1248622.0
1725336000000,1.496,1.507,1.488,1.497,1589398.0
1725339600000,1.497,1.508,1.489,1.508,1426859.0
1725343200000,1.507,1.507,1.49,1.494,1533464.0
1725346800000,1.494,1.515,1.494,1.51,2507807.0
1725350400000,1.511,1.511,1.478,1.482,3760579.0
1725354000000,1.482,1.491,1.481,1.481,1813066.0
1725357600000,1.482,1.498,1.477,1.484,2471955.0
1725361200000,1.484,1.491,1.48,1.484,1029816.0
1725364800000,1.484,1.495,1.482,1.482,1422102.0
1725368400000,1.482,1.488,1.433,1.441,7276608.0
1725372000000,1.44,1.442,1.419,1.431,5039766.0
1725375600000,1.431,1.44,1.414,1.422,3624018.0
1725379200000,1.422,1.432,1.415,1.42,2609607.0
1725382800000,1.419,1.438,1.419,1.424,1165498.0
1725386400000,1.423,1.43,1.414,1.422,1440875.0
1725390000000,1.423,1.443,1.42,1.425,1918472.0
1725393600000,1.426,1.437,1.421,1.427,2145682.0
1725397200000,1.426,1.429,1.417,1.427,776161.0
1725400800000,1.427,1.43,1.416,1.417,812970.0
1725404400000,1.416,1.418,1.401,1.406,2781745.0
1725408000000,1.405,1.423,1.384,1.388,3684635.0
1725411600000,1.389,1.389,1.314,1.371,20638749.0
1725415200000,1.37,1.377,1.356,1.366,2410963.0
1725418800000,1.366,1.38,1.363,1.377,2434880.0
1725422400000,1.377,1.386,1.371,1.384,1859415.0
1725426000000,1.383,1.385,1.368,1.37,2657032.0
1725429600000,1.37,1.385,1.37,1.374,2433047.0
1725433200000,1.374,1.398,1.372,1.389,2642138.0
1725436800000,1.389,1.394,1.375,1.381,2232563.0
1725440400000,1.38,1.386,1.367,1.372,2125568.0
1725444000000,1.371,1.374,1.352,1.353,3771832.0
1725447600000,1.353,1.367,1.348,1.362,2438252.0
1725451200000,1.361,1.375,1.355,1.365,2027522.0
1725454800000,1.365,1.378,1.356,1.373,2473310.0
1725458400000,1.372,1.421,1.365,1.413,6090988.0
1725462000000,1.414,1.427,1.394,1.421,6148682.0
1725465600000,1.421,1.473,1.421,1.448,7557860.0
1725469200000,1.449,1.454,1.419,1.42,3828392.0
1725472800000,1.42,1.426,1.398,1.405,3404938.0
1725476400000,1.406,1.419,1.4,1.417,2541210.0
1725480000000,1.417,1.428,1.411,1.427,1303610.0
1725483600000,1.426,1.429,1.413,1.427,698412.0
1725487200000,1.427,1.44,1.423,1.434,1056174.0
1725490800000,1.433,1.439,1.421,1.424,1173919.0
1725494400000,1.425,1.434,1.416,1.42,1868235.0
1725498000000,1.421,1.441,1.417,1.434,2346210.0
1725501600000,1.434,1.439,1.413,1.413,2368332.0
1725505200000,1.413,1.415,1.388,1.393,5065701.0
1725508800000,1.392,1.407,1.386,1.405,1792094.0
1725512400000,1.405,1.409,1.395,1.405,1938710.0
1725516000000,1.406,1.421,1.393,1.42,3113321.0
1725519600000,1.419,1.433,1.416,1.428,3048538.0
1725523200000,1.428,1.433,1.415,1.423,2445983.0
1725526800000,1.423,1.424,1.406,1.414,2614010.0
1725530400000,1.414,1.422,1.41,1.414,1360862.0
1725534000000,1.413,1.422,1.405,1.416,1589922.0
1725537600000,1.415,1.422,1.402,1.412,3667035.0
1725541200000,1.412,1.429,1.405,1.422,3626533.0
1725544800000,1.423,1.432,1.388,1.394,5441731.0
1725548400000,1.393,1.404,1.374,1.383,8317326.0
1725552000000,1.384,1.39,1.364,1.371,3842502.0
1725555600000,1.371,1.403,1.366,1.402,3125518.0
1725559200000,1.402,1.411,1.396,1.403,1590266.0
1725562800000,1.403,1.405,1.368,1.373,3130973.0
1725566400000,1.373,1.384,1.37,1.374,1758252.0
1725570000000,1.374,1.386,1.37,1.386,893220.0
1725573600000,1.385,1.399,1.379,1.397,1386848.0
1725577200000,1.397,1.401,1.387,1.388,1204493.0
1725580800000,1.387,1.397,1.381,1.393,1349917.0
1725584400000,1.394,1.41,1.386,1.394,2413195.0
1725588000000,1.395,1.41,1.39,1.402,2098485.0
1725591600000,1.401,1.41,1.4,1.401,1279167.0
1725595200000,1.4,1.408,1.396,1.397,1017992.0
1725598800000,1.397,1.401,1.385,1.397,1437731.0
1725602400000,1.397,1.398,1.386,1.39,884620.0
1725606000000,1.391,1.392,1.358,1.373,6654325.0
1725609600000,1.373,1.393,1.373,1.385,2984758.0
1725613200000,1.384,1.389,1.373,1.387,1670329.0
1725616800000,1.387,1.398,1.382,1.391,1725954.0
1725620400000,1.392,1.399,1.388,1.396,1258690.0
1725624000000,1.397,1.437,1.394,1.432,8677130.0
1725627600000,1.432,1.436,1.394,1.397,6464789.0
1725631200000,1.397,1.398,1.362,1.386,10186638.0
1725634800000,1.385,1.403,1.361,1.398,8657100.0
1725638400000,1.399,1.399,1.371,1.382,4683639.0
1725642000000,1.383,1.393,1.362,1.379,4010272.0
1725645600000,1.378,1.38,1.346,1.346,5125760.0
1725649200000,1.346,1.366,1.341,1.354,4937770.0
1725652800000,1.353,1.357,1.295,1.301,10027597.0
1725656400000,1.3,1.329,1.282,1.329,6331148.0
1725660000000,1.328,1.34,1.316,1.332,1843866.0
1725663600000,1.332,1.344,1.329,1.337,1542542.0
1725667200000,1.336,1.346,1.33,1.338,2254820.0
1725670800000,1.338,1.34,1.319,1.324,2320991.0
1725674400000,1.325,1.335,1.317,1.324,2147387.0
1725678000000,1.324,1.334,1.323,1.327,1459401.0
1725681600000,1.327,1.334,1.323,1.334,967036.0
1725685200000,1.334,1.351,1.331,1.343,3033576.0
1725688800000,1.343,1.359,1.342,1.355,2032803.0
1725692400000,1.354,1.365,1.35,1.356,1536665.0
1725696000000,1.355,1.366,1.354,1.365,1759582.0
1725699600000,1.365,1.37,1.353,1.357,1460142.0
1725703200000,1.356,1.363,1.356,1.356,1116936.0
1725706800000,1.357,1.366,1.354,1.355,1380374.0
1725710400000,1.356,1.369,1.355,1.362,1234571.0
1725714000000,1.363,1.368,1.354,1.359,1368532.0
1725717600000,1.359,1.364,1.349,1.361,1686569.0
1725721200000,1.361,1.375,1.358,1.36,2911023.0
1725724800000,1.359,1.365,1.346,1.347,2846156.0
1725728400000,1.348,1.354,1.326,1.335,3081552.0
1725732000000,1.334,1.351,1.329,1.347,1687104.0
1725735600000,1.346,1.36,1.346,1.355,777420.0
1725739200000,1.355,1.357,1.348,1.348,760782.0
1725742800000,1.347,1.35,1.337,1.34,1088007.0
1725746400000,1.339,1.344,1.331,1.332,1005543.0
1725750000000,1.331,1.347,1.326,1.346,1209046.0
1725753600000,1.346,1.355,1.341,1.349,1154823.0
1725757200000,1.348,1.36,1.348,1.356,817226.0
1725760800000,1.357,1.364,1.355,1.36,1073044.0
1725764400000,1.36,1.367,1.358,1.367,1184859.0
1725768000000,1.367,1.385,1.366,1.379,1894967.0
1725771600000,1.379,1.38,1.367,1.368,1274131.0
1725775200000,1.369,1.371,1.362,1.364,1197448.0
1725778800000,1.365,1.378,1.365,1.37,1440871.0
1725782400000,1.371,1.38,1.364,1.377,1219930.0
1725786000000,1.378,1.393,1.372,1.373,1878791.0
1725789600000,1.374,1.385,1.373,1.383,1226639.0
1725793200000,1.383,1.39,1.374,1.377,1726059.0
1725796800000,1.376,1.385,1.362,1.366,2161156.0
1725800400000,1.366,1.373,1.357,1.367,2311341.0
1725804000000,1.366,1.369,1.357,1.361,2167664.0
1725807600000,1.361,1.369,1.348,1.351,3680346.0
1725811200000,1.351,1.361,1.339,1.35,2796441.0
1725814800000,1.35,1.372,1.349,1.37,2009372.0
1725818400000,1.37,1.373,1.365,1.369,828950.0
1725822000000,1.37,1.372,1.362,1.362,726094.0
1725825600000,1.362,1.369,1.359,1.367,919373.0
1725829200000,1.367,1.383,1.366,1.382,1282229.0
1725832800000,1.381,1.416,1.377,1.389,4542391.0
1725836400000,1.39,1.408,1.386,1.396,1975892.0
1725840000000,1.396,1.415,1.388,1.403,2713561.0
1725843600000,1.402,1.422,1.402,1.414,2684216.0
1725847200000,1.414,1.416,1.399,1.41,1489085.0
1725850800000,1.41,1.411,1.395,1.401,1656744.0
1725854400000,1.401,1.402,1.39,1.393,1229343.0
1725858000000,1.394,1.397,1.382,1.385,1657263.0
1725861600000,1.384,1.398,1.383,1.397,1361281.0
1725865200000,1.397,1.408,1.391,1.407,1834510.0
1725868800000,1.407,1.422,1.406,1.416,2425366.0
1725872400000,1.416,1.427,1.409,1.41,2398680.0
1725876000000,1.41,1.42,1.409,1.415,1831608.0
1725879600000,1.416,1.417,1.409,1.413,1003484.0
1725883200000,1.414,1.415,1.401,1.412,1539480.0
1725886800000,1.413,1.43,1.41,1.421,3570698.0
1725890400000,1.422,1.423,1.391,1.393,3764872.0
1725894000000,1.393,1.415,1.392,1.41,2239289.0
1725897600000,1.411,1.445,1.409,1.441,5417312.0
1725901200000,1.442,1.45,1.431,1.442,3476368.0
1725904800000,1.443,1.458,1.44,1.451,3192295.0
1725908400000,1.452,1.469,1.449,1.467,2056821.0
1725912000000,1.467,1.471,1.451,1.458,1130733.0
1725915600000,1.459,1.493,1.457,1.471,3310672.0
1725919200000,1.471,1.478,1.457,1.462,1354918.0
1725922800000,1.462,1.469,1.458,1.46,1119947.0
1725926400000,1.46,1.462,1.442,1.448,2788100.0
1725930000000,1.449,1.451,1.432,1.437,1315431.0
1725933600000,1.438,1.442,1.428,1.44,1427483.0
1725937200000,1.44,1.44,1.426,1.428,1041174.0
1725940800000,1.428,1.436,1.424,1.432,1410991.0
1725944400000,1.432,1.454,1.431,1.45,2257062.0
1725948000000,1.45,1.45,1.436,1.439,1636462.0
1725951600000,1.439,1.465,1.435,1.458,2452068.0
1725955200000,1.458,1.468,1.449,1.452,2021213.0
1725958800000,1.453,1.459,1.443,1.453,1818211.0
1725962400000,1.454,1.46,1.447,1.458,983073.0
1725966000000,1.459,1.477,1.458,1.473,2647512.0
1725969600000,1.472,1.476,1.458,1.459,1942491.0
1725973200000,1.458,1.458,1.441,1.447,3532392.0
1725976800000,1.448,1.467,1.442,1.453,3139795.0
1725980400000,1.453,1.467,1.445,1.446,2190112.0
1725984000000,1.445,1.461,1.444,1.455,2058705.0
1725987600000,1.456,1.477,1.455,1.464,2376475.0
1725991200000,1.463,1.486,1.462,1.471,2263699.0
1725994800000,1.47,1.479,1.463,1.475,1411903.0
1725998400000,1.475,1.48,1.466,1.466,1302055.0
1726002000000,1.467,1.474,1.465,1.467,808137.0
1726005600000,1.467,1.477,1.466,1.474,673207.0
1726009200000,1.474,1.476,1.466,1.469,648794.0
1726012800000,1.469,1.474,1.454,1.47,2933441.0
1726016400000,1.47,1.474,1.442,1.448,3410678.0
1726020000000,1.448,1.463,1.447,1.451,1974430.0
1726023600000,1.45,1.453,1.438,1.442,1865245.0
1726027200000,1.441,1.442,1.419,1.436,4471250.0
1726030800000,1.436,1.437,1.421,1.422,1623621.0
1726034400000,1.423,1.436,1.419,1.42,2040055.0
1726038000000,1.421,1.432,1.42,1.431,1509817.0
1726041600000,1.431,1.431,1.406,1.407,2469255.0
1726045200000,1.407,1.42,1.404,1.409,1757433.0
1726048800000,1.408,1.412,1.398,1.406,2395690.0
1726052400000,1.406,1.416,1.405,1.41,1524349.0
1726056000000,1.409,1.427,1.394,1.412,6902893.0
1726059600000,1.411,1.429,1.375,1.376,8341294.0
1726063200000,1.376,1.386,1.358,1.372,6986795.0
1726066800000,1.372,1.396,1.364,1.381,5318756.0
1726070400000,1.38,1.397,1.379,1.391,3287347.0
1726074000000,1.39,1.4,1.377,1.381,3405278.0
1726077600000,1.382,1.39,1.372,1.375,3389689.0
1726081200000,1.374,1.375,1.362,1.37,2117968.0
1726084800000,1.37,1.388,1.37,1.379,2108730.0
1726088400000,1.38,1.392,1.378,1.39,1056539.0
1726092000000,1.389,1.392,1.378,1.384,1061891.0
1726095600000,1.385,1.386,1.374,1.375,1247574.0
1726099200000,1.374,1.4,1.372,1.391,3768587.0
1726102800000,1.391,1.416,1.391,1.415,3318823.0
1726106400000,1.415,1.43,1.399,1.399,3617505.0
1726110000000,1.4,1.411,1.397,1.403,1576645.0
1726113600000,1.403,1.414,1.394,1.396,2399946.0
1726117200000,1.396,1.406,1.388,1.403,2198129.0
1726120800000,1.403,1.41,1.392,1.404,1942082.0
1726124400000,1.404,1.419,1.403,1.41,1865550.0
1726128000000,1.411,1.423,1.406,1.407,2164113.0
1726131600000,1.408,1.427,1.403,1.423,2293094.0
1726135200000,1.424,1.435,1.414,1.415,2813059.0
1726138800000,1.415,1.42,1.407,1.412,1687945.0
1726142400000,1.413,1.418,1.397,1.409,2932712.0
1726146000000,1.408,1.421,1.4,1.408,2571243.0
1726149600000,1.409,1.428,1.389,1.391,4842298.0
1726153200000,1.391,1.407,1.386,1.398,2655877.0
1726156800000,1.397,1.432,1.395,1.431,3965210.0
1726160400000,1.43,1.529,1.426,1.528,18850490.0
1726164000000,1.528,1.598,1.52,1.589,16564326.0
1726167600000,1.59,1.618,1.584,1.597,12787590.0
1726171200000,1.596,1.599,1.563,1.565,8504835.0
1726174800000,1.566,1.575,1.55,1.558,5084381.0
1726178400000,1.558,1.561,1.531,1.535,5366520.0
1726182000000,1.535,1.548,1.529,1.541,4691994.0
1726185600000,1.541,1.545,1.514,1.516,6430105.0
1726189200000,1.515,1.527,1.501,1.521,7252010.0
1726192800000,1.521,1.523,1.508,1.516,5584034.0
1726196400000,1.516,1.538,1.516,1.523,5825544.0
1726200000000,1.523,1.53,1.487,1.491,7674614.0
1726203600000,1.49,1.505,1.482,1.499,6867378.0
1726207200000,1.498,1.499,1.474,1.48,6661302.0
1726210800000,1.48,1.491,1.478,1.49,3663784.0
1726214400000,1.49,1.503,1.484,1.495,4356022.0
1726218000000,1.495,1.51,1.493,1.505,4548595.0
1726221600000,1.505,1.512,1.493,1.505,5116199.0
1726225200000,1.505,1.507,1.478,1.485,4668860.0
1726228800000,1.485,1.491,1.462,1.471,9911800.0
1726232400000,1.471,1.479,1.458,1.472,5189054.0
1726236000000,1.472,1.482,1.46,1.481,7807682.0
1726239600000,1.48,1.524,1.476,1.514,11637651.0
1726243200000,1.513,1.523,1.495,1.506,9390626.0
1726246800000,1.506,1.522,1.503,1.505,3636318.0
1726250400000,1.506,1.523,1.505,1.515,3521045.0
1726254000000,1.515,1.521,1.508,1.511,2246541.0
1726257600000,1.512,1.52,1.506,1.514,1528365.0
1726261200000,1.514,1.536,1.513,1.524,3031076.0
1726264800000,1.525,1.536,1.523,1.526,2750840.0
1726268400000,1.526,1.527,1.508,1.52,2999853.0
1726272000000,1.52,1.531,1.515,1.53,2582057.0
1726275600000,1.531,1.542,1.528,1.528,2924554.0
1726279200000,1.529,1.54,1.526,1.535,2147880.0
1726282800000,1.535,1.555,1.534,1.552,3413139.0
1726286400000,1.552,1.553,1.528,1.529,2640108.0
1726290000000,1.53,1.536,1.512,1.514,4282881.0
1726293600000,1.514,1.527,1.513,1.521,3155859.0
1726297200000,1.521,1.528,1.514,1.518,1857383.0
1726300800000,1.519,1.531,1.511,1.515,2624908.0
1726304400000,1.515,1.527,1.513,1.526,1801645.0
1726308000000,1.526,1.528,1.498,1.502,3330929.0
1726311600000,1.501,1.506,1.49,1.504,3233770.0
1726315200000,1.505,1.515,1.497,1.509,2312285.0
1726318800000,1.509,1.516,1.507,1.513,1208495.0
1726322400000,1.513,1.536,1.504,1.532,3226713.0
1726326000000,1.531,1.544,1.522,1.523,3498100.0
1726329600000,1.522,1.535,1.518,1.52,2249224.0
1726333200000,1.519,1.519,1.506,1.508,1509013.0
1726336800000,1.508,1.508,1.487,1.501,5222744.0
1726340400000,1.502,1.503,1.492,1.494,1482190.0
1726344000000,1.494,1.513,1.493,1.511,1843570.0
1726347600000,1.512,1.518,1.506,1.507,1080720.0
1726351200000,1.507,1.515,1.497,1.51,1519783.0
1726354800000,1.51,1.515,1.508,1.512,701560.0
1726358400000,1.512,1.521,1.508,1.514,1259948.0
1726362000000,1.515,1.532,1.511,1.53,3210770.0
1726365600000,1.53,1.549,1.53,1.548,3613976.0
1726369200000,1.548,1.548,1.528,1.537,2184139.0
1726372800000,1.538,1.55,1.517,1.518,3010583.0
1726376400000,1.518,1.535,1.517,1.529,1648998.0
1726380000000,1.53,1.581,1.53,1.55,7944133.0
1726383600000,1.549,1.562,1.541,1.557,3690132.0
1726387200000,1.557,1.561,1.538,1.542,3453001.0
1726390800000,1.541,1.549,1.535,1.538,1972823.0
1726394400000,1.538,1.54,1.516,1.524,3900387.0
1726398000000,1.523,1.53,1.513,1.529,2869927.0
1726401600000,1.528,1.548,1.522,1.543,3181187.0
1726405200000,1.544,1.554,1.536,1.541,2842174.0
1726408800000,1.541,1.542,1.512,1.532,4520967.0
1726412400000,1.531,1.545,1.525,1.538,2907040.0
1726416000000,1.539,1.547,1.503,1.506,4425281.0
1726419600000,1.505,1.512,1.49,1.5,4534014.0
1726423200000,1.5,1.512,1.494,1.504,2726378.0
1726426800000,1.504,1.512,1.495,1.499,1804171.0
1726430400000,1.498,1.506,1.483,1.492,2663523.0
1726434000000,1.491,1.491,1.463,1.476,4370771.0
1726437600000,1.478,1.485,1.464,1.482,1725226.0
1726441200000,1.482,1.486,1.452,1.472,6200152.0
1726444800000,1.472,1.476,1.454,1.466,4084973.0
1726448400000,1.465,1.468,1.439,1.448,4941696.0
1726452000000,1.448,1.451,1.427,1.434,3969795.0
1726455600000,1.434,1.449,1.43,1.448,2305435.0
1726459200000,1.448,1.451,1.438,1.442,2124405.0
1726462800000,1.443,1.463,1.442,1.461,1919246.0
1726466400000,1.461,1.461,1.434,1.437,2382418.0
1726470000000,1.436,1.453,1.434,1.449,2417144.0
1726473600000,1.448,1.461,1.437,1.443,3360206.0
1726477200000,1.443,1.449,1.408,1.422,6005071.0
1726480800000,1.421,1.437,1.415,1.434,2665842.0
1726484400000,1.434,1.439,1.428,1.436,1319236.0
1726488000000,1.435,1.439,1.423,1.424,2339730.0
1726491600000,1.423,1.44,1.417,1.439,3350688.0
1726495200000,1.439,1.439,1.407,1.415,5284265.0
1726498800000,1.416,1.436,1.414,1.418,3437752.0
1726502400000,1.417,1.426,1.404,1.411,3282745.0
1726506000000,1.412,1.423,1.394,1.419,5603716.0
1726509600000,1.419,1.421,1.401,1.408,2391664.0
1726513200000,1.407,1.41,1.398,1.402,1237698.0
1726516800000,1.403,1.409,1.389,1.39,2654489.0
1726520400000,1.39,1.413,1.384,1.411,1768869.0
1726524000000,1.411,1.415,1.404,1.408,1042034.0
1726527600000,1.408,1.422,1.408,1.414,1309025.0
1726531200000,1.414,1.423,1.405,1.406,1691928.0
1726534800000,1.406,1.413,1.396,1.411,2151913.0
1726538400000,1.41,1.421,1.41,1.414,1791946.0
1726542000000,1.413,1.427,1.41,1.421,1533987.0
1726545600000,1.421,1.434,1.419,1.427,1262417.0
1726549200000,1.428,1.439,1.425,1.438,1724301.0
1726552800000,1.437,1.438,1.421,1.423,1612780.0
1726556400000,1.423,1.43,1.421,1.425,1469024.0
1726560000000,1.425,1.436,1.424,1.431,1666749.0
1726563600000,1.431,1.442,1.423,1.435,2010495.0
1726567200000,1.435,1.449,1.434,1.448,2232222.0
1726570800000,1.448,1.45,1.435,1.442,1501153.0
1726574400000,1.443,1.447,1.433,1.441,1467980.0
1726578000000,1.441,1.455,1.428,1.433,3467797.0
1726581600000,1.432,1.473,1.431,1.46,6066189.0
1726585200000,1.461,1.493,1.461,1.489,6147418.0
1726588800000,1.489,1.511,1.472,1.48,7784951.0
1726592400000,1.481,1.489,1.47,1.473,2372331.0
1726596000000,1.472,1.483,1.463,1.468,1912913.0
1726599600000,1.469,1.479,1.459,1.474,1856763.0
1726603200000,1.474,1.491,1.47,1.475,2186226.0
1726606800000,1.474,1.491,1.472,1.488,879686.0
1726610400000,1.488,1.493,1.478,1.482,1186185.0
1726614000000,1.482,1.482,1.471,1.477,1129350.0
1726617600000,1.478,1.486,1.458,1.477,3080676.0
1726621200000,1.478,1.484,1.467,1.47,1733569.0
1726624800000,1.47,1.494,1.468,1.493,1968805.0
1726628400000,1.492,1.517,1.491,1.5,4172708.0
1726632000000,1.501,1.506,1.477,1.484,2997549.0
1726635600000,1.483,1.488,1.474,1.487,1787883.0
1726639200000,1.487,1.498,1.481,1.496,1848031.0
1726642800000,1.495,1.505,1.493,1.504,1687010.0
1726646400000,1.503,1.505,1.483,1.484,2228256.0
1726650000000,1.484,1.488,1.453,1.453,3412970.0
1726653600000,1.453,1.464,1.444,1.463,3640701.0
1726657200000,1.463,1.471,1.456,1.459,1505244.0
1726660800000,1.459,1.469,1.452,1.467,1811068.0
1726664400000,1.467,1.474,1.437,1.447,4326066.0
1726668000000,1.446,1.457,1.439,1.446,2799579.0
1726671600000,1.447,1.456,1.431,1.439,3045003.0
1726675200000,1.438,1.459,1.424,1.456,4510747.0
1726678800000,1.456,1.468,1.442,1.457,3454534.0
1726682400000,1.456,1.529,1.453,1.516,16359628.0
1726686000000,1.516,1.526,1.501,1.508,6869163.0
1726689600000,1.509,1.513,1.491,1.51,3318238.0
1726693200000,1.51,1.527,1.509,1.509,2142995.0
1726696800000,1.509,1.522,1.509,1.511,1417621.0
1726700400000,1.512,1.561,1.512,1.558,4205152.0
1726704000000,1.558,1.588,1.545,1.573,6862676.0
1726707600000,1.573,1.578,1.538,1.557,3859937.0
1726711200000,1.558,1.566,1.546,1.565,2124559.0
1726714800000,1.565,1.597,1.563,1.584,4285471.0
1726718400000,1.584,1.6,1.577,1.596,2833897.0
1726722000000,1.596,1.618,1.595,1.606,3433580.0
1726725600000,1.606,1.608,1.583,1.588,3875516.0
1726729200000,1.587,1.6,1.587,1.597,2272248.0
1726732800000,1.597,1.605,1.563,1.568,3394476.0
1726736400000,1.568,1.585,1.563,1.58,2587460.0
1726740000000,1.578,1.594,1.577,1.58,1984462.0
1726743600000,1.58,1.608,1.576,1.599,2145259.0
1726747200000,1.6,1.615,1.595,1.602,3572035.0
1726750800000,1.602,1.644,1.597,1.606,7621808.0
1726754400000,1.606,1.621,1.592,1.618,4359156.0
1726758000000,1.619,1.629,1.604,1.607,2962233.0
1726761600000,1.607,1.644,1.605,1.63,4597216.0
1726765200000,1.63,1.655,1.623,1.637,4684918.0
1726768800000,1.638,1.646,1.619,1.621,3160535.0
1726772400000,1.621,1.621,1.608,1.613,2414867.0
1726776000000,1.613,1.621,1.596,1.6,1675553.0
1726779600000,1.6,1.604,1.586,1.589,1696285.0
1726783200000,1.589,1.608,1.583,1.605,2345487.0
1726786800000,1.605,1.612,1.595,1.597,1522562.0
1726790400000,1.597,1.611,1.573,1.587,3617617.0
1726794000000,1.587,1.59,1.565,1.584,3925035.0
1726797600000,1.585,1.594,1.576,1.593,2122693.0
1726801200000,1.593,1.64,1.591,1.639,4011740.0
1726804800000,1.638,1.678,1.632,1.666,7134809.0
1726808400000,1.666,1.68,1.653,1.66,3571055.0
1726812000000,1.661,1.689,1.643,1.678,4398132.0
1726815600000,1.677,1.68,1.646,1.661,3793861.0
1726819200000,1.661,1.665,1.64,1.661,3239807.0
1726822800000,1.66,1.671,1.649,1.651,2194137.0
1726826400000,1.651,1.674,1.651,1.666,2612535.0
1726830000000,1.665,1.666,1.626,1.634,4673640.0
1726833600000,1.634,1.649,1.631,1.64,2400210.0
1726837200000,1.641,1.644,1.607,1.614,5422852.0
1726840800000,1.614,1.646,1.607,1.625,4146446.0
1726844400000,1.625,1.63,1.614,1.624,2908548.0
1726848000000,1.625,1.637,1.611,1.617,2447296.0
1726851600000,1.617,1.624,1.596,1.601,3207131.0
1726855200000,1.6,1.611,1.586,1.61,2927168.0
1726858800000,1.609,1.619,1.604,1.609,1711744.0
1726862400000,1.61,1.613,1.601,1.604,851571.0
1726866000000,1.605,1.634,1.605,1.623,1733867.0
1726869600000,1.624,1.63,1.619,1.626,765938.0
1726873200000,1.625,1.625,1.61,1.62,1084194.0
1726876800000,1.621,1.628,1.604,1.617,2120353.0
1726880400000,1.617,1.621,1.592,1.592,2058190.0
1726884000000,1.593,1.602,1.587,1.595,1545742.0
1726887600000,1.596,1.609,1.581,1.583,2100485.0
1726891200000,1.582,1.589,1.566,1.576,3314192.0
1726894800000,1.576,1.59,1.572,1.585,1399739.0
1726898400000,1.584,1.608,1.583,1.602,2014043.0
1726902000000,1.602,1.605,1.593,1.602,1856417.0
1726905600000,1.602,1.606,1.591,1.592,1550983.0
1726909200000,1.592,1.603,1.588,1.597,1294121.0
1726912800000,1.597,1.598,1.583,1.586,1078663.0
1726916400000,1.586,1.597,1.585,1.592,696209.0
1726920000000,1.591,1.606,1.588,1.604,1238307.0
1726923600000,1.604,1.627,1.597,1.625,2600851.0
1726927200000,1.626,1.646,1.621,1.632,2514414.0
1726930800000,1.633,1.634,1.607,1.616,1967780.0
1726934400000,1.617,1.624,1.604,1.608,1505189.0
1726938000000,1.608,1.623,1.605,1.616,1245215.0
1726941600000,1.616,1.62,1.613,1.615,626767.0
1726945200000,1.615,1.625,1.612,1.616,653076.0
1726948800000,1.616,1.623,1.613,1.614,687224.0
1726952400000,1.613,1.615,1.605,1.609,646259.0
1726956000000,1.608,1.623,1.606,1.622,918119.0
1726959600000,1.622,1.655,1.618,1.645,2312209.0
1726963200000,1.646,1.65,1.618,1.64,2771491.0
1726966800000,1.64,1.661,1.623,1.624,3661317.0
1726970400000,1.624,1.63,1.596,1.605,3478602.0
1726974000000,1.606,1.617,1.599,1.603,1893170.0
1726977600000,1.603,1.616,1.6,1.609,1303963.0
1726981200000,1.609,1.611,1.592,1.592,1626951.0
1726984800000,1.592,1.603,1.589,1.592,1214572.0
1726988400000,1.591,1.599,1.59,1.596,910655.0
1726992000000,1.596,1.604,1.591,1.601,1116123.0
1726995600000,1.601,1.603,1.579,1.581,2266693.0
1726999200000,1.582,1.589,1.569,1.573,1849652.0
1727002800000,1.573,1.586,1.562,1.58,2579719.0
1727006400000,1.58,1.587,1.566,1.577,1615676.0
1727010000000,1.576,1.583,1.544,1.548,4660472.0
1727013600000,1.549,1.558,1.533,1.545,5407322.0
1727017200000,1.545,1.553,1.537,1.544,2201374.0
1727020800000,1.544,1.552,1.524,1.547,4084180.0
1727024400000,1.546,1.57,1.545,1.566,2517013.0
1727028000000,1.566,1.566,1.548,1.551,1445221.0
1727031600000,1.551,1.562,1.535,1.557,1852981.0
1727035200000,1.557,1.567,1.554,1.559,1362066.0
1727038800000,1.559,1.566,1.53,1.534,1143063.0
1727042400000,1.533,1.578,1.512,1.573,6172131.0
1727046000000,1.572,1.577,1.557,1.562,1978132.0
1727049600000,1.562,1.587,1.52,1.577,5107424.0
1727053200000,1.576,1.605,1.575,1.599,3647904.0
1727056800000,1.599,1.623,1.588,1.621,2780706.0
1727060400000,1.621,1.656,1.621,1.648,7002045.0
1727064000000,1.648,1.659,1.626,1.636,3355338.0
1727067600000,1.636,1.696,1.625,1.68,6034440.0
1727071200000,1.679,1.76,1.673,1.756,13158324.0
1727074800000,1.755,1.767,1.712,1.713,12346333.0
1727078400000,1.714,1.732,1.692,1.699,10686278.0
1727082000000,1.699,1.711,1.693,1.699,4290649.0
1727085600000,1.699,1.718,1.683,1.687,7062943.0
1727089200000,1.686,1.688,1.665,1.67,5444813.0
1727092800000,1.67,1.731,1.668,1.695,9466207.0
1727096400000,1.696,1.716,1.682,1.696,6820450.0
1727100000000,1.696,1.746,1.689,1.713,9502066.0
1727103600000,1.713,1.745,1.695,1.725,5473986.0
1727107200000,1.724,1.786,1.719,1.719,14780027.0
1727110800000,1.719,1.753,1.714,1.739,4196304.0
1727114400000,1.739,1.748,1.731,1.735,1980593.0
1727118000000,1.734,1.74,1.722,1.724,1338649.0
1727121600000,1.724,1.736,1.707,1.71,1508224.0
1727125200000,1.71,1.733,1.695,1.729,2400359.0
1727128800000,1.729,1.732,1.711,1.711,2229959.0
1727132400000,1.712,1.718,1.703,1.71,1205319.0
1727136000000,1.709,1.72,1.671,1.674,5298325.0
1727139600000,1.674,1.687,1.657,1.671,3577141.0
1727143200000,1.67,1.687,1.657,1.681,2926227.0
1727146800000,1.681,1.701,1.676,1.698,2963614.0
1727150400000,1.697,1.701,1.673,1.678,2240401.0
1727154000000,1.678,1.701,1.676,1.697,1929083.0
1727157600000,1.698,1.719,1.696,1.718,2516956.0
1727161200000,1.718,1.752,1.714,1.742,4631328.0
1727164800000,1.742,1.777,1.735,1.769,6367365.0
1727168400000,1.768,1.808,1.748,1.757,8913455.0
1727172000000,1.758,1.762,1.738,1.74,3925515.0
1727175600000,1.741,1.749,1.728,1.748,4211269.0
1727179200000,1.748,1.766,1.735,1.737,4318671.0
1727182800000,1.736,1.759,1.733,1.741,2874036.0
1727186400000,1.741,1.742,1.683,1.7,10199541.0
1727190000000,1.701,1.72,1.691,1.706,4036847.0
1727193600000,1.707,1.721,1.698,1.715,2738138.0
1727197200000,1.714,1.737,1.712,1.722,3399371.0
1727200800000,1.721,1.733,1.716,1.72,1937662.0
1727204400000,1.72,1.747,1.718,1.74,1771924.0
1727208000000,1.74,1.759,1.727,1.75,3317122.0
1727211600000,1.751,1.827,1.749,1.793,7776678.0
1727215200000,1.793,1.845,1.792,1.83,5982510.0
1727218800000,1.83,1.831,1.805,1.811,2877854.0
1727222400000,1.811,1.84,1.791,1.813,5018763.0
1727226000000,1.813,1.869,1.812,1.842,8703095.0
1727229600000,1.842,1.888,1.837,1.869,5602773.0
1727233200000,1.869,1.878,1.859,1.873,2487282.0
1727236800000,1.873,1.88,1.84,1.841,3549539.0
1727240400000,1.842,1.854,1.825,1.833,2907220.0
1727244000000,1.833,1.834,1.8,1.802,5254123.0
1727247600000,1.802,1.817,1.798,1.812,3026468.0
1727251200000,1.812,1.826,1.804,1.806,2736031.0
1727254800000,1.806,1.826,1.805,1.811,1679314.0
1727258400000,1.811,1.831,1.806,1.823,2739655.0
1727262000000,1.822,1.848,1.816,1.842,3085662.0
1727265600000,1.843,1.856,1.831,1.836,4128789.0
1727269200000,1.835,1.87,1.834,1.846,6722512.0
1727272800000,1.847,1.891,1.847,1.888,5976070.0
1727276400000,1.888,2.053,1.884,2.004,37689450.0
1727280000000,2.003,2.121,1.997,2.076,28267894.0
1727283600000,2.076,2.107,2.041,2.049,16926104.0
1727287200000,2.049,2.146,2.042,2.138,10615861.0
1727290800000,2.138,2.14,2.106,2.108,9034860.0
1727294400000,2.109,2.143,2.103,2.123,5108186.0
1727298000000,2.124,2.139,2.102,2.106,3555613.0
1727301600000,2.107,2.147,2.079,2.134,9163923.0
1727305200000,2.134,2.143,2.087,2.107,7078667.0
1727308800000,2.107,2.179,2.05,2.082,17753096.0
1727312400000,2.082,2.092,2.046,2.083,10330039.0
1727316000000,2.083,2.094,2.056,2.063,4873915.0
1727319600000,2.062,2.068,2.042,2.052,4228513.0
1727323200000,2.052,2.088,2.046,2.058,5572585.0
1727326800000,2.058,2.123,2.052,2.112,7295091.0
1727330400000,2.111,2.143,2.1,2.112,7462510.0
1727334000000,2.112,2.126,2.071,2.095,5565779.0
1727337600000,2.095,2.11,2.083,2.095,4111453.0
1727341200000,2.094,2.114,2.081,2.101,3650175.0
1727344800000,2.1,2.157,2.093,2.153,8107143.0
1727348400000,2.153,2.177,2.126,2.152,10101672.0
1727352000000,2.152,2.182,2.117,2.137,12482426.0
1727355600000,2.136,2.146,2.103,2.111,8182419.0
1727359200000,2.111,2.169,2.066,2.068,15695943.0
1727362800000,2.069,2.11,2.062,2.093,9363648.0
1727366400000,2.093,2.161,2.09,2.148,8762290.0
1727370000000,2.148,2.166,2.091,2.093,6756352.0
1727373600000,2.093,2.106,2.053,2.07,4475883.0
1727377200000,2.07,2.082,2.053,2.055,2026370.0
1727380800000,2.055,2.065,2.01,2.013,6495739.0
1727384400000,2.013,2.044,2.01,2.038,2218827.0
1727388000000,2.037,2.052,2.031,2.041,2593183.0
1727391600000,2.041,2.048,2.013,2.034,3876937.0
1727395200000,2.034,2.058,2.022,2.027,4196458.0
1727398800000,2.027,2.051,1.996,2.028,6087216.0
1727402400000,2.028,2.032,2.001,2.009,2728343.0
1727406000000,2.008,2.062,2.002,2.057,6709319.0
1727409600000,2.058,2.107,2.056,2.096,10168044.0
1727413200000,2.096,2.13,2.086,2.123,5716569.0
1727416800000,2.124,2.147,2.107,2.109,6806201.0
1727420400000,2.108,2.127,2.086,2.096,4272640.0
1727424000000,2.096,2.124,2.095,2.103,3863137.0
1727427600000,2.104,2.132,2.077,2.079,5524288.0
1727431200000,2.079,2.082,2.046,2.051,5909987.0
1727434800000,2.051,2.076,2.048,2.069,3024141.0
1727438400000,2.068,2.112,2.06,2.099,5463818.0
1727442000000,2.099,2.101,2.049,2.077,4956574.0
1727445600000,2.078,2.124,2.072,2.088,9123505.0
1727449200000,2.087,2.121,2.069,2.088,6214156.0
1727452800000,2.088,2.176,2.087,2.15,15873767.0
1727456400000,2.15,2.167,2.092,2.13,6612870.0
1727460000000,2.13,2.145,2.1,2.109,3070158.0
1727463600000,2.108,2.12,2.084,2.087,1830822.0
1727467200000,2.087,2.092,2.058,2.084,2162905.0
1727470800000,2.084,2.088,2.072,2.078,724580.0
1727474400000,2.079,2.128,2.073,2.117,2118608.0
1727478000000,2.118,2.13,2.108,2.115,3096050.0
1727481600000,2.115,2.141,2.1,2.119,3884747.0
1727485200000,2.119,2.144,2.11,2.141,3006134.0
1727488800000,2.141,2.164,2.127,2.13,4815890.0
1727492400000,2.129,2.133,2.105,2.106,3449592.0
1727496000000,2.106,2.128,2.101,2.103,2790073.0
1727499600000,2.102,2.11,2.085,2.098,3330137.0
1727503200000,2.098,2.104,2.059,2.076,4058884.0
1727506800000,2.075,2.126,2.075,2.1,4928628.0
1727510400000,2.1,2.105,2.069,2.07,4477072.0
1727514000000,2.069,2.083,2.026,2.08,7436830.0
1727517600000,2.08,2.095,2.07,2.082,3518940.0
1727521200000,2.081,2.103,2.074,2.092,3083378.0
1727524800000,2.093,2.093,2.061,2.077,3414594.0
1727528400000,2.078,2.079,2.034,2.036,3749513.0
1727532000000,2.035,2.069,2.035,2.057,3334557.0
1727535600000,2.057,2.066,2.04,2.048,2128101.0
1727539200000,2.047,2.062,2.022,2.029,3665642.0
1727542800000,2.03,2.063,2.03,2.045,1838028.0
1727546400000,2.045,2.046,2.013,2.016,2915709.0
1727550000000,2.015,2.031,2.012,2.026,2274490.0
1727553600000,2.026,2.03,2.012,2.013,817087.0
1727557200000,2.014,2.017,1.973,1.998,4310366.0
1727560800000,1.998,2.009,1.982,1.993,2047712.0
1727564400000,1.994,2.019,1.983,2.011,2224186.0
1727568000000,2.011,2.037,2.004,2.016,3187024.0
1727571600000,2.017,2.031,2.003,2.029,2344081.0
1727575200000,2.029,2.051,2.025,2.036,3319251.0
1727578800000,2.037,2.063,2.027,2.055,2459635.0
1727582400000,2.054,2.057,2.028,2.036,1766202.0
1727586000000,2.035,2.059,2.029,2.035,2113474.0
1727589600000,2.034,2.041,2.006,2.013,3482973.0
1727593200000,2.012,2.019,1.943,1.953,8550024.0
1727596800000,1.954,1.967,1.941,1.95,4925784.0
1727600400000,1.951,1.986,1.951,1.971,3659695.0
1727604000000,1.972,1.992,1.96,1.975,3110475.0
1727607600000,1.974,1.994,1.971,1.982,1582999.0
1727611200000,1.983,1.992,1.952,1.952,3161919.0
1727614800000,1.953,1.991,1.928,1.986,6352316.0
1727618400000,1.985,2.006,1.973,1.986,3802156.0
1727622000000,1.986,2.038,1.98,2.035,5281097.0
1727625600000,2.034,2.065,2.009,2.042,7075527.0
1727629200000,2.043,2.06,2.036,2.049,3133270.0
1727632800000,2.049,2.078,2.044,2.051,4046062.0
1727636400000,2.051,2.098,2.049,2.086,3521958.0
1727640000000,2.085,2.112,2.068,2.08,3887893.0
1727643600000,2.079,2.095,2.066,2.089,2011023.0
1727647200000,2.088,2.108,2.055,2.056,3275607.0
1727650800000,2.057,2.063,2.028,2.044,3395476.0
1727654400000,2.045,2.068,2.01,2.058,5197959.0
1727658000000,2.059,2.072,1.988,1.991,6520570.0
1727661600000,1.992,2.02,1.983,1.985,5629804.0
1727665200000,1.985,2.025,1.963,2.022,5343276.0
1727668800000,2.021,2.023,1.985,1.999,2858928.0
1727672400000,1.998,2.037,1.991,2.031,2479620.0
1727676000000,2.03,2.044,1.996,1.998,3150045.0
1727679600000,1.998,2.028,1.996,2.014,2380553.0
1727683200000,2.013,2.017,1.975,1.987,3915428.0
1727686800000,1.987,1.989,1.954,1.965,4484805.0
1727690400000,1.965,1.973,1.924,1.932,6659467.0
1727694000000,1.932,1.972,1.916,1.97,5631555.0
1727697600000,1.971,1.975,1.941,1.963,3974938.0
1727701200000,1.962,2.002,1.954,1.955,6559998.0
1727704800000,1.956,1.96,1.927,1.939,4877240.0
1727708400000,1.939,1.947,1.884,1.886,8689430.0
1727712000000,1.887,1.901,1.871,1.893,7633327.0
1727715600000,1.893,1.914,1.89,1.907,2916403.0
1727719200000,1.907,1.913,1.882,1.897,3095985.0
1727722800000,1.897,1.899,1.885,1.895,1657202.0
1727726400000,1.896,1.917,1.894,1.913,3476541.0
1727730000000,1.914,1.922,1.895,1.898,1104425.0
1727733600000,1.898,1.903,1.858,1.859,3530915.0
1727737200000,1.86,1.876,1.826,1.852,8417886.0
1727740800000,1.853,1.889,1.842,1.885,4472252.0
1727744400000,1.885,1.914,1.881,1.906,4560214.0
1727748000000,1.907,1.924,1.893,1.917,3115978.0
1727751600000,1.916,1.946,1.912,1.941,3646691.0
1727755200000,1.942,1.966,1.933,1.947,4172990.0
1727758800000,1.948,1.95,1.906,1.911,4590437.0
1727762400000,1.912,1.934,1.91,1.928,3485679.0
1727766000000,1.927,1.94,1.915,1.922,2210452.0
1727769600000,1.922,1.931,1.904,1.916,2416342.0
1727773200000,1.917,1.944,1.916,1.919,2651428.0
1727776800000,1.919,1.924,1.908,1.918,1867995.0
1727780400000,1.917,1.926,1.897,1.904,2550190.0
1727784000000,1.904,1.921,1.892,1.899,3124101.0
1727787600000,1.899,1.903,1.811,1.839,12112889.0
1727791200000,1.839,1.854,1.776,1.785,11230370.0
1727794800000,1.786,1.792,1.683,1.75,23783380.0
1727798400000,1.75,1.771,1.692,1.722,11291479.0
1727802000000,1.722,1.722,1.572,1.695,27448782.0
1727805600000,1.695,1.713,1.673,1.684,6427357.0
1727809200000,1.683,1.694,1.658,1.662,3972050.0
1727812800000,1.662,1.678,1.629,1.673,7959134.0
1727816400000,1.673,1.677,1.648,1.664,3099359.0
1727820000000,1.664,1.666,1.631,1.647,2923688.0
1727823600000,1.648,1.667,1.643,1.657,3138858.0
1727827200000,1.657,1.68,1.644,1.661,4279753.0
1727830800000,1.661,1.706,1.658,1.699,3741020.0
1727834400000,1.698,1.71,1.688,1.699,3253939.0
1727838000000,1.699,1.713,1.692,1.701,2867784.0
1727841600000,1.701,1.702,1.682,1.687,2817940.0
1727845200000,1.687,1.709,1.681,1.688,3277067.0
1727848800000,1.688,1.742,1.681,1.732,4566104.0
1727852400000,1.732,1.745,1.712,1.726,3578656.0
1727856000000,1.725,1.741,1.714,1.724,3152128.0
1727859600000,1.724,1.73,1.674,1.681,7044792.0
1727863200000,1.68,1.707,1.668,1.671,4700322.0
1727866800000,1.671,1.697,1.659,1.682,5057424.0
1727870400000,1.683,1.709,1.666,1.673,5757683.0
1727874000000,1.673,1.705,1.644,1.691,6845675.0
1727877600000,1.691,1.697,1.654,1.654,5994482.0
1727881200000,1.655,1.698,1.65,1.666,8490530.0
1727884800000,1.665,1.707,1.656,1.658,7317811.0
1727888400000,1.657,1.676,1.627,1.635,6086907.0
1727892000000,1.636,1.638,1.567,1.569,8881673.0
1727895600000,1.569,1.595,1.543,1.582,9291161.0
1727899200000,1.582,1.619,1.569,1.61,4008747.0
1727902800000,1.61,1.618,1.596,1.604,1799011.0
1727906400000,1.605,1.611,1.582,1.61,1622064.0
1727910000000,1.61,1.614,1.594,1.6,1676347.0
1727913600000,1.6,1.628,1.588,1.616,3260603.0
1727917200000,1.616,1.641,1.615,1.63,2393641.0
1727920800000,1.631,1.639,1.625,1.632,1901791.0
1727924400000,1.631,1.653,1.624,1.643,3921489.0
1727928000000,1.643,1.643,1.627,1.633,1804790.0
1727931600000,1.633,1.639,1.615,1.62,2296858.0
1727935200000,1.619,1.632,1.611,1.624,2393515.0
1727938800000,1.624,1.628,1.591,1.592,3154681.0
1727942400000,1.592,1.596,1.556,1.564,6643297.0
1727946000000,1.563,1.591,1.533,1.588,6408982.0
1727949600000,1.588,1.61,1.58,1.609,2635215.0
1727953200000,1.609,1.614,1.59,1.592,2240443.0
1727956800000,1.592,1.611,1.578,1.592,3680598.0
1727960400000,1.593,1.605,1.562,1.595,6190049.0
1727964000000,1.595,1.624,1.568,1.57,7132307.0
1727967600000,1.57,1.609,1.533,1.601,10594472.0
1727971200000,1.602,1.608,1.551,1.569,8188047.0
1727974800000,1.569,1.606,1.546,1.597,6515836.0
1727978400000,1.596,1.605,1.574,1.582,4457070.0
1727982000000,1.582,1.612,1.572,1.61,3192158.0
1727985600000,1.609,1.617,1.588,1.591,2156996.0
1727989200000,1.591,1.61,1.575,1.605,1814618.0
1727992800000,1.605,1.617,1.595,1.609,2271526.0
1727996400000,1.609,1.619,1.594,1.604,2184510.0
1728000000000,1.603,1.619,1.585,1.588,3464758.0
1728003600000,1.588,1.639,1.588,1.625,4828798.0
1728007200000,1.624,1.632,1.607,1.619,2642010.0
1728010800000,1.619,1.623,1.609,1.62,2519110.0
1728014400000,1.619,1.649,1.617,1.633,3202741.0
1728018000000,1.633,1.668,1.632,1.657,3212717.0
1728021600000,1.657,1.675,1.648,1.664,2724754.0
1728025200000,1.663,1.68,1.654,1.667,2991859.0
1728028800000,1.666,1.7,1.665,1.676,4364169.0
1728032400000,1.675,1.688,1.65,1.651,4016285.0
1728036000000,1.65,1.66,1.638,1.639,2877466.0
1728039600000,1.64,1.671,1.636,1.666,2802036.0
1728043200000,1.666,1.691,1.649,1.686,8484799.0
1728046800000,1.685,1.693,1.643,1.645,7801004.0
1728050400000,1.646,1.65,1.617,1.638,7487446.0
1728054000000,1.637,1.676,1.636,1.675,5047970.0
1728057600000,1.676,1.697,1.665,1.686,5878295.0
1728061200000,1.686,1.697,1.673,1.686,3459744.0
1728064800000,1.687,1.71,1.683,1.707,2784907.0
1728068400000,1.706,1.726,1.701,1.719,4276023.0
1728072000000,1.719,1.725,1.702,1.709,1527521.0
1728075600000,1.708,1.716,1.694,1.696,1476851.0
1728079200000,1.697,1.699,1.684,1.691,1326839.0
1728082800000,1.69,1.701,1.681,1.697,999963.0
1728086400000,1.697,1.722,1.697,1.721,1438841.0
1728090000000,1.722,1.729,1.707,1.724,1905424.0
1728093600000,1.724,1.726,1.682,1.686,2641780.0
1728097200000,1.686,1.7,1.677,1.682,2381268.0
1728100800000,1.681,1.728,1.681,1.726,2900688.0
1728104400000,1.726,1.764,1.725,1.757,5570608.0
1728108000000,1.756,1.83,1.744,1.821,8097634.0
1728111600000,1.821,1.829,1.8,1.814,6440270.0
1728115200000,1.815,1.848,1.811,1.836,6776833.0
1728118800000,1.837,1.908,1.836,1.9,10796090.0
1728122400000,1.9,1.913,1.854,1.858,9763022.0
1728126000000,1.859,1.876,1.844,1.854,5549347.0
1728129600000,1.855,1.874,1.854,1.872,3950155.0
1728133200000,1.872,1.881,1.848,1.855,5714529.0
1728136800000,1.856,1.871,1.839,1.846,5380510.0
1728140400000,1.847,1.863,1.824,1.855,6176857.0
1728144000000,1.854,1.866,1.805,1.807,7911454.0
1728147600000,1.807,1.816,1.792,1.811,6223375.0
1728151200000,1.81,1.823,1.804,1.815,3021618.0
1728154800000,1.815,1.817,1.791,1.794,2888541.0
1728158400000,1.793,1.793,1.768,1.768,4618944.0
1728162000000,1.768,1.799,1.762,1.788,2400487.0
1728165600000,1.787,1.81,1.786,1.807,1880927.0
1728169200000,1.806,1.818,1.801,1.816,1311263.0
1728172800000,1.816,1.826,1.801,1.821,2519868.0
1728176400000,1.82,1.852,1.817,1.851,4299601.0
1728180000000,1.851,1.859,1.824,1.825,2938704.0
1728183600000,1.825,1.837,1.806,1.811,3367927.0
1728187200000,1.812,1.82,1.798,1.81,2572553.0
1728190800000,1.809,1.834,1.806,1.824,3313150.0
1728194400000,1.825,1.834,1.812,1.821,2416358.0
1728198000000,1.821,1.853,1.82,1.844,3430376.0
1728201600000,1.843,1.854,1.831,1.84,2619214.0
1728205200000,1.84,1.867,1.837,1.856,3373757.0
1728208800000,1.856,1.863,1.847,1.852,2455470.0
1728212400000,1.853,1.876,1.845,1.868,3709010.0
1728216000000,1.868,1.948,1.863,1.934,9624996.0
1728219600000,1.933,1.938,1.898,1.9,7968030.0
1728223200000,1.9,1.926,1.888,1.915,6753154.0
1728226800000,1.914,1.969,1.908,1.962,9101910.0
1728230400000,1.961,2.052,1.961,1.973,21226521.0
1728234000000,1.972,1.989,1.955,1.957,6298624.0
1728237600000,1.957,1.973,1.943,1.957,3370009.0
1728241200000,1.958,1.969,1.922,1.928,4334012.0
1728244800000,1.928,1.954,1.926,1.938,2103512.0
1728248400000,1.937,1.945,1.917,1.921,1678643.0
1728252000000,1.921,1.954,1.92,1.946,2007534.0
1728255600000,1.945,1.962,1.936,1.937,3132865.0
1728259200000,1.936,1.971,1.92,1.966,6005532.0
1728262800000,1.966,2.033,1.959,2.018,9400743.0
1728266400000,2.017,2.026,1.982,1.988,6642542.0
1728270000000,1.989,2.022,1.977,2.011,5152523.0
1728273600000,2.011,2.015,1.987,2.003,2345235.0
1728277200000,2.002,2.026,1.991,2.021,4222757.0
1728280800000,2.02,2.046,2.017,2.027,5030332.0
1728284400000,2.026,2.031,1.995,2.001,3509904.0
1728288000000,2.0,2.011,1.985,1.998,3173482.0
1728291600000,1.998,2.002,1.953,1.971,7224374.0
1728295200000,1.971,1.972,1.911,1.915,8634210.0
1728298800000,1.915,1.961,1.904,1.958,7696352.0
1728302400000,1.959,1.959,1.924,1.932,4589800.0
1728306000000,1.932,1.969,1.927,1.954,6690463.0
1728309600000,1.953,2.049,1.953,2.025,16632137.0
1728313200000,2.024,2.044,1.991,1.997,10283202.0
1728316800000,1.997,2.025,1.975,2.016,6845885.0
1728320400000,2.015,2.07,2.003,2.041,7684863.0
1728324000000,2.04,2.043,1.952,1.96,9286362.0
1728327600000,1.961,1.979,1.957,1.963,3484396.0
1728331200000,1.964,1.969,1.945,1.95,1945849.0
1728334800000,1.95,2.016,1.948,2.001,2422695.0
1728338400000,2.0,2.0,1.954,1.956,3048462.0
1728342000000,1.956,1.963,1.928,1.934,5867796.0
1728345600000,1.934,1.968,1.934,1.959,3122558.0
1728349200000,1.958,1.99,1.944,1.976,3604225.0
1728352800000,1.976,2.01,1.972,2.009,4223138.0
1728356400000,2.008,2.013,1.983,1.986,2302823.0
1728360000000,1.985,2.007,1.966,1.979,2713041.0
1728363600000,1.978,1.993,1.951,1.972,4101949.0
1728367200000,1.973,1.989,1.941,1.982,4698073.0
1728370800000,1.982,1.982,1.906,1.933,9023963.0
1728374400000,1.934,1.974,1.923,1.967,3654857.0
1728378000000,1.967,1.987,1.942,1.981,3180668.0
1728381600000,1.982,1.988,1.965,1.968,2087635.0
1728385200000,1.968,1.983,1.963,1.977,1842120.0
1728388800000,1.977,1.987,1.906,1.907,6433065.0
1728392400000,1.907,1.933,1.865,1.928,11826797.0
1728396000000,1.928,1.938,1.873,1.897,9605892.0
1728399600000,1.897,1.905,1.847,1.864,7660794.0
1728403200000,1.864,1.886,1.847,1.878,4817339.0
1728406800000,1.877,1.879,1.846,1.867,3291475.0
1728410400000,1.867,1.889,1.862,1.868,2981977.0
1728414000000,1.868,1.88,1.85,1.872,2087322.0
1728417600000,1.873,1.884,1.86,1.874,1486695.0
1728421200000,1.874,1.888,1.868,1.878,1269391.0
1728424800000,1.877,1.879,1.853,1.854,1313662.0
1728428400000,1.854,1.857,1.826,1.85,3438401.0
1728432000000,1.851,1.875,1.838,1.856,3810433.0
1728435600000,1.856,1.886,1.851,1.879,4037786.0
1728439200000,1.88,1.885,1.837,1.838,3347841.0
1728442800000,1.838,1.859,1.829,1.851,4239759.0
1728446400000,1.85,1.877,1.845,1.847,2883387.0
1728450000000,1.847,1.883,1.846,1.875,2574785.0
1728453600000,1.875,1.879,1.852,1.857,2468079.0
1728457200000,1.856,1.858,1.831,1.853,4112320.0
1728460800000,1.852,1.866,1.844,1.853,2469668.0
1728464400000,1.853,1.873,1.849,1.868,2440142.0
1728468000000,1.868,1.868,1.837,1.841,2252829.0
1728471600000,1.841,1.852,1.833,1.848,2032647.0
1728475200000,1.847,1.848,1.796,1.807,6357203.0
1728478800000,1.806,1.814,1.776,1.781,6230356.0
1728482400000,1.782,1.801,1.773,1.78,3493981.0
1728486000000,1.78,1.836,1.78,1.829,5377815.0
1728489600000,1.83,1.838,1.785,1.792,5294695.0
1728493200000,1.792,1.806,1.777,1.791,3572352.0
1728496800000,1.791,1.797,1.754,1.766,4458018.0
1728500400000,1.766,1.776,1.749,1.753,2101411.0
1728504000000,1.753,1.76,1.716,1.721,5199307.0
1728507600000,1.721,1.742,1.718,1.736,2109600.0
1728511200000,1.737,1.737,1.721,1.737,1664204.0
1728514800000,1.736,1.746,1.732,1.736,2120332.0
1728518400000,1.736,1.744,1.714,1.73,2554868.0
1728522000000,1.731,1.753,1.729,1.736,2447448.0
1728525600000,1.736,1.751,1.735,1.743,1516068.0
1728529200000,1.743,1.751,1.737,1.739,1328822.0
1728532800000,1.74,1.745,1.735,1.738,969504.0
1728536400000,1.739,1.763,1.726,1.757,2957820.0
1728540000000,1.757,1.77,1.753,1.767,2777824.0
1728543600000,1.767,1.769,1.744,1.744,1961101.0
1728547200000,1.745,1.763,1.722,1.724,3491480.0
1728550800000,1.724,1.731,1.701,1.716,5275963.0
1728554400000,1.716,1.753,1.716,1.741,4500396.0
1728558000000,1.742,1.756,1.733,1.749,3138959.0
1728561600000,1.749,1.75,1.703,1.708,7246068.0
1728565200000,1.709,1.729,1.674,1.692,9722365.0
1728568800000,1.692,1.702,1.667,1.686,8018585.0
1728572400000,1.686,1.696,1.661,1.692,6249015.0
1728576000000,1.692,1.71,1.647,1.649,10334303.0
1728579600000,1.65,1.668,1.637,1.648,5778039.0
1728583200000,1.647,1.687,1.645,1.685,6468390.0
1728586800000,1.685,1.691,1.679,1.682,2654837.0
1728590400000,1.683,1.69,1.668,1.681,3807486.0
1728594000000,1.68,1.705,1.674,1.704,1889465.0
1728597600000,1.704,1.705,1.684,1.692,1428196.0
1728601200000,1.693,1.703,1.689,1.7,1524675.0
1728604800000,1.699,1.709,1.691,1.694,2854481.0
1728608400000,1.693,1.723,1.686,1.713,3393738.0
1728612000000,1.713,1.716,1.702,1.709,3293931.0
1728615600000,1.71,1.721,1.709,1.713,1916442.0
1728619200000,1.714,1.726,1.708,1.711,2867329.0
1728622800000,1.711,1.731,1.706,1.708,2866415.0
1728626400000,1.709,1.742,1.709,1.734,3485937.0
1728630000000,1.734,1.761,1.732,1.756,3588711.0
1728633600000,1.756,1.763,1.745,1.754,3421895.0
1728637200000,1.754,1.809,1.753,1.8,7184874.0
1728640800000,1.801,1.829,1.796,1.818,9712150.0
1728644400000,1.818,1.82,1.804,1.804,3396490.0
1728648000000,1.804,1.842,1.804,1.838,6367907.0
1728651600000,1.839,1.899,1.819,1.88,15986147.0
1728655200000,1.88,1.957,1.877,1.942,20339342.0
1728658800000,1.941,1.962,1.907,1.928,12068788.0
1728662400000,1.928,1.951,1.908,1.946,6697213.0
1728666000000,1.947,1.95,1.93,1.937,4337784.0
1728669600000,1.938,1.946,1.924,1.933,2783655.0
1728673200000,1.934,1.947,1.922,1.932,2969749.0
1728676800000,1.933,1.94,1.925,1.929,1637484.0
1728680400000,1.93,1.946,1.926,1.943,1633976.0
1728684000000,1.943,1.954,1.935,1.937,2246020.0
1728687600000,1.936,1.945,1.922,1.932,2730447.0
1728691200000,1.933,1.948,1.927,1.938,2848635.0
1728694800000,1.939,1.946,1.925,1.938,2870743.0
1728698400000,1.938,1.938,1.895,1.898,4019216.0
1728702000000,1.898,1.908,1.881,1.893,2829004.0
1728705600000,1.893,1.921,1.893,1.901,3001030.0
1728709200000,1.9,1.933,1.896,1.931,2511886.0
1728712800000,1.93,1.985,1.922,1.983,5894042.0
1728716400000,1.984,2.042,1.964,2.03,10583221.0
1728720000000,2.03,2.035,2.005,2.016,6840378.0
1728723600000,2.016,2.017,1.979,1.999,6354489.0
1728727200000,1.999,2.018,1.992,2.003,3348347.0
1728730800000,2.004,2.03,1.999,2.003,4668031.0
1728734400000,2.004,2.026,1.998,2.009,4114740.0
1728738000000,2.009,2.067,2.0,2.059,8412244.0
1728741600000,2.06,2.089,2.029,2.06,10118200.0
1728745200000,2.06,2.069,2.018,2.024,6091786.0
1728748800000,2.023,2.038,2.012,2.012,3723379.0
1728752400000,2.013,2.024,2.002,2.015,3244907.0
1728756000000,2.015,2.038,2.012,2.022,3247273.0
1728759600000,2.023,2.027,2.002,2.019,1555670.0
1728763200000,2.018,2.034,2.014,2.029,1367780.0
1728766800000,2.029,2.069,2.028,2.058,1975668.0
1728770400000,2.059,2.07,2.042,2.063,2504037.0
1728774000000,2.063,2.123,2.061,2.083,8711600.0
1728777600000,2.082,2.093,2.055,2.061,5020380.0
1728781200000,2.06,2.063,2.022,2.028,5041193.0
1728784800000,2.029,2.043,2.013,2.018,2974099.0
1728788400000,2.018,2.024,1.996,2.013,3789815.0
1728792000000,2.013,2.038,2.006,2.029,3462524.0
1728795600000,2.028,2.077,2.024,2.058,4694464.0
1728799200000,2.058,2.065,2.034,2.036,3511897.0
1728802800000,2.037,2.049,2.022,2.033,2870690.0
1728806400000,2.033,2.033,2.006,2.009,3438058.0
1728810000000,2.008,2.033,2.007,2.031,3133473.0
1728813600000,2.031,2.042,2.008,2.013,3708616.0
1728817200000,2.012,2.027,1.986,1.992,4872699.0
1728820800000,1.993,2.024,1.991,1.994,2852605.0
1728824400000,1.994,2.015,1.993,2.01,2399519.0
1728828000000,2.01,2.013,1.961,1.964,6278515.0
1728831600000,1.964,1.972,1.933,1.943,7355283.0
1728835200000,1.943,1.968,1.941,1.963,4212853.0
1728838800000,1.964,1.99,1.963,1.97,5113420.0
1728842400000,1.97,1.972,1.937,1.954,5346553.0
1728846000000,1.954,1.981,1.954,1.973,1466976.0
1728849600000,1.973,1.998,1.965,1.989,2892017.0
1728853200000,1.989,2.071,1.988,2.062,4766434.0
1728856800000,2.06,2.094,2.047,2.053,7001393.0
1728860400000,2.053,2.086,2.035,2.077,4911511.0
1728864000000,2.076,2.149,2.07,2.087,12475925.0
1728867600000,2.088,2.248,2.087,2.195,18199132.0
1728871200000,2.195,2.207,2.154,2.202,11341627.0
1728874800000,2.202,2.346,2.198,2.331,21292502.0
1728878400000,2.33,2.338,2.293,2.31,14398190.0
1728882000000,2.311,2.318,2.277,2.286,9808557.0
1728885600000,2.285,2.328,2.276,2.31,7749166.0
1728889200000,2.311,2.359,2.299,2.319,10973033.0
1728892800000,2.319,2.333,2.287,2.297,8064964.0
1728896400000,2.298,2.321,2.279,2.294,5982248.0
1728900000000,2.293,2.327,2.268,2.307,7277691.0
1728903600000,2.308,2.338,2.296,2.323,7003983.0
1728907200000,2.323,2.346,2.309,2.318,5715960.0
1728910800000,2.318,2.367,2.311,2.33,8437268.0
1728914400000,2.33,2.447,2.316,2.358,20353711.0
1728918000000,2.359,2.429,2.343,2.351,12694256.0
1728921600000,2.351,2.36,2.291,2.296,11495162.0
1728925200000,2.296,2.312,2.284,2.285,4226390.0
1728928800000,2.285,2.331,2.284,2.325,4079802.0
1728932400000,2.325,2.343,2.308,2.318,4234877.0
1728936000000,2.318,2.344,2.316,2.331,2394783.0
1728939600000,2.331,2.358,2.32,2.324,1777164.0
1728943200000,2.324,2.411,2.321,2.409,9168335.0
1728946800000,2.41,2.424,2.377,2.416,5938765.0
1728950400000,2.417,2.424,2.361,2.379,10856806.0
1728954000000,2.379,2.415,2.37,2.393,7983851.0
1728957600000,2.393,2.433,2.388,2.406,4586476.0
1728961200000,2.405,2.407,2.366,2.379,4714791.0
1728964800000,2.378,2.565,2.372,2.519,19232228.0
1728968400000,2.519,2.531,2.44,2.472,15737400.0
1728972000000,2.472,2.6,2.459,2.586,13778453.0
1728975600000,2.586,2.649,2.546,2.633,15319243.0
1728979200000,2.633,2.647,2.565,2.568,11793874.0
1728982800000,2.569,2.57,2.512,2.522,11937959.0
1728986400000,2.522,2.581,2.52,2.556,7432548.0
1728990000000,2.555,2.559,2.409,2.43,23226063.0
1728993600000,2.431,2.516,2.425,2.495,15776336.0
1728997200000,2.495,2.542,2.469,2.515,13675833.0
1729000800000,2.515,2.537,2.332,2.34,27636507.0
1729004400000,2.341,2.394,2.276,2.355,21544050.0
1729008000000,2.355,2.447,2.355,2.4,12553045.0
1729011600000,2.4,2.422,2.377,2.394,5186132.0
1729015200000,2.395,2.419,2.385,2.391,3554391.0
1729018800000,2.391,2.407,2.362,2.379,3841678.0
1729022400000,2.379,2.388,2.311,2.313,4462703.0
1729026000000,2.315,2.352,2.307,2.344,2078254.0
1729029600000,2.343,2.36,2.323,2.339,2209276.0
1729033200000,2.339,2.398,2.339,2.391,3225059.0
1729036800000,2.391,2.393,2.33,2.33,4281759.0
1729040400000,2.33,2.37,2.298,2.355,7575304.0
1729044000000,2.354,2.426,2.353,2.377,7409388.0
1729047600000,2.376,2.39,2.351,2.354,5265513.0
1729051200000,2.353,2.383,2.302,2.33,8982853.0
1729054800000,2.33,2.364,2.327,2.335,4996545.0
1729058400000,2.335,2.349,2.257,2.283,13233134.0
1729062000000,2.282,2.282,2.251,2.264,8031907.0
1729065600000,2.263,2.304,2.263,2.276,8176062.0
1729069200000,2.275,2.336,2.273,2.331,8991134.0
1729072800000,2.331,2.355,2.316,2.336,7202495.0
1729076400000,2.336,2.408,2.311,2.362,15039825.0
1729080000000,2.363,2.38,2.329,2.337,6732167.0
1729083600000,2.338,2.356,2.282,2.291,8668875.0
1729087200000,2.292,2.345,2.286,2.304,6738435.0
1729090800000,2.305,2.336,2.237,2.245,8325870.0
1729094400000,2.245,2.266,2.172,2.198,14712505.0
1729098000000,2.199,2.236,2.195,2.211,4524593.0
1729101600000,2.212,2.229,2.203,2.21,1646292.0
1729105200000,2.21,2.229,2.207,2.222,1297803.0
1729108800000,2.223,2.262,2.222,2.24,2327579.0
1729112400000,2.239,2.273,2.239,2.253,1769795.0
1729116000000,2.253,2.28,2.253,2.265,1712734.0
1729119600000,2.265,2.265,2.234,2.238,1861288.0
1729123200000,2.237,2.259,2.226,2.231,4437333.0
1729126800000,2.231,2.279,2.217,2.268,4773040.0
1729130400000,2.268,2.273,2.227,2.237,4539785.0
1729134000000,2.237,2.267,2.236,2.261,2336892.0
1729137600000,2.262,2.266,2.228,2.233,2344773.0
1729141200000,2.233,2.252,2.207,2.22,3713835.0
1729144800000,2.22,2.244,2.206,2.209,3633734.0
1729148400000,2.21,2.218,2.181,2.215,5491523.0
1729152000000,2.215,2.236,2.195,2.225,3393550.0
1729155600000,2.224,2.236,2.217,2.232,2466312.0
1729159200000,2.232,2.238,2.183,2.22,5235492.0
1729162800000,2.22,2.226,2.156,2.163,6704493.0
1729166400000,2.163,2.234,2.151,2.228,6484978.0
1729170000000,2.228,2.284,2.211,2.258,13109291.0
1729173600000,2.258,2.299,2.232,2.282,10071544.0
1729177200000,2.283,2.325,2.274,2.301,12569845.0
1729180800000,2.3,2.301,2.233,2.237,7239174.0
1729184400000,2.237,2.258,2.105,2.119,24536716.0
1729188000000,2.118,2.151,2.081,2.102,11280479.0
1729191600000,2.102,2.132,2.096,2.121,3673826.0
1729195200000,2.121,2.168,2.12,2.139,4788820.0
1729198800000,2.138,2.151,2.123,2.126,1833486.0
1729202400000,2.126,2.15,2.117,2.13,3746448.0
1729206000000,2.13,2.131,2.115,2.129,1580183.0
1729209600000,2.129,2.146,2.107,2.114,3864089.0
1729213200000,2.115,2.195,2.113,2.182,6037614.0
1729216800000,2.183,2.212,2.161,2.206,5352334.0
1729220400000,2.207,2.215,2.183,2.193,4978302.0
1729224000000,2.193,2.219,2.184,2.186,3223361.0
1729227600000,2.187,2.2,2.173,2.198,3336511.0
1729231200000,2.198,2.212,2.187,2.195,3438801.0
1729234800000,2.196,2.221,2.18,2.201,4401853.0
1729238400000,2.2,2.207,2.172,2.2,3990609.0
1729242000000,2.201,2.205,2.166,2.173,4614199.0
1729245600000,2.172,2.193,2.167,2.187,3121101.0
1729249200000,2.187,2.197,2.174,2.178,2210135.0
1729252800000,2.178,2.186,2.137,2.144,5901152.0
1729256400000,2.145,2.244,2.142,2.22,9556988.0
1729260000000,2.221,2.242,2.195,2.215,7679668.0
1729263600000,2.214,2.293,2.214,2.28,11027844.0
1729267200000,2.28,2.384,2.272,2.376,20097793.0
1729270800000,2.376,2.439,2.337,2.42,9221414.0
1729274400000,2.421,2.466,2.4,2.404,12604404.0
1729278000000,2.404,2.418,2.371,2.374,4820811.0
1729281600000,2.374,2.388,2.364,2.37,4447822.0
1729285200000,2.371,2.395,2.365,2.368,2012566.0
1729288800000,2.368,2.372,2.336,2.352,3993826.0
1729292400000,2.352,2.378,2.349,2.369,2076826.0
1729296000000,2.368,2.374,2.339,2.346,2734384.0
1729299600000,2.345,2.365,2.331,2.348,2822197.0
1729303200000,2.348,2.39,2.347,2.37,3916634.0
1729306800000,2.37,2.39,2.366,2.38,2708929.0
1729310400000,2.38,2.414,2.371,2.387,3982388.0
1729314000000,2.386,2.438,2.38,2.426,5100785.0
1729317600000,2.425,2.499,2.421,2.497,7883992.0
1729321200000,2.497,2.533,2.443,2.456,15892299.0
1729324800000,2.455,2.478,2.437,2.474,5345320.0
1729328400000,2.473,2.497,2.453,2.46,4208331.0
1729332000000,2.46,2.475,2.426,2.433,5938647.0
1729335600000,2.433,2.452,2.391,2.398,7894217.0
1729339200000,2.398,2.42,2.386,2.413,4685245.0
1729342800000,2.412,2.448,2.397,2.437,5238313.0
1729346400000,2.437,2.496,2.436,2.479,9950163.0
1729350000000,2.479,2.507,2.464,2.492,9804531.0
1729353600000,2.491,2.498,2.444,2.471,8896109.0
1729357200000,2.47,2.527,2.451,2.462,9235415.0
1729360800000,2.462,2.476,2.445,2.454,3691560.0
1729364400000,2.455,2.47,2.434,2.438,2443048.0
1729368000000,2.438,2.449,2.426,2.435,1840910.0
1729371600000,2.435,2.458,2.434,2.437,1539432.0
1729375200000,2.436,2.466,2.428,2.452,1729024.0
1729378800000,2.452,2.475,2.443,2.457,2298814.0
1729382400000,2.458,2.478,2.401,2.403,4983220.0
1729386000000,2.404,2.412,2.385,2.399,4599098.0
1729389600000,2.399,2.426,2.371,2.376,4570933.0
1729393200000,2.376,2.386,2.361,2.382,3446725.0
1729396800000,2.381,2.393,2.364,2.372,3017374.0
1729400400000,2.371,2.379,2.346,2.364,3712443.0
1729404000000,2.364,2.391,2.355,2.39,3652032.0
1729407600000,2.39,2.409,2.387,2.39,2845807.0
1729411200000,2.39,2.412,2.367,2.374,4021553.0
1729414800000,2.374,2.413,2.366,2.41,3733338.0
1729418400000,2.409,2.413,2.391,2.392,1830276.0
1729422000000,2.393,2.409,2.391,2.394,1455903.0
1729425600000,2.394,2.405,2.348,2.35,6101383.0
1729429200000,2.35,2.38,2.335,2.377,5086674.0
1729432800000,2.378,2.434,2.378,2.41,7532229.0
1729436400000,2.411,2.416,2.367,2.408,4482567.0
1729440000000,2.408,2.413,2.385,2.389,2779863.0
1729443600000,2.389,2.407,2.374,2.391,2081139.0
1729447200000,2.392,2.419,2.39,2.413,1590631.0
1729450800000,2.412,2.413,2.376,2.38,1575805.0
1729454400000,2.38,2.413,2.374,2.402,1445461.0
1729458000000,2.403,2.404,2.37,2.38,1407517.0
1729461600000,2.38,2.447,2.377,2.429,4791809.0
1729465200000,2.429,2.44,2.412,2.426,1473611.0
1729468800000,2.426,2.488,2.411,2.422,5866747.0
1729472400000,2.422,2.451,2.405,2.409,3526962.0
1729476000000,2.409,2.415,2.368,2.37,3751317.0
1729479600000,2.371,2.386,2.363,2.385,2201148.0
1729483200000,2.384,2.402,2.366,2.4,2114696.0
1729486800000,2.399,2.427,2.396,2.412,3423858.0
1729490400000,2.411,2.42,2.38,2.383,3347179.0
1729494000000,2.384,2.412,2.377,2.382,2424734.0
1729497600000,2.382,2.403,2.341,2.354,4444153.0
1729501200000,2.355,2.385,2.338,2.381,4257074.0
1729504800000,2.382,2.387,2.323,2.329,4261491.0
1729508400000,2.328,2.336,2.311,2.329,3798147.0
1729512000000,2.329,2.348,2.304,2.316,3629406.0
1729515600000,2.316,2.325,2.273,2.289,7418105.0
1729519200000,2.29,2.305,2.278,2.294,3460377.0
1729522800000,2.294,2.322,2.284,2.319,3463721.0
1729526400000,2.319,2.319,2.275,2.298,3858336.0
1729530000000,2.298,2.318,2.297,2.306,1896884.0
1729533600000,2.305,2.306,2.284,2.293,1721583.0
1729537200000,2.292,2.304,2.285,2.294,2263112.0
1729540800000,2.294,2.296,2.264,2.271,3106555.0
1729544400000,2.271,2.296,2.271,2.284,1347556.0
1729548000000,2.283,2.302,2.277,2.292,1560905.0
1729551600000,2.291,2.296,2.27,2.273,1480943.0
1729555200000,2.272,2.29,2.232,2.281,6674246.0
1729558800000,2.281,2.304,2.27,2.29,3096311.0
1729562400000,2.29,2.31,2.265,2.27,2428910.0
1729566000000,2.27,2.288,2.268,2.284,1073196.0
1729569600000,2.284,2.295,2.274,2.278,1147043.0
1729573200000,2.278,2.297,2.274,2.288,1743752.0
1729576800000,2.287,2.315,2.286,2.299,2269127.0
1729580400000,2.298,2.314,2.288,2.29,2198745.0
1729584000000,2.291,2.305,2.238,2.24,6793043.0
1729587600000,2.241,2.25,2.211,2.242,5669819.0
1729591200000,2.242,2.254,2.231,2.25,2174903.0
1729594800000,2.25,2.26,2.235,2.246,2212761.0
1729598400000,2.246,2.259,2.222,2.229,2040829.0
1729602000000,2.229,2.242,2.194,2.223,3825344.0
1729605600000,2.222,2.256,2.215,2.249,4784579.0
1729609200000,2.25,2.263,2.216,2.233,3030077.0
1729612800000,2.233,2.241,2.192,2.194,2580848.0
1729616400000,2.195,2.241,2.193,2.239,2178698.0
1729620000000,2.24,2.253,2.225,2.227,1471347.0
1729623600000,2.228,2.258,2.228,2.248,1410989.0
1729627200000,2.247,2.263,2.244,2.253,1783753.0
1729630800000,2.253,2.256,2.243,2.253,659856.0
1729634400000,2.252,2.303,2.25,2.295,2819993.0
1729638000000,2.295,2.326,2.286,2.304,3577165.0
1729641600000,2.305,2.319,2.291,2.294,3265848.0
1729645200000,2.294,2.309,2.277,2.295,2606361.0
1729648800000,2.295,2.313,2.277,2.278,2673762.0
1729652400000,2.278,2.304,2.256,2.296,3270382.0
1729656000000,2.296,2.299,2.269,2.271,1829078.0
1729659600000,2.272,2.285,2.259,2.271,1710437.0
1729663200000,2.27,2.293,2.26,2.266,2407975.0
1729666800000,2.266,2.276,2.247,2.257,2612931.0
1729670400000,2.257,2.283,2.22,2.228,4374637.0
1729674000000,2.228,2.255,2.212,2.248,3612808.0
1729677600000,2.247,2.252,2.209,2.217,2468862.0
1729681200000,2.217,2.228,2.194,2.201,3112762.0
1729684800000,2.201,2.225,2.197,2.212,3870730.0
1729688400000,2.212,2.26,2.208,2.253,3496816.0
1729692000000,2.252,2.259,2.228,2.237,2991426.0
1729695600000,2.237,2.243,2.162,2.189,6719274.0
1729699200000,2.189,2.203,2.168,2.184,5500943.0
1729702800000,2.183,2.228,2.18,2.184,4719041.0
1729706400000,2.185,2.199,2.151,2.183,7514863.0
1729710000000,2.183,2.225,2.172,2.222,2767721.0
1729713600000,2.222,2.233,2.206,2.227,1927841.0
1729717200000,2.227,2.229,2.201,2.208,1033386.0
1729720800000,2.208,2.218,2.197,2.205,943400.0
1729724400000,2.204,2.254,2.202,2.245,1948304.0
1729728000000,2.246,2.297,2.225,2.294,3498844.0
1729731600000,2.295,2.317,2.285,2.303,5382492.0
1729735200000,2.304,2.315,2.282,2.297,3187493.0
1729738800000,2.298,2.303,2.271,2.271,1670085.0
1729742400000,2.271,2.288,2.266,2.281,1890929.0
1729746000000,2.282,2.295,2.277,2.283,1458414.0
1729749600000,2.283,2.301,2.273,2.273,2652587.0
1729753200000,2.273,2.29,2.266,2.269,2343424.0
1729756800000,2.269,2.279,2.213,2.216,3965507.0
1729760400000,2.216,2.223,2.175,2.188,6656051.0
1729764000000,2.188,2.21,2.185,2.191,2494287.0
1729767600000,2.192,2.226,2.188,2.225,2206299.0
1729771200000,2.225,2.246,2.216,2.241,3564304.0
1729774800000,2.241,2.257,2.222,2.251,4480512.0
1729778400000,2.252,2.254,2.185,2.198,7986521.0
1729782000000,2.198,2.222,2.193,2.201,3793485.0
1729785600000,2.201,2.209,2.18,2.19,3757733.0
1729789200000,2.189,2.202,2.17,2.186,3527117.0
1729792800000,2.187,2.213,2.184,2.195,1921252.0
1729796400000,2.194,2.224,2.187,2.209,2560931.0
1729800000000,2.21,2.213,2.178,2.191,2998174.0
1729803600000,2.192,2.246,2.191,2.209,3362353.0
1729807200000,2.208,2.225,2.191,2.192,1382282.0
1729810800000,2.192,2.206,2.187,2.205,1578770.0
1729814400000,2.205,2.22,2.19,2.195,1918569.0
1729818000000,2.195,2.202,2.182,2.185,1907762.0
1729821600000,2.184,2.193,2.155,2.184,4166473.0
1729825200000,2.183,2.199,2.171,2.175,1700900.0
1729828800000,2.176,2.18,2.105,2.125,9386560.0
1729832400000,2.124,2.138,2.108,2.127,3202698.0
1729836000000,2.128,2.148,2.125,2.135,3853403.0
1729839600000,2.135,2.147,2.126,2.145,3435026.0
1729843200000,2.145,2.15,2.117,2.141,3975288.0
1729846800000,2.14,2.166,2.132,2.165,3939959.0
1729850400000,2.164,2.166,2.144,2.158,2669205.0
1729854000000,2.158,2.162,2.146,2.154,1308971.0
1729857600000,2.155,2.169,2.126,2.129,2499614.0
1729861200000,2.129,2.161,2.125,2.158,3123933.0
1729864800000,2.159,2.192,2.143,2.169,6600965.0
1729868400000,2.17,2.198,2.113,2.126,7304340.0
1729872000000,2.126,2.133,2.087,2.12,8371927.0
1729875600000,2.12,2.128,2.058,2.062,5399962.0
1729879200000,2.061,2.1,2.03,2.063,8602206.0
1729882800000,2.063,2.073,2.045,2.068,2324125.0
1729886400000,2.067,2.076,2.051,2.065,1306345.0
1729890000000,2.065,2.08,2.064,2.078,1189895.0
1729893600000,2.077,2.079,2.023,2.026,2642296.0
1729897200000,2.026,2.03,1.772,1.915,48982923.0
1729900800000,1.916,1.949,1.891,1.943,9788828.0
1729904400000,1.943,1.952,1.925,1.931,3064540.0
1729908000000,1.931,1.974,1.916,1.957,3875087.0
1729911600000,1.956,1.974,1.954,1.961,2359047.0
1729915200000,1.962,1.971,1.958,1.968,1698830.0
1729918800000,1.969,1.989,1.967,1.978,2325801.0
1729922400000,1.977,2.009,1.972,2.007,3497859.0
1729926000000,2.006,2.013,1.983,1.984,2728679.0
1729929600000,1.983,1.997,1.979,1.992,2199902.0
1729933200000,1.992,2.01,1.988,2.002,1702682.0
1729936800000,2.003,2.009,1.989,1.993,1642588.0
1729940400000,1.993,2.006,1.986,2.001,1380550.0
1729944000000,2.0,2.006,1.992,1.994,1176184.0
1729947600000,1.994,2.005,1.972,1.98,3055594.0
1729951200000,1.981,1.988,1.938,1.943,5068455.0
1729954800000,1.944,1.992,1.942,1.975,5185749.0
1729958400000,1.974,2.014,1.973,2.007,3228751.0
1729962000000,2.006,2.04,2.006,2.031,4224424.0
1729965600000,2.031,2.04,2.015,2.016,2198158.0
1729969200000,2.017,2.03,2.015,2.025,775603.0
1729972800000,2.026,2.047,2.018,2.02,1251415.0
1729976400000,2.02,2.026,2.002,2.01,1457778.0
1729980000000,2.01,2.022,2.009,2.012,501914.0
1729983600000,2.012,2.018,2.002,2.011,775724.0
1729987200000,2.011,2.013,1.992,1.999,2101268.0
1729990800000,1.998,2.017,1.987,2.011,1974839.0
1729994400000,2.011,2.017,1.995,1.997,826474.0
1729998000000,1.997,2.028,1.995,2.024,1488248.0
1730001600000,2.025,2.03,2.011,2.012,1745629.0
1730005200000,2.013,2.023,2.009,2.015,841595.0
1730008800000,2.015,2.015,1.997,2.015,1544516.0
1730012400000,2.014,2.016,1.999,2.008,995110.0
1730016000000,2.009,2.018,2.006,2.007,826589.0
1730019600000,2.006,2.007,1.974,1.982,2863591.0
1730023200000,1.983,1.99,1.967,1.976,1841787.0
1730026800000,1.975,1.994,1.973,1.978,1245857.0
1730030400000,1.978,2.005,1.977,1.994,1975279.0
1730034000000,1.993,2.025,1.993,1.996,3164973.0
1730037600000,1.996,2.008,1.989,1.999,1328451.0
1730041200000,2.0,2.016,1.999,2.011,1314320.0
1730044800000,2.01,2.036,2.01,2.027,3608853.0
1730048400000,2.027,2.037,2.013,2.023,1499200.0
1730052000000,2.023,2.027,1.998,1.999,1292579.0
1730055600000,1.999,2.008,1.986,2.0,1565366.0
1730059200000,2.001,2.011,1.995,1.998,566619.0
1730062800000,1.998,2.06,1.997,2.043,1557497.0
1730066400000,2.043,2.078,2.043,2.051,2002197.0
1730070000000,2.051,2.072,2.039,2.043,1867528.0
1730073600000,2.043,2.047,2.017,2.017,2053179.0
1730077200000,2.017,2.028,1.987,1.992,3384432.0
1730080800000,1.992,2.01,1.99,1.997,2224430.0
1730084400000,1.997,2.012,1.952,1.956,4322645.0
1730088000000,1.955,1.983,1.946,1.968,4709317.0
1730091600000,1.968,1.969,1.934,1.963,3019723.0
1730095200000,1.963,1.968,1.944,1.962,2128923.0
1730098800000,1.962,2.012,1.961,2.003,6013677.0
1730102400000,2.004,2.017,1.999,2.009,3427006.0
1730106000000,2.009,2.032,1.999,2.026,3190599.0
1730109600000,2.027,2.035,2.015,2.019,2500349.0
1730113200000,2.018,2.021,2.0,2.004,1629873.0
1730116800000,2.004,2.012,1.982,1.998,3803936.0
1730120400000,1.998,2.015,1.982,1.991,3734060.0
1730124000000,1.991,2.005,1.951,1.959,7247321.0
1730127600000,1.96,1.961,1.924,1.929,5431189.0
1730131200000,1.929,1.956,1.91,1.916,5114707.0
1730134800000,1.916,1.948,1.884,1.921,7173700.0
1730138400000,1.921,1.946,1.92,1.94,2293875.0
1730142000000,1.939,1.994,1.937,1.991,5410050.0
1730145600000,1.991,2.02,1.988,2.0,3437820.0
1730149200000,2.001,2.047,1.992,2.043,3366954.0
1730152800000,2.043,2.097,2.043,2.072,7584709.0
1730156400000,2.073,2.077,2.047,2.054,2025416.0
1730160000000,2.054,2.091,2.041,2.077,3888793.0
1730163600000,2.077,2.096,2.065,2.08,2945205.0
1730167200000,2.08,2.132,2.068,2.098,6979795.0
1730170800000,2.098,2.116,2.085,2.091,2760196.0
1730174400000,2.091,2.106,2.086,2.091,2104806.0
1730178000000,2.091,2.094,2.075,2.08,2043442.0
1730181600000,2.081,2.093,2.078,2.081,1534299.0
1730185200000,2.081,2.087,2.066,2.078,1783425.0
1730188800000,2.077,2.115,2.077,2.1,2414628.0
1730192400000,2.101,2.106,2.087,2.105,1813564.0
1730196000000,2.105,2.108,2.082,2.089,1636674.0
1730199600000,2.088,2.094,2.081,2.083,1410127.0
1730203200000,2.083,2.097,2.069,2.071,2055678.0
1730206800000,2.071,2.099,2.066,2.084,4243830.0
1730210400000,2.084,2.103,2.067,2.086,4241101.0
1730214000000,2.086,2.107,2.075,2.106,4719122.0
1730217600000,2.105,2.144,2.094,2.132,8980809.0
1730221200000,2.133,2.141,2.097,2.115,4983526.0
1730224800000,2.114,2.137,2.103,2.13,3134313.0
1730228400000,2.131,2.138,2.067,2.068,5148234.0
1730232000000,2.068,2.076,2.032,2.065,6564295.0
1730235600000,2.065,2.078,2.061,2.064,2021135.0
1730239200000,2.064,2.094,2.061,2.082,1652097.0
1730242800000,2.083,2.104,2.079,2.102,1064998.0
1730246400000,2.103,2.104,2.069,2.076,3377870.0
1730250000000,2.076,2.08,2.049,2.07,3070960.0
1730253600000,2.071,2.093,2.068,2.075,1925645.0
1730257200000,2.076,2.091,2.076,2.084,1721197.0
1730260800000,2.085,2.091,2.076,2.077,1075121.0
1730264400000,2.078,2.088,2.07,2.075,1602977.0
1730268000000,2.074,2.101,2.064,2.064,3056054.0
1730271600000,2.065,2.081,2.051,2.06,2627968.0
1730275200000,2.061,2.083,2.041,2.042,3231128.0
1730278800000,2.043,2.064,2.038,2.05,3179485.0
1730282400000,2.051,2.055,2.023,2.028,3023953.0
1730286000000,2.028,2.034,2.006,2.01,4050606.0
1730289600000,2.01,2.025,1.989,2.018,5691626.0
1730293200000,2.017,2.031,1.998,2.027,3358411.0
1730296800000,2.027,2.089,2.023,2.049,9432651.0
1730300400000,2.049,2.059,2.001,2.007,5122303.0
1730304000000,2.008,2.028,1.997,2.012,3302191.0
1730307600000,2.011,2.018,1.999,2.011,3057191.0
1730311200000,2.011,2.02,2.001,2.008,1977779.0
1730314800000,2.007,2.011,1.992,1.994,2074460.0
1730318400000,1.994,2.021,1.981,2.021,5568073.0
1730322000000,2.02,2.023,1.989,2.003,2517725.0
1730325600000,2.002,2.011,1.99,2.004,1924509.0
1730329200000,2.005,2.017,2.002,2.002,1242133.0
1730332800000,2.002,2.014,1.986,1.988,2858866.0
1730336400000,1.989,2.003,1.965,1.991,4774185.0
1730340000000,1.991,2.006,1.978,1.994,3185649.0
1730343600000,1.995,2.003,1.984,1.988,2096006.0
1730347200000,1.988,1.997,1.984,1.993,1700773.0
1730350800000,1.992,2.004,1.991,1.999,1585445.0
1730354400000,1.999,2.001,1.969,1.978,3155698.0
1730358000000,1.977,1.991,1.966,1.985,2792910.0
1730361600000,1.986,1.988,1.956,1.972,3897464.0
1730365200000,1.972,2.005,1.969,1.989,4185073.0
1730368800000,1.988,1.998,1.964,1.985,4295614.0
1730372400000,1.985,1.986,1.966,1.973,2584090.0
1730376000000,1.973,1.981,1.962,1.973,2633402.0
1730379600000,1.974,1.98,1.938,1.957,5749123.0
1730383200000,1.957,1.958,1.918,1.943,10797390.0
1730386800000,1.942,1.971,1.937,1.961,4625033.0
1730390400000,1.961,1.966,1.94,1.947,4029547.0
1730394000000,1.947,1.952,1.903,1.919,5259609.0
1730397600000,1.918,1.918,1.881,1.909,6428329.0
1730401200000,1.908,1.914,1.891,1.895,3193509.0
1730404800000,1.895,1.915,1.893,1.913,2894118.0
1730408400000,1.913,1.921,1.902,1.916,1617519.0
1730412000000,1.916,1.941,1.913,1.934,2400114.0
1730415600000,1.935,1.938,1.92,1.923,1761188.0
1730419200000,1.923,1.942,1.914,1.916,2768485.0
1730422800000,1.916,1.92,1.893,1.899,4250394.0
1730426400000,1.9,1.907,1.865,1.905,5610732.0
1730430000000,1.904,1.922,1.903,1.91,3327418.0
1730433600000,1.909,1.921,1.909,1.915,2169829.0
1730437200000,1.915,1.917,1.897,1.9,2537813.0
1730440800000,1.9,1.903,1.868,1.869,4661199.0
1730444400000,1.869,1.88,1.847,1.873,5790844.0
1730448000000,1.873,1.902,1.867,1.894,3461634.0
1730451600000,1.894,1.907,1.891,1.906,1931040.0
1730455200000,1.906,1.929,1.9,1.92,4456570.0
1730458800000,1.92,1.933,1.919,1.924,3297062.0
1730462400000,1.925,1.95,1.923,1.94,5640690.0
1730466000000,1.939,1.978,1.928,1.978,5727861.0
1730469600000,1.978,1.991,1.962,1.978,6488962.0
1730473200000,1.979,1.98,1.869,1.89,12236818.0
1730476800000,1.89,1.933,1.884,1.912,7654136.0
1730480400000,1.912,1.928,1.899,1.908,5011778.0
1730484000000,1.908,1.909,1.878,1.881,3836881.0
1730487600000,1.881,1.889,1.871,1.879,4088928.0
1730491200000,1.88,1.896,1.876,1.878,2491302.0
1730494800000,1.879,1.879,1.825,1.859,5757728.0
1730498400000,1.858,1.879,1.845,1.869,4288571.0
1730502000000,1.869,1.886,1.866,1.879,1803446.0
1730505600000,1.88,1.896,1.879,1.883,1795397.0
1730509200000,1.883,1.889,1.874,1.885,1900147.0
1730512800000,1.885,1.899,1.88,1.881,2238386.0
1730516400000,1.881,1.885,1.87,1.873,2416546.0
1730520000000,1.874,1.884,1.866,1.872,2605326.0
1730523600000,1.872,1.886,1.855,1.881,3951885.0
1730527200000,1.881,1.892,1.87,1.891,3441156.0
1730530800000,1.891,1.899,1.886,1.887,2665477.0
1730534400000,1.887,1.895,1.873,1.878,2484888.0
1730538000000,1.877,1.89,1.866,1.868,2762474.0
1730541600000,1.868,1.876,1.861,1.871,2740144.0
1730545200000,1.872,1.875,1.859,1.863,1945228.0
1730548800000,1.862,1.868,1.827,1.835,5875123.0
1730552400000,1.835,1.853,1.803,1.808,6967961.0
1730556000000,1.809,1.815,1.778,1.804,11562736.0
1730559600000,1.805,1.817,1.782,1.804,4398798.0
1730563200000,1.805,1.831,1.8,1.826,3948985.0
1730566800000,1.826,1.828,1.788,1.796,4413401.0
1730570400000,1.796,1.8,1.777,1.782,4370181.0
1730574000000,1.782,1.807,1.778,1.801,3403984.0
1730577600000,1.802,1.813,1.796,1.812,2633801.0
1730581200000,1.813,1.819,1.806,1.807,1861129.0
1730584800000,1.807,1.814,1.798,1.8,1527220.0
1730588400000,1.8,1.81,1.789,1.81,2539068.0
1730592000000,1.81,1.816,1.794,1.795,3773801.0
1730595600000,1.794,1.809,1.78,1.781,3533531.0
1730599200000,1.781,1.798,1.706,1.726,13676610.0
1730602800000,1.726,1.75,1.704,1.741,6557493.0
1730606400000,1.742,1.764,1.741,1.762,2398032.0
1730610000000,1.763,1.768,1.744,1.745,2139092.0
1730613600000,1.745,1.777,1.745,1.766,2766565.0
1730617200000,1.766,1.767,1.753,1.762,1699865.0
1730620800000,1.762,1.771,1.756,1.763,2170176.0
1730624400000,1.762,1.764,1.739,1.744,2289629.0
1730628000000,1.744,1.768,1.744,1.749,1978853.0
1730631600000,1.749,1.755,1.728,1.732,3581515.0
1730635200000,1.732,1.746,1.72,1.724,2892874.0
1730638800000,1.724,1.728,1.669,1.678,7469130.0
1730642400000,1.679,1.693,1.634,1.646,11479456.0
1730646000000,1.646,1.672,1.627,1.668,9702580.0
1730649600000,1.667,1.694,1.663,1.674,8361854.0
1730653200000,1.675,1.699,1.675,1.687,3011558.0
1730656800000,1.687,1.692,1.656,1.662,3871168.0
1730660400000,1.661,1.707,1.657,1.703,3823887.0
1730664000000,1.703,1.728,1.695,1.724,3639156.0
1730667600000,1.724,1.745,1.722,1.734,4778739.0
1730671200000,1.734,1.741,1.722,1.735,2331140.0
1730674800000,1.734,1.738,1.719,1.728,2839295.0
1730678400000,1.728,1.739,1.699,1.717,5579977.0
1730682000000,1.718,1.758,1.713,1.738,5085283.0
1730685600000,1.738,1.75,1.73,1.749,3651578.0
1730689200000,1.749,1.762,1.726,1.728,3226640.0
1730692800000,1.729,1.746,1.722,1.723,2861770.0
1730696400000,1.724,1.725,1.697,1.697,4206661.0
1730700000000,1.698,1.718,1.697,1.716,3357959.0
1730703600000,1.715,1.721,1.69,1.693,3074681.0
1730707200000,1.694,1.706,1.677,1.687,4012068.0
1730710800000,1.687,1.704,1.681,1.694,2989768.0
1730714400000,1.694,1.723,1.689,1.703,4138286.0
1730718000000,1.703,1.718,1.69,1.704,3912297.0
1730721600000,1.705,1.72,1.689,1.699,4130411.0
1730725200000,1.699,1.719,1.68,1.681,4576100.0
1730728800000,1.682,1.692,1.667,1.679,6378279.0
1730732400000,1.679,1.688,1.659,1.668,5130400.0
1730736000000,1.668,1.678,1.644,1.652,6247946.0
1730739600000,1.651,1.679,1.647,1.666,5529339.0
1730743200000,1.665,1.676,1.654,1.658,3999576.0
1730746800000,1.658,1.671,1.656,1.658,3067692.0
1730750400000,1.657,1.672,1.65,1.654,3461322.0
1730754000000,1.654,1.669,1.588,1.594,9392338.0
1730757600000,1.594,1.654,1.59,1.643,5945963.0
1730761200000,1.643,1.66,1.631,1.656,4447765.0
1730764800000,1.656,1.715,1.656,1.698,6208569.0
1730768400000,1.698,1.709,1.671,1.691,5098365.0
1730772000000,1.692,1.699,1.675,1.684,2758183.0
1730775600000,1.684,1.7,1.683,1.697,2615528.0
1730779200000,1.697,1.723,1.694,1.716,3815457.0
1730782800000,1.715,1.728,1.709,1.726,3013130.0
1730786400000,1.726,1.728,1.71,1.721,3490876.0
1730790000000,1.721,1.731,1.71,1.717,4231760.0
1730793600000,1.717,1.728,1.71,1.727,3412127.0
1730797200000,1.726,1.739,1.703,1.706,5117241.0
1730800800000,1.707,1.709,1.693,1.701,3305771.0
1730804400000,1.702,1.725,1.701,1.717,3020019.0
1730808000000,1.717,1.735,1.708,1.734,3705881.0
1730811600000,1.734,1.752,1.725,1.739,4756341.0
1730815200000,1.739,1.841,1.734,1.818,11492220.0
1730818800000,1.817,1.821,1.761,1.77,8350990.0
1730822400000,1.769,1.804,1.766,1.794,4514698.0
1730826000000,1.794,1.806,1.771,1.773,3118206.0
1730829600000,1.773,1.782,1.768,1.772,2201204.0
1730833200000,1.771,1.775,1.721,1.732,5266755.0
1730836800000,1.731,1.752,1.723,1.746,3183011.0
1730840400000,1.747,1.751,1.734,1.738,1662060.0
1730844000000,1.737,1.759,1.719,1.758,2202651.0
1730847600000,1.757,1.779,1.752,1.772,4067167.0
1730851200000,1.772,1.853,1.771,1.845,8036176.0
1730854800000,1.845,1.877,1.827,1.841,8681386.0
1730858400000,1.84,1.955,1.834,1.942,13318953.0
1730862000000,1.941,1.997,1.908,1.949,18544280.0
1730865600000,1.949,1.973,1.922,1.924,8293157.0
1730869200000,1.924,1.952,1.906,1.944,6717729.0
1730872800000,1.944,1.976,1.923,1.926,5997440.0
1730876400000,1.926,1.952,1.884,1.891,7843368.0
1730880000000,1.892,1.897,1.83,1.877,9328269.0
1730883600000,1.878,1.899,1.871,1.89,3253082.0
1730887200000,1.89,1.913,1.878,1.904,2917001.0
1730890800000,1.904,1.919,1.896,1.909,3335022.0
1730894400000,1.908,1.922,1.89,1.891,3396351.0
1730898000000,1.892,1.914,1.878,1.909,3903166.0
1730901600000,1.91,1.916,1.865,1.869,4264973.0
1730905200000,1.87,1.901,1.868,1.884,3985531.0
1730908800000,1.884,1.892,1.858,1.881,3545742.0
1730912400000,1.881,1.888,1.869,1.878,2215599.0
1730916000000,1.878,1.894,1.876,1.887,2526383.0
1730919600000,1.888,1.922,1.881,1.908,4963265.0
1730923200000,1.909,1.941,1.898,1.927,3176156.0
1730926800000,1.926,1.956,1.921,1.951,2101548.0
1730930400000,1.95,2.017,1.936,2.005,3360079.0
1730934000000,2.005,2.018,1.966,1.982,5133532.0
1730937600000,1.982,2.012,1.968,1.989,3976403.0
1730941200000,1.988,2.058,1.982,2.017,6054520.0
1730944800000,2.016,2.051,2.014,2.047,4767342.0
1730948400000,2.047,2.061,2.007,2.016,4964218.0
1730952000000,2.016,2.02,1.978,1.991,4006172.0
1730955600000,1.992,2.024,1.981,2.01,3698962.0
1730959200000,2.011,2.013,1.94,1.963,7063938.0
1730962800000,1.962,1.975,1.956,1.964,1930582.0
1730966400000,1.963,2.0,1.96,1.995,3359456.0
1730970000000,1.994,1.994,1.971,1.976,2061953.0
1730973600000,1.975,1.983,1.951,1.982,2759517.0
1730977200000,1.981,1.982,1.952,1.954,1605700.0
1730980800000,1.954,1.979,1.95,1.967,2039744.0
1730984400000,1.968,1.977,1.93,1.935,3424592.0
1730988000000,1.936,1.956,1.916,1.944,3919442.0
1730991600000,1.944,1.981,1.934,1.98,3597246.0
1730995200000,1.979,1.99,1.953,1.971,3508621.0
1730998800000,1.971,1.983,1.951,1.972,2811752.0
1731002400000,1.972,1.978,1.943,1.961,3249108.0
1731006000000,1.961,1.988,1.945,1.988,4032745.0
1731009600000,1.988,2.009,1.973,1.995,3253981.0
1731013200000,1.996,2.028,1.992,2.004,2826064.0
1731016800000,2.003,2.01,1.963,1.987,2422042.0
1731020400000,1.988,2.008,1.961,1.997,3052120.0
1731024000000,1.998,2.023,1.99,1.992,3820474.0
1731027600000,1.992,2.015,1.971,1.982,3469470.0
1731031200000,1.981,1.983,1.932,1.937,4450589.0
1731034800000,1.937,1.954,1.93,1.945,2684241.0
1731038400000,1.945,1.96,1.941,1.947,2059921.0
1731042000000,1.947,1.968,1.946,1.967,1791746.0
1731045600000,1.967,1.971,1.948,1.952,2083168.0
1731049200000,1.952,1.97,1.941,1.951,3395703.0
1731052800000,1.951,1.973,1.933,1.972,4103382.0
1731056400000,1.973,2.009,1.968,1.977,4529059.0
1731060000000,1.977,1.986,1.956,1.981,2818776.0
1731063600000,1.981,1.991,1.961,1.963,2682079.0
1731067200000,1.962,1.982,1.956,1.979,2759983.0
1731070800000,1.978,1.986,1.954,1.972,3747699.0
1731074400000,1.972,1.982,1.919,1.928,5638772.0
1731078000000,1.928,1.95,1.894,1.914,8643001.0
1731081600000,1.915,1.921,1.87,1.873,7756409.0
1731085200000,1.874,1.889,1.842,1.878,8221315.0
1731088800000,1.879,1.898,1.874,1.89,3244736.0
1731092400000,1.89,1.92,1.89,1.907,2584540.0
1731096000000,1.907,1.912,1.884,1.897,2134772.0
1731099600000,1.897,1.91,1.881,1.909,2484779.0
1731103200000,1.908,1.941,1.908,1.928,2266921.0
1731106800000,1.928,1.928,1.914,1.92,1731046.0
1731110400000,1.92,1.937,1.911,1.914,2083225.0
1731114000000,1.915,1.922,1.892,1.893,2949761.0
1731117600000,1.893,1.9,1.882,1.895,2807621.0
1731121200000,1.895,1.909,1.888,1.895,2065035.0
1731124800000,1.896,1.913,1.896,1.908,1406435.0
1731128400000,1.909,1.958,1.905,1.957,3540588.0
1731132000000,1.956,2.019,1.954,2.018,7081823.0
1731135600000,2.018,2.06,2.01,2.045,9377037.0
1731139200000,2.045,2.128,2.037,2.103,9797600.0
1731142800000,2.103,2.108,2.081,2.096,4457151.0
1731146400000,2.096,2.096,2.05,2.078,5339771.0
1731150000000,2.079,2.099,2.073,2.093,3234144.0
1731153600000,2.093,2.099,2.046,2.047,4794479.0
1731157200000,2.048,2.075,2.04,2.065,3981896.0
1731160800000,2.064,2.073,2.027,2.041,4708668.0
1731164400000,2.04,2.052,2.015,2.038,4261279.0
1731168000000,2.037,2.055,2.021,2.032,3395736.0
1731171600000,2.032,2.037,1.989,2.029,4784681.0
1731175200000,2.03,2.043,2.023,2.031,2550309.0
1731178800000,2.03,2.05,2.015,2.021,3224814.0
1731182400000,2.02,2.053,2.015,2.049,2113051.0
1731186000000,2.049,2.057,2.006,2.015,4756273.0
1731189600000,2.016,2.067,2.013,2.054,2643369.0
1731193200000,2.055,2.086,2.052,2.078,4116146.0
1731196800000,2.079,2.08,2.026,2.045,4802994.0
1731200400000,2.044,2.074,2.028,2.066,5597591.0
1731204000000,2.066,2.103,2.063,2.072,6802274.0
1731207600000,2.071,2.148,2.07,2.107,7729003.0
1731211200000,2.108,2.147,2.091,2.134,7451155.0
1731214800000,2.133,2.182,2.113,2.122,10097232.0
1731218400000,2.122,2.14,2.109,2.133,4305226.0
1731222000000,2.133,2.14,2.118,2.127,1965753.0
1731225600000,2.128,2.164,2.126,2.162,4314929.0
1731229200000,2.162,2.202,2.155,2.177,5045615.0
1731232800000,2.178,2.195,2.161,2.177,4110695.0
1731236400000,2.176,2.195,2.158,2.189,4494588.0
1731240000000,2.19,2.256,2.142,2.239,9163326.0
1731243600000,2.24,2.258,2.168,2.205,7923984.0
1731247200000,2.205,2.249,2.155,2.174,8783599.0
1731250800000,2.174,2.209,2.16,2.199,3508860.0
1731254400000,2.199,2.222,2.161,2.196,5033056.0
1731258000000,2.196,2.243,2.179,2.203,3894499.0
1731261600000,2.204,2.267,2.204,2.219,5498398.0
1731265200000,2.219,2.25,2.111,2.134,10182703.0
1731268800000,2.135,2.144,2.058,2.061,6478865.0
1731272400000,2.061,2.103,1.996,2.091,7669985.0
1731276000000,2.092,2.139,2.061,2.099,4568543.0
1731279600000,2.099,2.132,2.085,2.116,3059771.0
1731283200000,2.116,2.169,2.096,2.155,4856219.0
1731286800000,2.155,2.183,2.136,2.162,4204638.0
1731290400000,2.163,2.311,2.155,2.29,11476024.0
1731294000000,2.291,2.327,2.252,2.271,5777428.0
1731297600000,2.271,2.275,2.201,2.245,5647709.0
1731301200000,2.245,2.245,2.116,2.139,9204060.0
1731304800000,2.139,2.179,2.113,2.153,6571441.0
1731308400000,2.152,2.166,2.127,2.16,4016363.0
1731312000000,2.159,2.184,2.15,2.174,4273378.0
1731315600000,2.174,2.187,2.149,2.178,4007395.0
1731319200000,2.178,2.223,2.171,2.197,7429217.0
1731322800000,2.198,2.244,2.197,2.234,3739552.0
1731326400000,2.233,2.246,2.165,2.178,8448795.0
1731330000000,2.179,2.183,2.129,2.158,5614972.0
1731333600000,2.157,2.178,2.122,2.156,6395897.0
1731337200000,2.156,2.196,2.143,2.158,7399681.0
1731340800000,2.158,2.217,2.144,2.209,7431976.0
1731344400000,2.209,2.397,2.201,2.352,18787839.0
1731348000000,2.351,2.366,2.271,2.353,9677133.0
1731351600000,2.354,2.358,2.283,2.292,6245639.0
1731355200000,2.292,2.342,2.262,2.313,5529273.0
1731358800000,2.313,2.392,2.273,2.358,9263585.0
1731362400000,2.359,2.398,2.302,2.396,6813309.0
1731366000000,2.396,2.506,2.361,2.495,11217699.0
1731369600000,2.495,2.858,2.414,2.757,38572953.0
1731373200000,2.757,2.814,2.709,2.758,22126139.0
1731376800000,2.758,2.854,2.72,2.771,16181254.0
1731380400000,2.769,2.782,2.657,2.731,10657038.0
1731384000000,2.731,2.747,2.639,2.697,8249575.0
1731387600000,2.697,2.753,2.65,2.684,8647417.0
1731391200000,2.684,2.785,2.683,2.784,6229651.0
1731394800000,2.784,2.805,2.714,2.749,6194879.0
1731398400000,2.749,2.778,2.656,2.692,8017500.0
1731402000000,2.692,2.705,2.521,2.528,12065800.0
1731405600000,2.528,2.565,2.293,2.45,27667105.0
1731409200000,2.449,2.505,2.418,2.454,8900842.0
1731412800000,2.453,2.478,2.353,2.396,9287705.0
1731416400000,2.395,2.46,2.359,2.457,8755488.0
1731420000000,2.457,2.464,2.373,2.45,6474319.0
1731423600000,2.449,2.459,2.362,2.37,4946481.0
1731427200000,2.37,2.426,2.308,2.397,10281445.0
1731430800000,2.398,2.43,2.375,2.381,3477003.0
1731434400000,2.381,2.448,2.374,2.437,3427225.0
1731438000000,2.437,2.465,2.428,2.449,3678808.0
1731441600000,2.448,2.471,2.413,2.43,2786615.0
1731445200000,2.429,2.477,2.398,2.47,2936276.0
1731448800000,2.471,2.541,2.434,2.541,4256814.0
1731452400000,2.539,2.539,2.448,2.456,4397740.0
1731456000000,2.456,2.486,2.402,2.402,6518606.0
1731459600000,2.403,2.44,2.357,2.386,6287757.0
1731463200000,2.386,2.4,2.275,2.333,9722221.0
1731466800000,2.334,2.338,2.24,2.241,5449609.0
1731470400000,2.242,2.29,2.122,2.196,17212364.0
1731474000000,2.196,2.23,2.168,2.188,6158567.0
1731477600000,2.188,2.217,2.132,2.172,6358288.0
1731481200000,2.172,2.227,2.166,2.225,4927439.0
1731484800000,2.226,2.243,2.201,2.214,3943524.0
1731488400000,2.214,2.227,2.191,2.203,3887521.0
1731492000000,2.203,2.232,2.161,2.226,5557295.0
1731495600000,2.225,2.25,2.194,2.207,4412963.0
1731499200000,2.207,2.219,2.176,2.208,3678447.0
1731502800000,2.208,2.351,2.19,2.321,14555130.0
1731506400000,2.321,2.42,2.297,2.4,14713751.0
1731510000000,2.4,2.403,2.337,2.396,9133188.0
1731513600000,2.395,2.433,2.352,2.362,8407777.0
1731517200000,2.363,2.388,2.345,2.374,3964382.0
1731520800000,2.375,2.415,2.354,2.408,4514307.0
1731524400000,2.407,2.419,2.254,2.265,12767084.0
1731528000000,2.265,2.303,2.219,2.259,5601338.0
1731531600000,2.26,2.265,2.178,2.237,6549066.0
1731535200000,2.238,2.296,2.227,2.283,2184931.0
1731538800000,2.282,2.311,2.265,2.302,3069114.0
1731542400000,2.302,2.315,2.269,2.272,3988730.0
1731546000000,2.272,2.348,2.245,2.334,6131782.0
1731549600000,2.334,2.377,2.324,2.35,6888536.0
1731553200000,2.35,2.373,2.289,2.358,4632461.0
1731556800000,2.359,2.393,2.34,2.393,3685447.0
1731560400000,2.392,2.479,2.37,2.455,6574652.0
1731564000000,2.455,2.489,2.377,2.377,7480164.0
1731567600000,2.377,2.434,2.355,2.416,6489214.0
1731571200000,2.416,2.449,2.392,2.409,4571578.0
1731574800000,2.408,2.437,2.378,2.41,3651418.0
1731578400000,2.409,2.422,2.337,2.343,4148834.0
1731582000000,2.343,2.351,2.286,2.335,6500423.0
1731585600000,2.335,2.347,2.302,2.334,2609592.0
1731589200000,2.334,2.377,2.304,2.31,5287863.0
1731592800000,2.311,2.369,2.236,2.241,13194768.0
1731596400000,2.241,2.273,2.195,2.228,9425751.0
1731600000000,2.228,2.347,2.216,2.333,6435253.0
1731603600000,2.333,2.334,2.291,2.299,3650004.0
1731607200000,2.299,2.31,2.267,2.278,2715684.0
1731610800000,2.278,2.299,2.27,2.293,1943695.0
1731614400000,2.293,2.304,2.254,2.272,2909607.0
1731618000000,2.272,2.311,2.26,2.301,2775523.0
1731621600000,2.301,2.308,2.226,2.239,3039518.0
1731625200000,2.239,2.25,2.139,2.182,8383138.0
1731628800000,2.182,2.241,2.171,2.175,5026092.0
1731632400000,2.175,2.196,2.129,2.187,6533316.0
1731636000000,2.187,2.207,2.158,2.202,2531426.0
1731639600000,2.202,2.214,2.175,2.202,2179132.0
1731643200000,2.201,2.205,2.121,2.141,4896615.0
1731646800000,2.141,2.181,2.123,2.173,3244099.0
1731650400000,2.174,2.213,2.174,2.204,3043611.0
1731654000000,2.204,2.218,2.19,2.193,1865383.0
1731657600000,2.193,2.243,2.164,2.241,3979761.0
1731661200000,2.241,2.28,2.236,2.263,3256694.0
1731664800000,2.263,2.274,2.254,2.269,2205626.0
1731668400000,2.269,2.289,2.253,2.284,2621605.0
1731672000000,2.285,2.309,2.26,2.269,4396884.0
1731675600000,2.27,2.289,2.258,2.275,3792178.0
1731679200000,2.275,2.28,2.216,2.222,6770741.0
1731682800000,2.223,2.224,2.163,2.179,6357439.0
1731686400000,2.18,2.21,2.146,2.175,5468014.0
1731690000000,2.176,2.228,2.172,2.185,4101411.0
1731693600000,2.184,2.211,2.16,2.184,4195087.0
1731697200000,2.183,2.226,2.177,2.208,2198068.0
1731700800000,2.207,2.28,2.205,2.273,3571968.0
1731704400000,2.273,2.291,2.265,2.277,2500493.0
1731708000000,2.277,2.331,2.277,2.323,2567182.0
1731711600000,2.323,2.336,2.293,2.302,2446584.0
1731715200000,2.303,2.306,2.278,2.294,3295633.0
1731718800000,2.293,2.345,2.291,2.318,4535148.0
1731722400000,2.319,2.347,2.31,2.325,2353767.0
1731726000000,2.325,2.376,2.322,2.371,3324525.0
1731729600000,2.371,2.379,2.34,2.346,3091490.0
1731733200000,2.345,2.361,2.334,2.342,2208264.0
1731736800000,2.342,2.343,2.3,2.306,3188396.0
1731740400000,2.306,2.326,2.302,2.308,1991506.0
1731744000000,2.307,2.339,2.304,2.338,2627134.0
1731747600000,2.338,2.351,2.304,2.307,3057313.0
1731751200000,2.307,2.366,2.298,2.346,4226743.0
1731754800000,2.346,2.398,2.33,2.397,4756284.0
1731758400000,2.397,2.417,2.321,2.356,6129015.0
1731762000000,2.356,2.38,2.322,2.333,2787844.0
1731765600000,2.334,2.367,2.315,2.334,4316823.0
1731769200000,2.335,2.342,2.244,2.267,8678030.0
1731772800000,2.267,2.302,2.252,2.287,3964183.0
1731776400000,2.286,2.367,2.278,2.361,2287146.0
1731780000000,2.361,2.415,2.359,2.407,3441569.0
1731783600000,2.408,2.415,2.377,2.38,2226258.0
1731787200000,2.38,2.402,2.352,2.364,2705940.0
1731790800000,2.364,2.417,2.364,2.414,1884216.0
1731794400000,2.414,2.418,2.355,2.355,1447134.0
1731798000000,2.354,2.373,2.337,2.369,3181365.0
1731801600000,2.369,2.409,2.354,2.359,2778311.0
1731805200000,2.358,2.371,2.255,2.27,5772635.0
1731808800000,2.271,2.271,2.187,2.24,9319162.0
1731812400000,2.24,2.294,2.218,2.281,3938045.0
1731816000000,2.281,2.363,2.275,2.342,5763633.0
1731819600000,2.341,2.349,2.307,2.322,2306364.0
1731823200000,2.322,2.353,2.314,2.34,1631415.0
1731826800000,2.34,2.362,2.32,2.345,1701322.0
1731830400000,2.346,2.404,2.331,2.393,3532269.0
1731834000000,2.393,2.394,2.353,2.38,2313309.0
1731837600000,2.38,2.381,2.345,2.352,2551421.0
1731841200000,2.352,2.356,2.295,2.297,3479683.0
1731844800000,2.297,2.333,2.291,2.332,2133211.0
1731848400000,2.332,2.332,2.276,2.298,2751607.0
1731852000000,2.297,2.324,2.276,2.299,2269976.0
1731855600000,2.299,2.334,2.278,2.307,2148142.0
1731859200000,2.307,2.328,2.284,2.305,2446497.0
1731862800000,2.305,2.31,2.27,2.306,2000702.0
1731866400000,2.306,2.307,2.236,2.238,2824962.0
1731870000000,2.238,2.254,2.215,2.247,1692682.0
1731873600000,2.248,2.264,2.222,2.238,1968358.0
1731877200000,2.238,2.246,2.197,2.198,2534174.0
1731880800000,2.197,2.221,2.18,2.2,2593131.0
1731884400000,2.199,2.236,2.181,2.23,3459723.0
1731888000000,2.231,2.269,2.214,2.248,2899764.0
1731891600000,2.248,2.288,2.236,2.28,2674741.0
1731895200000,2.281,2.29,2.265,2.278,1725149.0
1731898800000,2.278,2.307,2.252,2.304,2644148.0
1731902400000,2.304,2.318,2.276,2.282,2595799.0
1731906000000,2.281,2.3,2.267,2.292,2134009.0
1731909600000,2.293,2.367,2.287,2.352,5799771.0
1731913200000,2.352,2.363,2.327,2.341,3019785.0
1731916800000,2.342,2.352,2.314,2.329,3528309.0
1731920400000,2.33,2.333,2.277,2.296,4487639.0
1731924000000,2.296,2.318,2.288,2.307,1459080.0
1731927600000,2.308,2.315,2.239,2.252,4551830.0
1731931200000,2.252,2.272,2.229,2.267,3286852.0
1731934800000,2.268,2.274,2.22,2.234,4368946.0
1731938400000,2.233,2.302,2.225,2.276,4155561.0
1731942000000,2.275,2.361,2.273,2.342,4152622.0
1731945600000,2.342,2.405,2.326,2.376,7062336.0
1731949200000,2.376,2.398,2.361,2.396,3867413.0
1731952800000,2.396,2.429,2.334,2.344,6171087.0
1731956400000,2.344,2.345,2.264,2.314,5676841.0
1731960000000,2.314,2.361,2.29,2.334,3806220.0
1731963600000,2.335,2.38,2.33,2.348,2719712.0
1731967200000,2.348,2.378,2.348,2.365,1237756.0
1731970800000,2.365,2.403,2.33,2.396,3145807.0
1731974400000,2.397,2.404,2.336,2.357,4088795.0
1731978000000,2.357,2.395,2.355,2.359,1931327.0
1731981600000,2.358,2.375,2.348,2.365,1568759.0
1731985200000,2.366,2.383,2.356,2.361,1366865.0
1731988800000,2.361,2.39,2.313,2.324,3811337.0
1731992400000,2.325,2.375,2.315,2.358,2637186.0
1731996000000,2.358,2.377,2.331,2.339,1261787.0
1731999600000,2.339,2.346,2.316,2.32,2058293.0
1732003200000,2.32,2.326,2.286,2.305,2646160.0
1732006800000,2.305,2.318,2.277,2.293,2270529.0
1732010400000,2.292,2.312,2.283,2.304,1288674.0
1732014000000,2.304,2.33,2.298,2.306,1911857.0
1732017600000,2.305,2.353,2.304,2.333,2604352.0
1732021200000,2.333,2.349,2.266,2.269,4124265.0
1732024800000,2.27,2.299,2.24,2.275,6385736.0
1732028400000,2.275,2.301,2.259,2.287,3129008.0
1732032000000,2.287,2.307,2.271,2.281,2397568.0
1732035600000,2.281,2.319,2.271,2.301,1742350.0
1732039200000,2.302,2.355,2.295,2.353,2389591.0
1732042800000,2.354,2.358,2.32,2.325,1966143.0
1732046400000,2.325,2.337,2.252,2.272,2616185.0
1732050000000,2.272,2.281,2.229,2.272,3840619.0
1732053600000,2.272,2.281,2.222,2.246,1993911.0
1732057200000,2.246,2.297,2.239,2.289,2637569.0
1732060800000,2.289,2.289,2.239,2.254,1607392.0
1732064400000,2.254,2.272,2.229,2.244,2019329.0
1732068000000,2.245,2.251,2.213,2.217,2681312.0
1732071600000,2.217,2.234,2.185,2.232,3334942.0
1732075200000,2.232,2.235,2.206,2.225,2039846.0
1732078800000,2.225,2.245,2.212,2.242,1805530.0
1732082400000,2.242,2.247,2.223,2.23,1528805.0
1732086000000,2.229,2.252,2.223,2.248,1280792.0
1732089600000,2.249,2.275,2.242,2.265,1771676.0
1732093200000,2.265,2.283,2.256,2.267,1498570.0
1732096800000,2.267,2.278,2.249,2.252,1407120.0
1732100400000,2.253,2.255,2.221,2.233,2382665.0
1732104000000,2.234,2.238,2.193,2.207,2618443.0
1732107600000,2.207,2.247,2.194,2.226,4001186.0
1732111200000,2.227,2.27,2.193,2.211,4688382.0
1732114800000,2.212,2.233,2.178,2.233,4318243.0
1732118400000,2.232,2.248,2.151,2.175,5777866.0
1732122000000,2.175,2.187,2.11,2.111,5003227.0
1732125600000,2.112,2.121,2.062,2.1,8440283.0
1732129200000,2.101,2.103,2.061,2.086,2427628.0
1732132800000,2.087,2.136,2.073,2.131,2386616.0
1732136400000,2.131,2.146,2.121,2.132,1798395.0
1732140000000,2.133,2.158,2.123,2.13,1313107.0
1732143600000,2.131,2.142,2.105,2.114,1320318.0
1732147200000,2.114,2.157,2.105,2.134,2411345.0
1732150800000,2.135,2.15,2.116,2.118,1406602.0
1732154400000,2.118,2.118,2.022,2.048,7247978.0
1732158000000,2.048,2.097,2.045,2.063,3698477.0
1732161600000,2.064,2.155,2.054,2.131,5688763.0
1732165200000,2.131,2.153,2.105,2.125,3368417.0
1732168800000,2.125,2.127,2.086,2.103,2734047.0
1732172400000,2.104,2.125,2.095,2.117,2444900.0
1732176000000,2.118,2.129,2.103,2.118,2181322.0
1732179600000,2.119,2.123,2.079,2.081,2573377.0
1732183200000,2.082,2.098,2.061,2.084,2849636.0
1732186800000,2.083,2.109,2.072,2.104,2463808.0
1732190400000,2.102,2.222,2.1,2.183,7484387.0
1732194000000,2.183,2.263,2.182,2.247,5327592.0
1732197600000,2.247,2.311,2.221,2.259,8204077.0
1732201200000,2.259,2.259,2.172,2.21,7437732.0
1732204800000,2.211,2.337,2.21,2.285,8811165.0
1732208400000,2.284,2.301,2.273,2.289,3197405.0
1732212000000,2.289,2.298,2.239,2.264,3505861.0
1732215600000,2.264,2.287,2.232,2.252,3190134.0
1732219200000,2.251,2.27,2.238,2.254,1376485.0
1732222800000,2.254,2.301,2.24,2.26,3849467.0
1732226400000,2.259,2.277,2.248,2.252,1150508.0
1732230000000,2.252,2.264,2.236,2.236,1310766.0
1732233600000,2.236,2.245,2.197,2.2,3319970.0
1732237200000,2.201,2.244,2.188,2.233,2800837.0
1732240800000,2.233,2.262,2.219,2.243,2596723.0
1732244400000,2.242,2.259,2.23,2.25,2195585.0
1732248000000,2.251,2.296,2.238,2.269,3171772.0
1732251600000,2.268,2.299,2.252,2.277,2451464.0
1732255200000,2.277,2.296,2.244,2.263,2763596.0
1732258800000,2.263,2.278,2.228,2.233,2603662.0
1732262400000,2.233,2.269,2.232,2.264,2741473.0
1732266000000,2.263,2.293,2.248,2.267,2350526.0
1732269600000,2.268,2.275,2.219,2.222,2924779.0
1732273200000,2.223,2.259,2.194,2.253,3903586.0
1732276800000,2.253,2.291,2.238,2.279,3066728.0
1732280400000,2.279,2.279,2.148,2.166,11779420.0
1732284000000,2.167,2.191,2.148,2.158,4046993.0
1732287600000,2.158,2.192,2.135,2.188,3921373.0
1732291200000,2.188,2.188,2.143,2.164,3369313.0
1732294800000,2.165,2.192,2.14,2.146,3240372.0
1732298400000,2.147,2.165,2.117,2.125,2604257.0
1732302000000,2.125,2.148,2.111,2.139,2630386.0
1732305600000,2.138,2.162,2.131,2.158,1273803.0
1732309200000,2.158,2.208,2.152,2.197,1985274.0
1732312800000,2.197,2.208,2.183,2.192,1675465.0
1732316400000,2.192,2.257,2.186,2.255,2556496.0
1732320000000,2.256,2.305,2.235,2.283,5586737.0
1732323600000,2.282,2.337,2.281,2.311,7193187.0
1732327200000,2.311,2.372,2.272,2.293,8275118.0
1732330800000,2.294,2.333,2.293,2.317,6645994.0
1732334400000,2.317,2.364,2.301,2.33,6008852.0
1732338000000,2.331,2.344,2.293,2.335,2317848.0
1732341600000,2.335,2.358,2.313,2.347,2275097.0
1732345200000,2.347,2.376,2.34,2.367,4286548.0
1732348800000,2.368,2.444,2.368,2.379,7856204.0
1732352400000,2.379,2.393,2.35,2.37,4039806.0
1732356000000,2.37,2.375,2.329,2.344,2518784.0
1732359600000,2.344,2.359,2.333,2.345,1188138.0
1732363200000,2.346,2.417,2.333,2.395,3749103.0
1732366800000,2.395,2.454,2.384,2.422,4703785.0
1732370400000,2.423,2.448,2.409,2.422,3882927.0
1732374000000,2.421,2.446,2.375,2.394,5315191.0
1732377600000,2.394,2.421,2.228,2.298,21626558.0
1732381200000,2.297,2.353,2.248,2.333,6601199.0
1732384800000,2.333,2.36,2.311,2.344,3756712.0
1732388400000,2.345,2.406,2.338,2.353,4088132.0
1732392000000,2.353,2.357,2.283,2.339,5220114.0
1732395600000,2.339,2.427,2.331,2.416,4048421.0
1732399200000,2.416,2.508,2.409,2.448,6692407.0
1732402800000,2.448,2.451,2.393,2.448,3449724.0
1732406400000,2.448,2.593,2.44,2.522,14489839.0
1732410000000,2.522,2.573,2.518,2.543,3577178.0
1732413600000,2.542,2.557,2.508,2.523,2671482.0
1732417200000,2.524,2.546,2.494,2.523,3685156.0
1732420800000,2.523,2.553,2.465,2.533,6799021.0
1732424400000,2.532,2.591,2.513,2.564,9862476.0
1732428000000,2.564,2.676,2.533,2.673,7720852.0
1732431600000,2.673,2.69,2.589,2.616,8208294.0
1732435200000,2.616,2.628,2.52,2.531,6539185.0
1732438800000,2.531,2.562,2.49,2.534,6294374.0
1732442400000,2.534,2.545,2.479,2.508,7166311.0
1732446000000,2.509,2.521,2.418,2.419,8527671.0
1732449600000,2.419,2.457,2.298,2.359,13054697.0
1732453200000,2.358,2.465,2.338,2.443,6655867.0
1732456800000,2.443,2.443,2.354,2.419,7939864.0
1732460400000,2.419,2.43,2.331,2.334,5151791.0
1732464000000,2.334,2.429,2.314,2.398,7378155.0
1732467600000,2.397,2.4,2.345,2.363,3412870.0
1732471200000,2.362,2.434,2.356,2.414,3360339.0
1732474800000,2.413,2.437,2.401,2.414,2153966.0
1732478400000,2.415,2.458,2.406,2.455,1606265.0
1732482000000,2.454,2.484,2.432,2.482,1754801.0
1732485600000,2.482,2.535,2.478,2.509,2590497.0
1732489200000,2.508,2.579,2.502,2.549,4919564.0
1732492800000,2.55,2.685,2.507,2.644,14736820.0
1732496400000,2.644,2.795,2.554,2.579,31189648.0
1732500000000,2.58,2.602,2.532,2.563,5346482.0
1732503600000,2.562,2.583,2.527,2.55,4637388.0
1732507200000,2.549,2.579,2.53,2.541,4078883.0
1732510800000,2.542,2.625,2.541,2.589,3011904.0
1732514400000,2.589,2.604,2.535,2.539,3502565.0
1732518000000,2.539,2.583,2.533,2.559,3103824.0
1732521600000,2.559,2.581,2.537,2.579,2617117.0
1732525200000,2.579,2.607,2.561,2.566,5026729.0
1732528800000,2.565,2.625,2.543,2.602,5380501.0
1732532400000,2.602,2.648,2.549,2.57,5036573.0
1732536000000,2.57,2.578,2.527,2.555,4010809.0
1732539600000,2.554,2.586,2.472,2.484,8635345.0
1732543200000,2.485,2.516,2.413,2.418,8178160.0
1732546800000,2.419,2.54,2.39,2.512,11134184.0
1732550400000,2.512,2.589,2.469,2.502,10336108.0
1732554000000,2.503,2.507,2.438,2.469,3811064.0
1732557600000,2.469,2.489,2.436,2.458,1621070.0
1732561200000,2.458,2.486,2.43,2.469,1714097.0
1732564800000,2.469,2.518,2.451,2.518,1849057.0
1732568400000,2.517,2.521,2.436,2.478,2446204.0
1732572000000,2.478,2.482,2.366,2.453,4806198.0
1732575600000,2.453,2.482,2.42,2.441,3341045.0
1732579200000,2.441,2.526,2.413,2.473,4461704.0
1732582800000,2.473,2.532,2.472,2.521,2730656.0
1732586400000,2.52,2.541,2.504,2.524,1881844.0
1732590000000,2.524,2.553,2.478,2.537,3221958.0
1732593600000,2.536,2.555,2.503,2.511,2771407.0
1732597200000,2.512,2.533,2.506,2.523,2074427.0
1732600800000,2.524,2.537,2.479,2.487,2297117.0
1732604400000,2.488,2.492,2.423,2.443,4951515.0
1732608000000,2.442,2.444,2.353,2.377,10545831.0
1732611600000,2.377,2.43,2.371,2.401,4651356.0
1732615200000,2.401,2.412,2.327,2.331,5859584.0
1732618800000,2.331,2.369,2.27,2.33,12221210.0
1732622400000,2.33,2.348,2.278,2.3,5016820.0
1732626000000,2.3,2.325,2.274,2.295,4532159.0
1732629600000,2.296,2.359,2.27,2.344,4893023.0
1732633200000,2.345,2.353,2.294,2.295,4340532.0
1732636800000,2.296,2.354,2.284,2.334,4154931.0
1732640400000,2.335,2.344,2.313,2.328,1507010.0
1732644000000,2.327,2.331,2.243,2.267,4368676.0
1732647600000,2.268,2.287,2.252,2.285,2380700.0
1732651200000,2.285,2.342,2.276,2.329,2546282.0
1732654800000,2.328,2.346,2.305,2.324,1637565.0
1732658400000,2.324,2.366,2.319,2.344,1726505.0
1732662000000,2.344,2.358,2.333,2.349,1552081.0
1732665600000,2.35,2.371,2.305,2.31,3049548.0
1732669200000,2.309,2.352,2.295,2.345,2401397.0
1732672800000,2.345,2.368,2.315,2.365,2013939.0
1732676400000,2.365,2.372,2.337,2.346,1463691.0
1732680000000,2.346,2.391,2.342,2.357,2906154.0
1732683600000,2.358,2.365,2.328,2.342,2015492.0
1732687200000,2.342,2.378,2.341,2.356,2047270.0
1732690800000,2.356,2.387,2.35,2.379,1559671.0
1732694400000,2.38,2.407,2.369,2.382,5294198.0
1732698000000,2.383,2.384,2.347,2.37,2501582.0
1732701600000,2.37,2.415,2.36,2.39,2752726.0
1732705200000,2.39,2.395,2.364,2.382,2399094.0
1732708800000,2.381,2.385,2.332,2.358,3312740.0
1732712400000,2.358,2.397,2.356,2.396,2844917.0
1732716000000,2.396,2.41,2.375,2.405,3609078.0
1732719600000,2.406,2.475,2.395,2.431,11470984.0
1732723200000,2.432,2.465,2.417,2.429,4025639.0
1732726800000,2.43,2.474,2.415,2.464,2515701.0
1732730400000,2.464,2.471,2.448,2.453,1351108.0
1732734000000,2.452,2.461,2.446,2.451,930329.0
1732737600000,2.451,2.483,2.45,2.472,1700310.0
1732741200000,2.473,2.503,2.457,2.482,2603102.0
1732744800000,2.482,2.579,2.48,2.571,4565529.0
1732748400000,2.571,2.587,2.52,2.552,4303184.0
1732752000000,2.553,2.624,2.525,2.57,6746089.0
1732755600000,2.57,2.592,2.547,2.57,3053908.0
1732759200000,2.57,2.572,2.504,2.514,4014571.0
1732762800000,2.514,2.528,2.468,2.502,5503836.0
1732766400000,2.503,2.534,2.491,2.524,2163431.0
1732770000000,2.524,2.543,2.497,2.509,2341395.0
1732773600000,2.508,2.532,2.477,2.519,5194779.0
1732777200000,2.519,2.564,2.517,2.544,4202628.0
1732780800000,2.545,2.582,2.513,2.564,3762462.0
1732784400000,2.563,2.579,2.543,2.55,3764710.0
1732788000000,2.551,2.605,2.529,2.568,6572383.0
1732791600000,2.568,2.62,2.549,2.61,3805850.0
1732795200000,2.61,2.61,2.555,2.569,5849381.0
1732798800000,2.57,2.614,2.532,2.596,5897905.0
1732802400000,2.595,2.748,2.589,2.698,12323407.0
1732806000000,2.699,2.768,2.677,2.716,18223091.0
1732809600000,2.717,2.925,2.712,2.86,22508747.0
1732813200000,2.86,2.991,2.858,2.94,15524881.0
1732816800000,2.939,2.988,2.886,2.966,10062309.0
1732820400000,2.966,3.027,2.922,2.94,8876511.0
1732824000000,2.94,2.953,2.882,2.897,4704496.0
1732827600000,2.898,3.063,2.898,3.049,8295375.0
1732831200000,3.049,3.053,2.98,3.003,5247232.0
1732834800000,3.003,3.005,2.922,2.945,5970142.0
1732838400000,2.945,2.965,2.789,2.791,13398750.0
1732842000000,2.791,2.844,2.791,2.818,4815559.0
1732845600000,2.818,2.867,2.796,2.837,5186512.0
1732849200000,2.838,2.893,2.823,2.832,5538409.0
1732852800000,2.832,2.9,2.81,2.892,5175418.0
1732856400000,2.892,2.906,2.844,2.871,3696089.0
1732860000000,2.87,2.882,2.826,2.842,4988283.0
1732863600000,2.842,2.87,2.804,2.819,4343003.0
1732867200000,2.82,2.931,2.82,2.898,10070361.0
1732870800000,2.898,2.935,2.888,2.917,3540523.0
1732874400000,2.917,2.919,2.873,2.896,3038879.0
1732878000000,2.896,2.907,2.866,2.875,2746995.0
1732881600000,2.875,2.891,2.85,2.879,4073025.0
1732885200000,2.88,2.931,2.874,2.903,4313618.0
1732888800000,2.904,2.938,2.877,2.888,3312031.0
1732892400000,2.889,2.909,2.832,2.838,5677155.0
1732896000000,2.839,2.933,2.839,2.892,7848995.0
1732899600000,2.893,2.96,2.884,2.9,4612400.0
1732903200000,2.9,2.917,2.855,2.864,2550687.0
1732906800000,2.865,2.898,2.844,2.885,1804029.0
1732910400000,2.886,2.896,2.86,2.866,940025.0
1732914000000,2.866,2.891,2.855,2.888,1107108.0
1732917600000,2.888,2.942,2.888,2.919,1918562.0
1732921200000,2.918,2.953,2.902,2.923,2335998.0
1732924800000,2.922,2.976,2.885,2.894,7727120.0
1732928400000,2.893,2.939,2.875,2.928,2845088.0
1732932000000,2.928,2.928,2.861,2.889,2419126.0
1732935600000,2.889,2.95,2.876,2.948,2531953.0
1732939200000,2.948,3.012,2.919,2.945,6372514.0
1732942800000,2.946,2.954,2.905,2.927,1967332.0
1732946400000,2.928,2.928,2.886,2.899,3500437.0
1732950000000,2.9,2.931,2.887,2.91,1459006.0
1732953600000,2.909,2.946,2.901,2.925,1754108.0
1732957200000,2.924,3.089,2.924,3.062,8561597.0
1732960800000,3.063,3.093,2.968,2.98,9834881.0
1732964400000,2.979,3.08,2.968,3.027,5917085.0
1732968000000,3.028,3.237,3.027,3.192,14167834.0
1732971600000,3.191,3.338,3.162,3.3,11747434.0
1732975200000,3.301,3.419,3.27,3.36,14390673.0
1732978800000,3.36,3.485,3.321,3.462,13330434.0
1732982400000,3.462,3.6,3.437,3.551,17200578.0
1732986000000,3.551,3.738,3.536,3.67,15519511.0
1732989600000,3.67,3.707,3.556,3.58,9876009.0
1732993200000,3.579,3.642,3.562,3.578,4621278.0
1732996800000,3.578,3.648,3.567,3.616,3245309.0
1733000400000,3.616,3.658,3.578,3.626,3419906.0
1733004000000,3.626,3.69,3.607,3.682,3858378.0
1733007600000,3.681,3.694,3.615,3.628,6191225.0
1733011200000,3.627,3.665,3.367,3.373,20639238.0
1733014800000,3.373,3.402,3.323,3.361,10516604.0
1733018400000,3.361,3.372,3.254,3.265,8500944.0
1733022000000,3.266,3.342,3.259,3.317,4278058.0
1733025600000,3.316,3.402,3.307,3.388,5010514.0
1733029200000,3.388,3.389,3.31,3.31,5667000.0
1733032800000,3.311,3.384,3.311,3.377,2120521.0
1733036400000,3.376,3.392,3.352,3.388,1648620.0
1733040000000,3.387,3.468,3.37,3.398,5913945.0
1733043600000,3.397,3.414,3.356,3.363,3372371.0
1733047200000,3.362,3.377,3.337,3.375,2412469.0
1733050800000,3.374,3.429,3.367,3.393,2730128.0
1733054400000,3.392,3.467,3.389,3.436,3576605.0
1733058000000,3.435,3.507,3.418,3.447,4958308.0
1733061600000,3.448,3.455,3.421,3.427,2304733.0
1733065200000,3.427,3.434,3.39,3.407,3223616.0
1733068800000,3.407,3.416,3.353,3.371,3207575.0
1733072400000,3.371,3.392,3.347,3.388,2447801.0
1733076000000,3.388,3.412,3.379,3.398,1563002.0
1733079600000,3.399,3.403,3.356,3.379,1874061.0
1733083200000,3.378,3.383,3.323,3.352,2831802.0
1733086800000,3.352,3.36,3.335,3.36,1074179.0
1733090400000,3.359,3.44,3.356,3.428,2242861.0
1733094000000,3.428,3.434,3.382,3.404,2069838.0
1733097600000,3.405,3.406,3.284,3.317,4997940.0
1733101200000,3.317,3.403,3.316,3.391,3728656.0
1733104800000,3.391,3.397,3.3,3.333,4157923.0
1733108400000,3.333,3.37,3.206,3.232,6296561.0
1733112000000,3.231,3.277,3.167,3.271,10345374.0
1733115600000,3.271,3.288,3.244,3.272,2320862.0
1733119200000,3.272,3.338,3.253,3.316,4096581.0
1733122800000,3.316,3.339,3.27,3.318,2883075.0
1733126400000,3.319,3.319,3.077,3.157,14567825.0
1733130000000,3.157,3.221,3.131,3.219,4480440.0
1733133600000,3.22,3.221,3.097,3.107,3427906.0
1733137200000,3.107,3.205,3.099,3.191,4098969.0
1733140800000,3.191,3.235,3.159,3.186,3207015.0
1733144400000,3.186,3.263,3.177,3.258,3109365.0
1733148000000,3.258,3.294,3.228,3.237,4365621.0
1733151600000,3.237,3.266,3.196,3.223,4311510.0
1733155200000,3.222,3.23,3.111,3.152,5517974.0
1733158800000,3.153,3.184,3.08,3.091,4570409.0
1733162400000,3.092,3.169,3.086,3.165,2003844.0
1733166000000,3.164,3.168,3.122,3.147,2130234.0
1733169600000,3.147,3.193,3.137,3.154,1542996.0
1733173200000,3.154,3.239,3.132,3.223,2063613.0
1733176800000,3.224,3.237,3.184,3.199,1643339.0
1733180400000,3.198,3.297,3.195,3.281,3127159.0
1733184000000,3.282,3.429,3.247,3.386,10632039.0
1733187600000,3.386,3.388,3.266,3.268,4559261.0
1733191200000,3.268,3.417,3.259,3.39,4005436.0
1733194800000,3.392,3.473,3.376,3.418,6746534.0
1733198400000,3.418,3.422,3.353,3.364,3849451.0
1733202000000,3.365,3.4,3.344,3.374,3445246.0
1733205600000,3.374,3.48,3.326,3.339,7225273.0
1733209200000,3.339,3.379,3.286,3.36,7096590.0
1733212800000,3.36,3.387,3.299,3.316,3558753.0
1733216400000,3.316,3.329,3.267,3.302,3722558.0
1733220000000,3.301,3.356,3.238,3.239,4627620.0
1733223600000,3.24,3.323,3.237,3.321,2964957.0
1733227200000,3.32,3.347,3.271,3.301,3265226.0
1733230800000,3.301,3.31,3.015,3.107,16722005.0
1733234400000,3.108,3.15,2.961,3.121,20184148.0
1733238000000,3.121,3.211,3.087,3.11,9784972.0
1733241600000,3.11,3.183,3.062,3.076,7141148.0
1733245200000,3.076,3.144,3.044,3.142,4612407.0
1733248800000,3.141,3.243,3.131,3.198,3806957.0
1733252400000,3.198,3.198,3.137,3.169,1595448.0
1733256000000,3.169,3.245,3.164,3.235,1378809.0
1733259600000,3.235,3.362,3.23,3.323,4698486.0
1733263200000,3.324,3.35,3.272,3.333,2049986.0
1733266800000,3.334,3.376,3.294,3.296,3664106.0
1733270400000,3.297,3.377,3.282,3.375,4493578.0
1733274000000,3.376,3.394,3.328,3.358,4632265.0
1733277600000,3.36,3.366,3.248,3.269,3780676.0
1733281200000,3.268,3.347,3.265,3.326,1728731.0
1733284800000,3.325,3.378,3.325,3.346,2356705.0
1733288400000,3.347,3.366,3.326,3.329,2874151.0
1733292000000,3.329,3.329,3.272,3.308,2903158.0
1733295600000,3.309,3.391,3.301,3.364,2647145.0
1733299200000,3.365,3.382,3.33,3.343,1963832.0
1733302800000,3.345,3.369,3.311,3.323,1663733.0
1733306400000,3.324,3.35,3.298,3.317,2173223.0
1733310000000,3.318,3.429,3.315,3.347,5123204.0
1733313600000,3.347,3.384,3.267,3.324,4632296.0
1733317200000,3.325,3.357,3.266,3.303,3060752.0
1733320800000,3.304,3.366,3.243,3.347,5538854.0
1733324400000,3.346,3.494,3.301,3.413,8768958.0
1733328000000,3.414,3.433,3.194,3.229,10430143.0
1733331600000,3.229,3.324,3.191,3.303,5489523.0
1733335200000,3.304,3.378,3.303,3.342,2671339.0
1733338800000,3.341,3.422,3.328,3.381,2158526.0
1733342400000,3.381,3.416,3.259,3.305,4078254.0
1733346000000,3.306,3.348,3.275,3.32,2658229.0
1733349600000,3.32,3.378,3.296,3.308,1062861.0
1733353200000,3.307,3.332,3.227,3.299,2772897.0
1733356800000,3.3,3.371,3.25,3.284,6944510.0
1733360400000,3.284,3.285,3.124,3.172,7614367.0
1733364000000,3.173,3.324,3.17,3.278,5306021.0
1733367600000,3.278,3.351,3.201,3.227,6399194.0
1733371200000,3.227,3.356,3.206,3.296,3691714.0
1733374800000,3.296,3.325,3.235,3.282,2920334.0
1733378400000,3.283,3.307,3.235,3.301,2272559.0
1733382000000,3.3,3.476,3.297,3.441,6062867.0
1733385600000,3.442,3.479,3.376,3.406,5750466.0
1733389200000,3.407,3.541,3.406,3.457,8953368.0
1733392800000,3.458,3.462,3.391,3.423,3925147.0
1733396400000,3.422,3.531,3.408,3.509,3895342.0
1733400000000,3.508,3.613,3.501,3.528,8967790.0
1733403600000,3.526,3.596,3.499,3.519,4079566.0
1733407200000,3.52,3.607,3.503,3.575,5128414.0
1733410800000,3.575,3.67,3.538,3.617,9840624.0
1733414400000,3.617,4.088,3.613,4.051,25290257.0
1733418000000,4.051,4.094,3.932,3.957,11103487.0
1733421600000,3.956,3.965,3.822,3.85,7471498.0
1733425200000,3.85,3.861,3.751,3.759,6135138.0
1733428800000,3.76,3.841,3.734,3.819,7003730.0
1733432400000,3.818,3.886,3.792,3.811,5364217.0
1733436000000,3.81,3.824,3.53,3.74,10473457.0
1733439600000,3.741,3.815,3.648,3.719,7215339.0
1733443200000,3.72,3.881,3.629,3.856,8252059.0
1733446800000,3.857,4.194,3.852,4.059,17830335.0
1733450400000,4.059,4.083,3.962,4.028,7561678.0
1733454000000,4.029,4.056,3.947,4.001,5716741.0
1733457600000,4.001,4.09,3.981,4.067,5480406.0
1733461200000,4.067,4.095,3.984,4.001,3167538.0
1733464800000,4.002,4.068,3.973,4.0,3522874.0
1733468400000,4.0,4.022,3.892,3.906,4813968.0
1733472000000,3.905,3.932,3.86,3.867,3627365.0
1733475600000,3.867,3.875,3.762,3.813,7090270.0
1733479200000,3.811,3.865,3.754,3.851,4591120.0
1733482800000,3.851,3.899,3.833,3.877,3668397.0
1733486400000,3.876,3.959,3.798,3.816,8268830.0
1733490000000,3.816,3.936,3.809,3.857,6748320.0
1733493600000,3.856,3.964,3.83,3.945,5385960.0
1733497200000,3.944,3.946,3.829,3.842,4676311.0
1733500800000,3.843,3.888,3.822,3.878,2796838.0
1733504400000,3.878,3.896,3.84,3.874,2211323.0
1733508000000,3.874,3.938,3.857,3.868,2566168.0
1733511600000,3.867,3.889,3.841,3.857,1153496.0
1733515200000,3.858,3.925,3.845,3.902,1605945.0
1733518800000,3.902,3.933,3.889,3.893,1505854.0
1733522400000,3.894,3.918,3.872,3.879,920165.0
1733526000000,3.88,3.95,3.867,3.919,3086987.0
1733529600000,3.919,3.931,3.83,3.87,3164880.0
1733533200000,3.87,3.914,3.806,3.91,3112984.0
1733536800000,3.909,3.923,3.88,3.901,1853392.0
1733540400000,3.901,3.932,3.866,3.897,3193081.0
1733544000000,3.896,3.943,3.872,3.879,2337558.0
1733547600000,3.878,3.905,3.844,3.853,2469977.0
1733551200000,3.854,3.926,3.851,3.917,2004443.0
1733554800000,3.917,3.922,3.83,3.87,2806636.0
1733558400000,3.869,3.87,3.786,3.806,3840854.0
1733562000000,3.805,3.84,3.798,3.804,2542066.0
1733565600000,3.804,3.812,3.763,3.791,2613607.0
1733569200000,3.791,3.858,3.789,3.828,1835722.0
1733572800000,3.829,3.884,3.805,3.855,1697801.0
1733576400000,3.854,3.875,3.835,3.857,1535328.0
1733580000000,3.856,3.859,3.797,3.832,2291408.0
1733583600000,3.832,3.845,3.798,3.825,1261071.0
1733587200000,3.825,3.832,3.78,3.787,1847058.0
1733590800000,3.786,3.801,3.744,3.76,1939362.0
1733594400000,3.76,3.803,3.757,3.791,1824512.0
1733598000000,3.792,3.811,3.761,3.765,944432.0
1733601600000,3.765,3.793,3.747,3.785,931570.0
1733605200000,3.786,3.817,3.767,3.803,807443.0
1733608800000,3.804,3.833,3.783,3.783,810223.0
1733612400000,3.783,3.814,3.767,3.771,884659.0
1733616000000,3.772,3.825,3.764,3.801,1301284.0
1733619600000,3.801,3.824,3.757,3.761,1189938.0
1733623200000,3.762,3.789,3.76,3.782,1451104.0
1733626800000,3.782,3.819,3.774,3.793,868554.0
1733630400000,3.793,3.823,3.762,3.766,1849159.0
1733634000000,3.766,3.78,3.715,3.728,3605646.0
1733637600000,3.729,3.761,3.703,3.759,1717576.0
1733641200000,3.758,3.788,3.735,3.765,1149552.0
1733644800000,3.764,3.77,3.678,3.679,3381082.0
1733648400000,3.68,3.729,3.645,3.672,3141981.0
1733652000000,3.673,3.737,3.673,3.706,1610588.0
1733655600000,3.706,3.726,3.69,3.712,959863.0
1733659200000,3.711,3.757,3.679,3.738,2493961.0
1733662800000,3.738,3.773,3.73,3.762,1604771.0
1733666400000,3.762,3.767,3.698,3.7,1599972.0
1733670000000,3.701,3.736,3.67,3.729,1845836.0
1733673600000,3.73,3.742,3.686,3.69,1477409.0
1733677200000,3.69,3.713,3.665,3.708,1212680.0
1733680800000,3.708,3.713,3.656,3.663,1094946.0
1733684400000,3.663,3.71,3.656,3.704,688738.0
1733688000000,3.704,3.709,3.682,3.684,434102.0
1733691600000,3.684,3.722,3.681,3.717,315972.0
1733695200000,3.717,3.771,3.71,3.768,728511.0
1733698800000,3.767,3.821,3.76,3.811,1950356.0
1733702400000,3.811,3.813,3.677,3.698,4658106.0
1733706000000,3.698,3.733,3.657,3.669,2587818.0
1733709600000,3.668,3.701,3.61,3.611,4125812.0
1733713200000,3.612,3.65,3.546,3.595,5212606.0
1733716800000,3.595,3.631,3.56,3.63,3803330.0
1733720400000,3.629,3.649,3.619,3.637,1579430.0
1733724000000,3.636,3.642,3.56,3.586,2589838.0
1733727600000,3.585,3.603,3.519,3.581,4280170.0
1733731200000,3.581,3.585,3.449,3.459,7719240.0
1733734800000,3.46,3.497,3.378,3.429,8921936.0
1733738400000,3.43,3.483,3.429,3.48,2481797.0
1733742000000,3.48,3.48,3.349,3.357,6103253.0
1733745600000,3.357,3.399,3.304,3.389,5568734.0
1733749200000,3.388,3.475,3.368,3.452,4746618.0
1733752800000,3.453,3.526,3.421,3.503,5114938.0
1733756400000,3.504,3.517,3.356,3.382,7251278.0
1733760000000,3.383,3.459,3.359,3.386,5093072.0
1733763600000,3.385,3.42,3.372,3.373,2524561.0
1733767200000,3.373,3.439,3.373,3.386,2132905.0
1733770800000,3.386,3.418,3.365,3.38,1391994.0
1733774400000,3.379,3.392,3.056,3.125,23891519.0
1733778000000,3.125,3.13,2.434,2.893,43048829.0
1733781600000,2.894,2.931,2.537,2.92,22505215.0
1733785200000,2.92,2.972,2.875,2.924,6168994.0
1733788800000,2.924,3.024,2.827,2.988,9763466.0
1733792400000,2.988,3.011,2.913,2.983,5244974.0
1733796000000,2.983,2.984,2.839,2.842,6749198.0
1733799600000,2.842,2.897,2.746,2.894,11312539.0
1733803200000,2.894,2.974,2.817,2.973,6889857.0
1733806800000,2.973,3.019,2.932,2.957,4485973.0
1733810400000,2.957,3.011,2.935,2.975,3402574.0
1733814000000,2.976,2.978,2.923,2.95,2223503.0
1733817600000,2.949,2.979,2.905,2.966,3019943.0
1733821200000,2.965,3.016,2.946,2.974,2766315.0
1733824800000,2.974,3.041,2.971,3.017,2769941.0
1733828400000,3.017,3.023,2.944,2.973,2720027.0
1733832000000,2.973,2.981,2.819,2.838,7038434.0
1733835600000,2.839,2.903,2.838,2.855,4710061.0
1733839200000,2.854,2.934,2.841,2.862,8809322.0
1733842800000,2.862,2.888,2.679,2.684,14942750.0
1733846400000,2.685,2.755,2.63,2.739,16630486.0
1733850000000,2.74,2.74,2.597,2.598,10279010.0
1733853600000,2.598,2.708,2.577,2.677,6930178.0
1733857200000,2.678,2.754,2.675,2.746,2876607.0
1733860800000,2.745,2.796,2.728,2.788,3330408.0
1733864400000,2.789,2.857,2.785,2.816,3646472.0
1733868000000,2.817,2.852,2.801,2.818,1236782.0
1733871600000,2.818,2.872,2.818,2.832,1450257.0
1733875200000,2.833,2.852,2.745,2.797,3249102.0
1733878800000,2.796,2.798,2.712,2.72,3687668.0
1733882400000,2.721,2.849,2.714,2.829,3870205.0
1733886000000,2.829,2.851,2.823,2.849,1722419.0
1733889600000,2.849,2.868,2.829,2.855,1567144.0
1733893200000,2.856,2.863,2.816,2.838,1519828.0
1733896800000,2.838,2.873,2.822,2.866,1711753.0
1733900400000,2.866,2.908,2.842,2.852,2455227.0
1733904000000,2.851,2.954,2.844,2.93,3720605.0
1733907600000,2.93,2.957,2.909,2.957,1755680.0
1733911200000,2.956,2.959,2.915,2.935,1996166.0
1733914800000,2.934,2.973,2.926,2.95,2594607.0
1733918400000,2.951,3.064,2.949,3.03,4476466.0
1733922000000,3.03,3.149,3.03,3.099,8327549.0
1733925600000,3.099,3.116,3.035,3.075,4461874.0
1733929200000,3.075,3.132,3.072,3.084,4876971.0
1733932800000,3.084,3.149,3.07,3.085,3542095.0
1733936400000,3.084,3.117,3.043,3.05,2806623.0
1733940000000,3.05,3.109,3.045,3.086,1647389.0
1733943600000,3.087,3.11,3.082,3.101,983197.0
1733947200000,3.102,3.129,3.068,3.083,1846927.0
1733950800000,3.083,3.095,3.064,3.092,1032606.0
1733954400000,3.092,3.158,3.092,3.146,1365047.0
1733958000000,3.146,3.159,3.121,3.132,1464129.0
1733961600000,3.132,3.169,3.075,3.099,3441622.0
1733965200000,3.1,3.155,3.098,3.119,1839053.0
1733968800000,3.12,3.296,3.117,3.29,6517355.0
1733972400000,3.291,3.357,3.251,3.287,5678039.0
1733976000000,3.286,3.296,3.239,3.262,2209436.0
1733979600000,3.263,3.332,3.252,3.296,2488087.0
1733983200000,3.297,3.353,3.252,3.33,3401897.0
1733986800000,3.331,3.338,3.267,3.276,1973723.0
1733990400000,3.276,3.312,3.272,3.276,1969721.0
1733994000000,3.275,3.295,3.224,3.23,2176663.0
1733997600000,3.23,3.235,3.158,3.176,5265537.0
1734001200000,3.177,3.182,3.132,3.156,2729965.0
1734004800000,3.156,3.227,3.156,3.22,2862621.0
1734008400000,3.22,3.244,3.122,3.15,10843000.0
1734012000000,3.149,3.191,3.13,3.174,3047909.0
1734015600000,3.174,3.197,3.13,3.16,2496991.0
1734019200000,3.159,3.202,3.113,3.132,3414053.0
1734022800000,3.132,3.167,3.13,3.165,1365994.0
1734026400000,3.164,3.171,3.104,3.119,1292917.0
1734030000000,3.12,3.146,3.024,3.034,6488793.0
1734033600000,3.033,3.095,3.033,3.078,1346173.0
1734037200000,3.078,3.091,3.043,3.056,1099780.0
1734040800000,3.056,3.07,3.008,3.054,2294154.0
1734044400000,3.054,3.079,3.037,3.077,1021303.0
1734048000000,3.077,3.119,3.067,3.09,1777772.0
1734051600000,3.091,3.092,3.006,3.057,2748763.0
1734055200000,3.057,3.109,3.041,3.078,2307310.0
1734058800000,3.078,3.1,3.068,3.079,1941211.0
1734062400000,3.079,3.09,3.033,3.063,2026854.0
1734066000000,3.062,3.094,3.051,3.072,1093357.0
1734069600000,3.071,3.096,3.026,3.028,1315543.0
1734073200000,3.028,3.065,2.987,3.049,4050563.0
1734076800000,3.048,3.089,3.031,3.088,1917695.0
1734080400000,3.087,3.113,3.057,3.072,2345432.0
1734084000000,3.073,3.09,3.035,3.079,1229633.0
1734087600000,3.079,3.113,3.048,3.052,1645919.0
1734091200000,3.052,3.087,3.051,3.074,1940200.0
1734094800000,3.075,3.08,3.022,3.059,2595578.0
1734098400000,3.059,3.098,3.023,3.094,3060737.0
1734102000000,3.094,3.134,2.995,2.999,6404226.0
1734105600000,2.998,3.077,2.988,3.045,4738705.0
1734109200000,3.045,3.064,3.017,3.051,1386072.0
1734112800000,3.051,3.083,3.026,3.047,1466554.0
1734116400000,3.048,3.077,3.047,3.062,639916.0
1734120000000,3.063,3.102,3.063,3.079,820532.0
1734123600000,3.08,3.085,3.047,3.049,536688.0
1734127200000,3.049,3.05,3.012,3.02,1165253.0
1734130800000,3.019,3.098,3.014,3.087,1984795.0
1734134400000,3.087,3.096,3.045,3.061,1912042.0
1734138000000,3.062,3.115,3.06,3.089,2287162.0
1734141600000,3.089,3.091,3.057,3.072,1096613.0
1734145200000,3.071,3.086,3.047,3.062,749323.0
1734148800000,3.061,3.074,3.036,3.05,1163141.0
1734152400000,3.05,3.073,3.038,3.067,1039168.0
1734156000000,3.066,3.102,3.064,3.087,1543853.0
1734159600000,3.087,3.09,3.046,3.051,1911464.0
1734163200000,3.052,3.075,3.046,3.069,1205155.0
1734166800000,3.07,3.074,3.041,3.046,1000063.0
1734170400000,3.046,3.05,3.015,3.042,1609823.0
1734174000000,3.041,3.054,3.023,3.028,1515355.0
1734177600000,3.027,3.037,2.937,2.941,5828518.0
1734181200000,2.94,2.954,2.883,2.908,6516671.0
1734184800000,2.908,2.959,2.905,2.94,2305994.0
1734188400000,2.94,2.951,2.921,2.936,1887426.0
1734192000000,2.935,2.943,2.891,2.934,2467782.0
1734195600000,2.933,2.94,2.861,2.878,3110112.0
1734199200000,2.877,2.895,2.841,2.849,2373267.0
1734202800000,2.849,2.887,2.846,2.882,1351730.0
1734206400000,2.882,2.898,2.838,2.845,1198254.0
1734210000000,2.845,2.882,2.844,2.878,732045.0
1734213600000,2.878,2.925,2.877,2.91,1197189.0
1734217200000,2.911,2.94,2.904,2.924,799530.0
1734220800000,2.924,2.924,2.885,2.9,1101845.0
1734224400000,2.9,2.959,2.898,2.95,1144273.0
1734228000000,2.951,2.973,2.937,2.951,1190964.0
1734231600000,2.951,2.955,2.914,2.917,1338874.0
1734235200000,2.917,2.971,2.916,2.935,2503256.0
1734238800000,2.935,2.955,2.925,2.931,1023338.0
1734242400000,2.931,2.938,2.905,2.91,1216833.0
1734246000000,2.91,2.928,2.867,2.893,2515429.0
1734249600000,2.892,2.956,2.89,2.95,2077901.0
1734253200000,2.95,2.959,2.927,2.942,1859359.0
1734256800000,2.943,2.949,2.912,2.917,1009848.0
1734260400000,2.918,2.943,2.914,2.941,1103727.0
1734264000000,2.941,2.992,2.937,2.98,2799671.0
1734267600000,2.98,3.086,2.958,3.06,4076732.0
1734271200000,3.061,3.097,3.046,3.081,3048303.0
1734274800000,3.081,3.099,3.029,3.04,2096838.0
1734278400000,3.039,3.052,3.026,3.046,1223968.0
1734282000000,3.046,3.053,3.017,3.022,1018893.0
1734285600000,3.023,3.029,3.001,3.018,1082463.0
1734289200000,3.019,3.042,3.019,3.03,550705.0
1734292800000,3.03,3.043,3.008,3.01,577094.0
1734296400000,3.01,3.014,2.923,2.923,2678146.0
1734300000000,2.923,2.988,2.911,2.981,1336676.0
1734303600000,2.982,3.075,2.977,3.051,6787473.0
1734307200000,3.052,3.147,3.029,3.121,6390398.0
1734310800000,3.12,3.161,3.098,3.113,3548087.0
1734314400000,3.114,3.116,3.039,3.053,3184505.0
1734318000000,3.053,3.069,2.996,3.019,3058630.0
1734321600000,3.019,3.043,3.009,3.023,2126463.0
1734325200000,3.023,3.03,2.999,3.015,2323310.0
1734328800000,3.015,3.032,2.967,2.974,2287983.0
1734332400000,2.974,3.006,2.964,2.996,1634510.0
1734336000000,2.996,3.008,2.945,2.953,2716460.0
1734339600000,2.953,2.971,2.933,2.936,2918161.0
1734343200000,2.937,2.945,2.905,2.919,3097325.0
1734346800000,2.919,2.919,2.849,2.858,3748293.0
1734350400000,2.858,2.896,2.856,2.871,3281754.0
1734354000000,2.872,2.904,2.861,2.882,2349687.0
1734357600000,2.883,2.927,2.865,2.887,3440148.0
1734361200000,2.888,2.944,2.877,2.938,3340191.0
1734364800000,2.938,2.964,2.908,2.935,3872403.0
1734368400000,2.936,2.989,2.932,2.959,1935342.0
1734372000000,2.959,2.998,2.943,2.997,1970460.0
1734375600000,2.997,2.998,2.927,2.935,1575683.0
1734379200000,2.936,2.973,2.922,2.931,1060515.0
1734382800000,2.932,2.959,2.923,2.95,976369.0
1734386400000,2.95,2.965,2.913,2.921,891996.0
1734390000000,2.921,2.932,2.843,2.864,3305472.0
1734393600000,2.865,2.875,2.778,2.789,5544180.0
1734397200000,2.788,2.842,2.787,2.836,1878263.0
1734400800000,2.836,2.85,2.824,2.83,1496882.0
1734404400000,2.83,2.858,2.829,2.854,1277292.0
1734408000000,2.853,2.854,2.806,2.834,2201066.0
1734411600000,2.833,2.843,2.811,2.839,1570116.0
1734415200000,2.839,2.843,2.81,2.829,1617157.0
1734418800000,2.829,2.849,2.811,2.823,1665170.0
1734422400000,2.822,2.841,2.811,2.819,1644585.0
1734426000000,2.818,2.893,2.802,2.869,2858473.0
1734429600000,2.869,2.876,2.851,2.868,1738827.0
1734433200000,2.868,2.887,2.856,2.867,1664333.0
1734436800000,2.866,2.913,2.857,2.899,2311961.0
1734440400000,2.899,2.901,2.861,2.867,2072543.0
1734444000000,2.868,2.87,2.793,2.833,4615165.0
1734447600000,2.832,2.834,2.743,2.766,7686662.0
1734451200000,2.766,2.801,2.731,2.776,3928028.0
1734454800000,2.776,2.826,2.772,2.816,2074673.0
1734458400000,2.816,2.821,2.763,2.765,1987089.0
1734462000000,2.765,2.795,2.735,2.782,1676626.0
1734465600000,2.781,2.802,2.774,2.783,1351293.0
1734469200000,2.783,2.785,2.751,2.764,933441.0
1734472800000,2.764,2.777,2.707,2.726,2321050.0
1734476400000,2.726,2.729,2.686,2.708,3691666.0
1734480000000,2.709,2.728,2.665,2.701,2984333.0
1734483600000,2.701,2.729,2.675,2.682,2052583.0
1734487200000,2.682,2.713,2.67,2.705,1988959.0
1734490800000,2.704,2.714,2.67,2.679,1704854.0
1734494400000,2.679,2.682,2.63,2.665,4201509.0
1734498000000,2.664,2.693,2.652,2.663,2587227.0
1734501600000,2.663,2.677,2.626,2.653,2237443.0
1734505200000,2.653,2.669,2.643,2.654,1234014.0
1734508800000,2.653,2.664,2.634,2.657,1150772.0
1734512400000,2.657,2.706,2.656,2.691,1977651.0
1734516000000,2.691,2.695,2.672,2.686,927786.0
1734519600000,2.685,2.705,2.684,2.696,831230.0
1734523200000,2.695,2.698,2.611,2.638,3427104.0
1734526800000,2.639,2.661,2.622,2.64,1749413.0
1734530400000,2.64,2.672,2.635,2.638,1994954.0
1734534000000,2.638,2.671,2.618,2.653,2139398.0
1734537600000,2.654,2.68,2.628,2.662,2147567.0
1734541200000,2.662,2.682,2.599,2.663,3415058.0
1734544800000,2.663,2.737,2.649,2.727,2219588.0
1734548400000,2.726,2.732,2.592,2.592,6178348.0
1734552000000,2.592,2.621,2.345,2.431,44024894.0
1734555600000,2.431,2.5,2.415,2.463,5752466.0
1734559200000,2.463,2.49,2.438,2.442,2852895.0
1734562800000,2.442,2.463,2.407,2.412,2147115.0
1734566400000,2.412,2.449,2.364,2.428,3705585.0
1734570000000,2.428,2.429,2.339,2.369,4897251.0
1734573600000,2.368,2.384,2.263,2.383,18833199.0
1734577200000,2.382,2.437,2.374,2.43,4463084.0
1734580800000,2.431,2.432,2.399,2.401,2069217.0
1734584400000,2.401,2.425,2.397,2.41,1418378.0
1734588000000,2.411,2.413,2.388,2.394,1423515.0
1734591600000,2.395,2.42,2.395,2.404,1322894.0
1734595200000,2.405,2.405,2.362,2.372,2644918.0
1734598800000,2.372,2.405,2.371,2.404,1450493.0
1734602400000,2.403,2.467,2.379,2.451,4063952.0
1734606000000,2.451,2.463,2.432,2.45,2159875.0
1734609600000,2.45,2.455,2.404,2.413,2776066.0
1734613200000,2.413,2.438,2.393,2.414,2189377.0
1734616800000,2.413,2.458,2.388,2.394,3013414.0
1734620400000,2.395,2.397,2.307,2.367,8604112.0
1734624000000,2.366,2.374,2.322,2.372,4217503.0
1734627600000,2.371,2.373,2.182,2.251,20495134.0
1734631200000,2.251,2.256,2.155,2.238,20605790.0
1734634800000,2.238,2.254,2.132,2.18,8537007.0
1734638400000,2.181,2.205,2.103,2.19,8813065.0
1734642000000,2.19,2.258,2.175,2.229,4027545.0
1734645600000,2.228,2.244,2.213,2.232,1379957.0
1734649200000,2.233,2.233,2.185,2.188,1449165.0
1734652800000,2.189,2.234,2.143,2.22,4650407.0
1734656400000,2.22,2.256,2.21,2.237,2403205.0
1734660000000,2.238,2.336,2.237,2.318,3450884.0
1734663600000,2.319,2.321,2.278,2.287,1772039.0
1734667200000,2.287,2.311,2.274,2.278,1469467.0
1734670800000,2.278,2.292,2.253,2.257,2027615.0
1734674400000,2.257,2.289,2.193,2.221,3966036.0
1734678000000,2.221,2.296,2.218,2.254,3820686.0
1734681600000,2.253,2.256,2.104,2.125,9335494.0
1734685200000,2.125,2.15,2.052,2.061,10328855.0
1734688800000,2.06,2.08,1.991,2.012,15129543.0
1734692400000,2.012,2.056,1.937,1.956,16167697.0
1734696000000,1.957,2.077,1.954,2.059,9601593.0
1734699600000,2.06,2.126,2.022,2.117,8667933.0
1734703200000,2.117,2.139,2.092,2.123,4116233.0
1734706800000,2.123,2.247,2.122,2.218,5900636.0
1734710400000,2.218,2.273,2.204,2.238,5293012.0
1734714000000,2.239,2.272,2.227,2.257,2103596.0
1734717600000,2.258,2.28,2.238,2.271,2201684.0
1734721200000,2.27,2.354,2.269,2.329,2410981.0
1734724800000,2.33,2.356,2.314,2.32,1997902.0
1734728400000,2.32,2.346,2.279,2.322,2491978.0
1734732000000,2.322,2.37,2.303,2.361,1415350.0
1734735600000,2.36,2.397,2.355,2.363,2541371.0
1734739200000,2.363,2.375,2.339,2.363,2036475.0
1734742800000,2.363,2.416,2.36,2.367,2862429.0
1734746400000,2.367,2.383,2.352,2.364,1693136.0
1734750000000,2.365,2.375,2.344,2.355,1136815.0
1734753600000,2.355,2.387,2.35,2.38,1268139.0
1734757200000,2.381,2.473,2.375,2.47,3294265.0
1734760800000,2.471,2.477,2.444,2.475,2270582.0
1734764400000,2.475,2.504,2.455,2.456,2376351.0
1734768000000,2.455,2.467,2.385,2.387,3651723.0
1734771600000,2.388,2.394,2.361,2.383,2174220.0
1734775200000,2.383,2.412,2.368,2.386,1631456.0
1734778800000,2.386,2.393,2.339,2.36,2054807.0
1734782400000,2.361,2.364,2.265,2.268,5384725.0
1734786000000,2.267,2.293,2.186,2.253,8377392.0
1734789600000,2.253,2.279,2.219,2.224,4056036.0
1734793200000,2.225,2.26,2.225,2.249,2393335.0
1734796800000,2.249,2.271,2.206,2.221,3585718.0
1734800400000,2.221,2.236,2.181,2.217,3763576.0
1734804000000,2.217,2.233,2.172,2.186,2149165.0
1734807600000,2.187,2.193,2.151,2.183,3518554.0
1734811200000,2.183,2.217,2.168,2.189,2103389.0
1734814800000,2.19,2.202,2.158,2.173,1360852.0
1734818400000,2.172,2.193,2.155,2.176,1563364.0
1734822000000,2.176,2.187,2.147,2.181,1288004.0
1734825600000,2.182,2.221,2.159,2.207,1638921.0
1734829200000,2.207,2.231,2.176,2.204,1659742.0
1734832800000,2.203,2.217,2.177,2.187,1373175.0
1734836400000,2.187,2.213,2.161,2.2,2027075.0
1734840000000,2.2,2.211,2.168,2.168,1480222.0
1734843600000,2.168,2.206,2.142,2.193,2481707.0
1734847200000,2.194,2.225,2.187,2.216,1484768.0
1734850800000,2.215,2.223,2.192,2.209,1421010.0
1734854400000,2.209,2.252,2.207,2.224,1668536.0
1734858000000,2.224,2.278,2.205,2.253,2858096.0
1734861600000,2.254,2.302,2.253,2.28,2552456.0
1734865200000,2.28,2.293,2.261,2.27,1158402.0
1734868800000,2.27,2.307,2.259,2.265,2151165.0
1734872400000,2.266,2.288,2.243,2.257,2499986.0
1734876000000,2.256,2.266,2.177,2.184,6132907.0
1734879600000,2.185,2.242,2.185,2.236,2813729.0
1734883200000,2.236,2.296,2.212,2.249,4438689.0
1734886800000,2.249,2.25,2.224,2.234,1960365.0
1734890400000,2.235,2.256,2.216,2.221,1696168.0
1734894000000,2.222,2.229,2.169,2.177,2181993.0
1734897600000,2.177,2.208,2.137,2.205,2646037.0
1734901200000,2.206,2.244,2.196,2.21,1664561.0
1734904800000,2.209,2.225,2.168,2.223,2007757.0
1734908400000,2.223,2.242,2.2,2.215,1408175.0
1734912000000,2.216,2.219,2.172,2.184,1819136.0
1734915600000,2.183,2.223,2.149,2.178,3259607.0
1734919200000,2.177,2.21,2.153,2.198,1948117.0
1734922800000,2.199,2.276,2.181,2.265,3722543.0
1734926400000,2.264,2.276,2.231,2.239,1882116.0
1734930000000,2.239,2.248,2.209,2.215,1556710.0
1734933600000,2.214,2.222,2.16,2.174,2873872.0
1734937200000,2.174,2.201,2.163,2.193,1844615.0
1734940800000,2.194,2.218,2.187,2.216,1795273.0
1734944400000,2.216,2.252,2.21,2.226,2328395.0
1734948000000,2.225,2.235,2.191,2.212,2255882.0
1734951600000,2.213,2.216,2.177,2.189,1549907.0
1734955200000,2.19,2.216,2.184,2.203,1363411.0
1734958800000,2.203,2.211,2.153,2.165,3165925.0
1734962400000,2.165,2.197,2.123,2.145,3400208.0
1734966000000,2.144,2.16,2.119,2.124,2976524.0
1734969600000,2.124,2.209,2.112,2.196,4040251.0
1734973200000,2.196,2.218,2.173,2.179,3652413.0
1734976800000,2.18,2.191,2.156,2.165,1186863.0
1734980400000,2.164,2.235,2.164,2.21,2482441.0
1734984000000,2.209,2.304,2.207,2.296,2483927.0
1734987600000,2.296,2.363,2.295,2.313,3996167.0
1734991200000,2.313,2.353,2.311,2.352,1247486.0
1734994800000,2.353,2.362,2.314,2.324,1766605.0
1734998400000,2.324,2.334,2.299,2.321,1512006.0
1735002000000,2.321,2.33,2.271,2.276,1979586.0
1735005600000,2.275,2.291,2.25,2.28,2110107.0
1735009200000,2.279,2.308,2.278,2.299,1498354.0
1735012800000,2.3,2.32,2.286,2.32,1495507.0
1735016400000,2.32,2.34,2.31,2.331,1641341.0
1735020000000,2.33,2.335,2.286,2.292,1667683.0
1735023600000,2.292,2.312,2.279,2.299,1734661.0
1735027200000,2.299,2.318,2.288,2.313,1910192.0
1735030800000,2.313,2.318,2.277,2.285,1521451.0
1735034400000,2.285,2.289,2.258,2.264,1955840.0
1735038000000,2.265,2.301,2.26,2.3,1180571.0
1735041600000,2.299,2.302,2.268,2.285,1259798.0
1735045200000,2.286,2.378,2.28,2.375,3259319.0
1735048800000,2.375,2.381,2.35,2.378,2994526.0
1735052400000,2.378,2.417,2.362,2.389,3281209.0
1735056000000,2.389,2.408,2.36,2.368,2707828.0
1735059600000,2.367,2.382,2.345,2.359,1752720.0
1735063200000,2.358,2.388,2.343,2.347,1866944.0
1735066800000,2.347,2.356,2.316,2.316,1536588.0
1735070400000,2.317,2.323,2.281,2.298,1925132.0
1735074000000,2.299,2.343,2.295,2.342,1484740.0
1735077600000,2.343,2.359,2.333,2.349,878444.0
1735081200000,2.349,2.373,2.34,2.357,982435.0
1735084800000,2.357,2.366,2.343,2.352,1448606.0
1735088400000,2.353,2.372,2.35,2.36,1097616.0
1735092000000,2.36,2.376,2.342,2.361,1744523.0
1735095600000,2.36,2.374,2.342,2.351,880278.0
1735099200000,2.352,2.372,2.333,2.362,1190175.0
1735102800000,2.363,2.381,2.354,2.361,921764.0
1735106400000,2.361,2.367,2.337,2.341,1190528.0
1735110000000,2.34,2.364,2.312,2.322,2154441.0
1735113600000,2.322,2.352,2.317,2.331,1381007.0
1735117200000,2.331,2.345,2.323,2.335,825385.0
1735120800000,2.336,2.39,2.324,2.34,2502974.0
1735124400000,2.339,2.357,2.296,2.303,2558502.0
1735128000000,2.303,2.327,2.285,2.31,2629410.0
1735131600000,2.311,2.333,2.302,2.325,1166127.0
1735135200000,2.325,2.342,2.314,2.327,1015701.0
1735138800000,2.328,2.332,2.293,2.305,1324027.0
1735142400000,2.304,2.317,2.267,2.286,2178302.0
1735146000000,2.287,2.307,2.278,2.306,885633.0
1735149600000,2.306,2.312,2.297,2.303,601354.0
1735153200000,2.303,2.321,2.298,2.315,583573.0
1735156800000,2.314,2.33,2.277,2.286,959001.0
1735160400000,2.286,2.301,2.263,2.288,1410258.0
1735164000000,2.288,2.307,2.274,2.288,730369.0
1735167600000,2.288,2.311,2.286,2.302,785071.0
1735171200000,2.302,2.325,2.269,2.28,1572297.0
1735174800000,2.279,2.296,2.264,2.273,1113302.0
1735178400000,2.273,2.283,2.246,2.25,1818698.0
1735182000000,2.25,2.262,2.235,2.239,1416197.0
1735185600000,2.239,2.24,2.218,2.226,2016443.0
1735189200000,2.227,2.237,2.213,2.231,995688.0
1735192800000,2.232,2.236,2.207,2.22,1441455.0
1735196400000,2.22,2.23,2.203,2.21,1165895.0
1735200000000,2.211,2.217,2.147,2.172,5406781.0
1735203600000,2.172,2.199,2.17,2.197,1777679.0
1735207200000,2.196,2.235,2.185,2.218,2449952.0
1735210800000,2.217,2.228,2.194,2.196,1384333.0
1735214400000,2.195,2.199,2.181,2.193,1469337.0
1735218000000,2.192,2.202,2.172,2.186,1393569.0
1735221600000,2.186,2.211,2.167,2.176,2175161.0
1735225200000,2.175,2.197,2.167,2.177,1729082.0
1735228800000,2.177,2.211,2.172,2.204,2095544.0
1735232400000,2.204,2.205,2.145,2.17,2394408.0
1735236000000,2.17,2.198,2.158,2.197,891946.0
1735239600000,2.196,2.2,2.165,2.186,889154.0
1735243200000,2.185,2.187,2.158,2.173,1011911.0
1735246800000,2.173,2.194,2.15,2.188,1475111.0
1735250400000,2.188,2.215,2.186,2.199,914459.0
1735254000000,2.199,2.199,2.165,2.186,1051105.0
1735257600000,2.186,2.204,2.163,2.192,1551941.0
1735261200000,2.192,2.213,2.18,2.209,1416358.0
1735264800000,2.208,2.235,2.194,2.201,2126075.0
1735268400000,2.201,2.22,2.19,2.211,1242346.0
1735272000000,2.212,2.228,2.193,2.198,1319095.0
1735275600000,2.199,2.206,2.175,2.206,1934194.0
1735279200000,2.205,2.233,2.197,2.23,1532439.0
1735282800000,2.23,2.232,2.156,2.178,3948356.0
1735286400000,2.178,2.234,2.177,2.21,2718094.0
1735290000000,2.211,2.311,2.21,2.286,5729717.0
1735293600000,2.286,2.292,2.224,2.26,4724294.0
1735297200000,2.26,2.284,2.25,2.281,1919977.0
1735300800000,2.28,2.29,2.268,2.277,1325443.0
1735304400000,2.277,2.286,2.235,2.248,1972383.0
1735308000000,2.248,2.251,2.188,2.214,3398456.0
1735311600000,2.214,2.223,2.181,2.195,3007444.0
1735315200000,2.195,2.214,2.171,2.189,2052210.0
1735318800000,2.189,2.249,2.171,2.245,2810798.0
1735322400000,2.245,2.247,2.221,2.233,1340762.0
1735326000000,2.233,2.236,2.219,2.225,619569.0
1735329600000,2.225,2.228,2.198,2.224,909386.0
1735333200000,2.224,2.228,2.186,2.188,1056405.0
1735336800000,2.188,2.204,2.174,2.179,1301468.0
1735340400000,2.179,2.188,2.164,2.186,1202605.0
1735344000000,2.187,2.197,2.175,2.182,998940.0
1735347600000,2.182,2.187,2.152,2.168,1729308.0
1735351200000,2.168,2.183,2.154,2.156,975993.0
1735354800000,2.156,2.183,2.155,2.173,713235.0
1735358400000,2.172,2.173,2.152,2.159,815840.0
1735362000000,2.159,2.185,2.159,2.172,1140695.0
1735365600000,2.172,2.176,2.141,2.149,1693400.0
1735369200000,2.149,2.163,2.132,2.138,1611708.0
1735372800000,2.138,2.162,2.136,2.157,1053906.0
1735376400000,2.157,2.169,2.151,2.163,1009484.0
1735380000000,2.163,2.166,2.143,2.146,827899.0
1735383600000,2.146,2.173,2.145,2.168,952977.0
1735387200000,2.167,2.17,2.146,2.151,913298.0
1735390800000,2.15,2.195,2.149,2.187,2375116.0
1735394400000,2.186,2.224,2.18,2.191,2927776.0
1735398000000,2.19,2.214,2.186,2.19,1932217.0
1735401600000,2.191,2.221,2.183,2.221,1519350.0
1735405200000,2.22,2.25,2.215,2.224,1678906.0
1735408800000,2.224,2.232,2.209,2.214,854844.0
1735412400000,2.214,2.223,2.21,2.218,398275.0
1735416000000,2.219,2.224,2.209,2.219,358254.0
1735419600000,2.22,2.238,2.215,2.235,932403.0
1735423200000,2.235,2.252,2.229,2.241,643979.0
1735426800000,2.242,2.243,2.224,2.232,666844.0
1735430400000,2.233,2.238,2.205,2.212,1217298.0
1735434000000,2.213,2.224,2.193,2.197,1335423.0
1735437600000,2.198,2.223,2.198,2.214,787507.0
1735441200000,2.214,2.228,2.207,2.227,665921.0
1735444800000,2.228,2.231,2.211,2.215,606152.0
1735448400000,2.216,2.218,2.206,2.209,358737.0
1735452000000,2.208,2.226,2.197,2.224,762763.0
1735455600000,2.224,2.234,2.213,2.233,1104536.0
1735459200000,2.234,2.238,2.208,2.21,742552.0
1735462800000,2.211,2.217,2.201,2.212,806064.0
1735466400000,2.211,2.227,2.208,2.216,757471.0
1735470000000,2.216,2.219,2.204,2.205,590972.0
1735473600000,2.205,2.212,2.18,2.184,1631467.0
1735477200000,2.183,2.205,2.177,2.202,1027599.0
1735480800000,2.203,2.225,2.167,2.182,2267470.0
1735484400000,2.182,2.19,2.173,2.183,758997.0
1735488000000,2.183,2.183,2.156,2.161,1623145.0
1735491600000,2.161,2.171,2.148,2.156,1239577.0
1735495200000,2.155,2.16,2.141,2.156,777952.0
1735498800000,2.156,2.161,2.15,2.156,510705.0
1735502400000,2.156,2.157,2.126,2.149,1363949.0
1735506000000,2.148,2.155,2.116,2.124,1251093.0
1735509600000,2.123,2.126,2.09,2.101,2326778.0
1735513200000,2.102,2.116,2.087,2.107,1548544.0
1735516800000,2.106,2.14,2.094,2.128,1815964.0
1735520400000,2.128,2.199,2.128,2.176,3304776.0
1735524000000,2.175,2.185,2.155,2.173,1202745.0
1735527600000,2.174,2.189,2.154,2.156,952710.0
1735531200000,2.156,2.174,2.138,2.139,1046687.0
1735534800000,2.138,2.151,2.131,2.146,1131963.0
1735538400000,2.146,2.184,2.146,2.174,1910183.0
1735542000000,2.174,2.179,2.138,2.157,1386618.0
1735545600000,2.158,2.181,2.143,2.154,1267786.0
1735549200000,2.154,2.156,2.129,2.145,1430311.0
1735552800000,2.146,2.154,2.121,2.124,1379887.0
1735556400000,2.123,2.135,2.103,2.13,2049583.0
1735560000000,2.129,2.159,2.129,2.138,1527822.0
1735563600000,2.137,2.149,2.051,2.057,5186474.0
1735567200000,2.057,2.079,2.036,2.054,3909722.0
1735570800000,2.054,2.071,2.034,2.05,2423322.0
1735574400000,2.049,2.056,2.012,2.025,3429960.0
1735578000000,2.025,2.109,2.025,2.098,4556442.0
1735581600000,2.097,2.129,2.087,2.125,2384198.0
1735585200000,2.126,2.135,2.111,2.135,1109702.0
1735588800000,2.135,2.153,2.127,2.134,1366022.0
1735592400000,2.134,2.135,2.051,2.056,3118726.0
1735596000000,2.056,2.088,2.055,2.075,1352416.0
1735599600000,2.075,2.084,2.059,2.078,785139.0
1735603200000,2.077,2.078,2.043,2.046,1331080.0
1735606800000,2.047,2.052,2.028,2.045,1201783.0
1735610400000,2.045,2.05,2.028,2.041,1094764.0
1735614000000,2.041,2.045,2.027,2.034,934928.0
1735617600000,2.033,2.053,2.021,2.025,1506183.0
1735621200000,2.026,2.042,2.018,2.035,1321269.0
1735624800000,2.036,2.058,2.029,2.045,1777149.0
1735628400000,2.045,2.053,2.033,2.045,578559.0
1735632000000,2.045,2.109,2.043,2.083,3380299.0
1735635600000,2.082,2.111,2.075,2.101,1632502.0
1735639200000,2.102,2.109,2.082,2.092,1322168.0
1735642800000,2.093,2.106,2.09,2.099,738368.0
1735646400000,2.1,2.12,2.09,2.09,1373501.0
1735650000000,2.091,2.159,2.089,2.144,3606635.0
1735653600000,2.144,2.182,2.14,2.152,2768680.0
1735657200000,2.152,2.159,2.132,2.15,1772244.0
1735660800000,2.151,2.17,2.129,2.151,1762155.0
1735664400000,2.152,2.155,2.074,2.111,3660872.0
1735668000000,2.112,2.12,2.099,2.104,913006.0
1735671600000,2.104,2.109,2.091,2.1,618274.0
1735675200000,2.1,2.117,2.082,2.091,885090.0
1735678800000,2.091,2.111,2.088,2.109,926086.0
1735682400000,2.109,2.117,2.081,2.087,638026.0
1735686000000,2.087,2.096,2.081,2.091,598814.0
1735689600000,2.09,2.148,2.085,2.146,1520737.0
1735693200000,2.146,2.147,2.114,2.119,837721.0
1735696800000,2.119,2.14,2.118,2.138,1270141.0
1735700400000,2.139,2.141,2.115,2.117,843775.0
1735704000000,2.117,2.12,2.102,2.107,809701.0
1735707600000,2.107,2.129,2.106,2.117,647074.0
1735711200000,2.117,2.122,2.101,2.112,530831.0
1735714800000,2.111,2.123,2.105,2.118,721997.0
1735718400000,2.118,2.129,2.104,2.113,1075820.0
1735722000000,2.113,2.119,2.078,2.102,2874417.0
1735725600000,2.102,2.113,2.094,2.106,779261.0
1735729200000,2.107,2.154,2.099,2.133,2684052.0
1735732800000,2.132,2.147,2.125,2.144,1562134.0
1735736400000,2.144,2.171,2.141,2.167,2628840.0
1735740000000,2.166,2.183,2.139,2.157,2372212.0
1735743600000,2.158,2.171,2.138,2.167,1392862.0
1735747200000,2.167,2.178,2.131,2.139,1917851.0
1735750800000,2.139,2.154,2.121,2.151,1118149.0
1735754400000,2.15,2.176,2.134,2.171,1173927.0
1735758000000,2.171,2.192,2.155,2.177,1112315.0
1735761600000,2.177,2.19,2.171,2.188,863796.0
1735765200000,2.188,2.207,2.182,2.206,1246243.0
1735768800000,2.206,2.25,2.192,2.224,1953888.0
1735772400000,2.224,2.23,2.205,2.227,1511330.0
1735776000000,2.228,2.288,2.21,2.267,4928692.0
1735779600000,2.268,2.287,2.241,2.247,2223009.0
1735783200000,2.248,2.276,2.241,2.276,1366110.0
1735786800000,2.276,2.282,2.26,2.269,1476149.0
1735790400000,2.269,2.308,2.265,2.298,2427964.0
1735794000000,2.298,2.299,2.265,2.271,1894754.0
1735797600000,2.272,2.282,2.247,2.257,1972373.0
1735801200000,2.257,2.295,2.252,2.293,2241312.0
1735804800000,2.293,2.33,2.286,2.311,3257806.0
1735808400000,2.31,2.346,2.298,2.341,3264722.0
1735812000000,2.341,2.357,2.334,2.337,3363988.0
1735815600000,2.337,2.348,2.321,2.345,1703705.0
1735819200000,2.346,2.349,2.322,2.325,1398707.0
1735822800000,2.325,2.33,2.305,2.311,1841963.0
1735826400000,2.312,2.33,2.278,2.299,4671752.0
1735830000000,2.299,2.304,2.265,2.276,2481518.0
1735833600000,2.277,2.306,2.268,2.294,1967583.0
1735837200000,2.293,2.302,2.261,2.279,1254753.0
1735840800000,2.279,2.291,2.272,2.289,967415.0
1735844400000,2.288,2.292,2.274,2.28,699166.0
1735848000000,2.281,2.296,2.27,2.28,1016035.0
1735851600000,2.281,2.289,2.273,2.286,553428.0
1735855200000,2.285,2.29,2.262,2.284,921420.0
1735858800000,2.284,2.304,2.278,2.298,914413.0
1735862400000,2.298,2.304,2.277,2.28,1403470.0
1735866000000,2.279,2.284,2.258,2.272,985261.0
1735869600000,2.273,2.293,2.263,2.264,1401527.0
1735873200000,2.265,2.277,2.262,2.275,968624.0
1735876800000,2.275,2.279,2.249,2.254,2158400.0
1735880400000,2.255,2.258,2.237,2.244,1387325.0
1735884000000,2.245,2.257,2.227,2.23,1117807.0
1735887600000,2.231,2.233,2.208,2.217,1817497.0
1735891200000,2.217,2.231,2.207,2.227,1809953.0
1735894800000,2.227,2.26,2.226,2.245,1907670.0
1735898400000,2.245,2.264,2.234,2.251,1588695.0
1735902000000,2.252,2.323,2.251,2.32,3035239.0
1735905600000,2.32,2.332,2.305,2.306,2805237.0
1735909200000,2.306,2.322,2.295,2.305,2159737.0
1735912800000,2.305,2.347,2.305,2.339,2398835.0
1735916400000,2.338,2.415,2.331,2.401,4643242.0
1735920000000,2.401,2.429,2.376,2.388,5440904.0
1735923600000,2.387,2.398,2.379,2.382,1297044.0
1735927200000,2.382,2.405,2.378,2.39,1057802.0
1735930800000,2.391,2.41,2.388,2.394,1273947.0
1735934400000,2.395,2.409,2.375,2.408,1107345.0
1735938000000,2.408,2.417,2.395,2.402,876343.0
1735941600000,2.401,2.411,2.395,2.404,513510.0
1735945200000,2.405,2.416,2.391,2.411,921753.0
1735948800000,2.411,2.426,2.381,2.388,1339861.0
1735952400000,2.388,2.389,2.363,2.381,2471930.0
1735956000000,2.38,2.406,2.37,2.397,2236303.0
1735959600000,2.397,2.412,2.394,2.401,1039876.0
1735963200000,2.4,2.403,2.371,2.388,1571159.0
1735966800000,2.389,2.395,2.377,2.383,839084.0
1735970400000,2.383,2.407,2.383,2.396,1059392.0
1735974000000,2.396,2.422,2.387,2.403,1772261.0
1735977600000,2.403,2.403,2.359,2.363,2128183.0
1735981200000,2.363,2.404,2.363,2.386,1585169.0
1735984800000,2.386,2.389,2.364,2.383,807194.0
1735988400000,2.382,2.385,2.37,2.384,824524.0
1735992000000,2.384,2.444,2.378,2.434,1934427.0
1735995600000,2.434,2.445,2.407,2.424,1774198.0
1735999200000,2.424,2.428,2.405,2.423,1487464.0
1736002800000,2.423,2.427,2.339,2.347,4948129.0
1736006400000,2.347,2.374,2.345,2.358,1724759.0
1736010000000,2.357,2.374,2.353,2.372,604067.0
1736013600000,2.373,2.386,2.366,2.377,684753.0
1736017200000,2.378,2.392,2.366,2.371,842492.0
1736020800000,2.372,2.393,2.371,2.383,489116.0
1736024400000,2.383,2.397,2.372,2.374,727891.0
1736028000000,2.373,2.38,2.366,2.378,651124.0
1736031600000,2.378,2.393,2.373,2.38,587898.0
1736035200000,2.381,2.393,2.356,2.364,858608.0
1736038800000,2.365,2.367,2.341,2.357,1290575.0
1736042400000,2.357,2.369,2.353,2.365,992850.0
1736046000000,2.365,2.366,2.347,2.359,939577.0
1736049600000,2.36,2.383,2.359,2.374,1056537.0
1736053200000,2.374,2.376,2.357,2.364,1024722.0
1736056800000,2.364,2.387,2.358,2.382,1117012.0
1736060400000,2.382,2.387,2.371,2.375,683485.0
1736064000000,2.374,2.379,2.332,2.355,2938818.0
1736067600000,2.356,2.365,2.335,2.338,1271248.0
1736071200000,2.339,2.356,2.322,2.351,1430290.0
1736074800000,2.35,2.358,2.341,2.355,800836.0
1736078400000,2.356,2.371,2.341,2.362,1233021.0
1736082000000,2.363,2.375,2.336,2.341,1412908.0
1736085600000,2.341,2.346,2.308,2.337,3337786.0
1736089200000,2.337,2.355,2.33,2.348,1572565.0
1736092800000,2.348,2.364,2.327,2.335,1638515.0
1736096400000,2.336,2.353,2.324,2.332,895537.0
1736100000000,2.331,2.354,2.316,2.353,987619.0
1736103600000,2.353,2.381,2.346,2.379,1459546.0
1736107200000,2.38,2.396,2.362,2.374,1294932.0
1736110800000,2.375,2.416,2.37,2.415,1083215.0
1736114400000,2.415,2.417,2.39,2.408,950703.0
1736118000000,2.408,2.434,2.393,2.409,1808453.0
1736121600000,2.41,2.415,2.36,2.364,1992972.0
1736125200000,2.364,2.399,2.343,2.39,2577429.0
1736128800000,2.39,2.457,2.386,2.411,4967758.0
1736132400000,2.411,2.442,2.395,2.438,2485306.0
1736136000000,2.439,2.451,2.411,2.429,1864335.0
1736139600000,2.428,2.459,2.42,2.44,2383570.0
1736143200000,2.44,2.494,2.431,2.463,4313484.0
1736146800000,2.464,2.483,2.439,2.455,3932308.0
1736150400000,2.455,2.459,2.412,2.431,3252034.0
1736154000000,2.43,2.465,2.43,2.451,2132709.0
1736157600000,2.452,2.453,2.429,2.435,1225957.0
1736161200000,2.435,2.484,2.429,2.475,2051316.0
1736164800000,2.475,2.492,2.436,2.437,2289994.0
1736168400000,2.437,2.559,2.417,2.535,8527686.0
1736172000000,2.535,2.596,2.486,2.573,10493192.0
1736175600000,2.574,2.734,2.559,2.708,23495484.0
1736179200000,2.709,2.805,2.674,2.723,21024160.0
1736182800000,2.723,2.73,2.68,2.695,5163425.0
1736186400000,2.695,2.719,2.683,2.69,2094245.0
1736190000000,2.691,2.693,2.653,2.663,2244577.0
1736193600000,2.662,2.689,2.662,2.672,1200284.0
1736197200000,2.672,2.688,2.654,2.658,2218081.0
1736200800000,2.657,2.667,2.638,2.65,1512508.0
1736204400000,2.649,2.65,2.591,2.618,4229422.0
1736208000000,2.617,2.64,2.594,2.596,2563476.0
1736211600000,2.597,2.603,2.569,2.592,2932925.0
1736215200000,2.591,2.599,2.554,2.562,2365626.0
1736218800000,2.563,2.594,2.563,2.576,2087231.0
1736222400000,2.577,2.592,2.567,2.569,1202623.0
1736226000000,2.568,2.577,2.539,2.561,2841353.0
1736229600000,2.56,2.566,2.54,2.549,1831319.0
1736233200000,2.548,2.581,2.548,2.576,1740367.0
1736236800000,2.576,2.625,2.57,2.624,3442110.0
1736240400000,2.624,2.634,2.591,2.61,2755599.0
1736244000000,2.609,2.61,2.577,2.594,2168710.0
1736247600000,2.593,2.606,2.554,2.578,3464929.0
1736251200000,2.578,2.613,2.559,2.603,2930984.0
1736254800000,2.604,2.666,2.596,2.642,5792252.0
1736258400000,2.643,2.683,2.593,2.619,12254603.0
1736262000000,2.619,2.664,2.503,2.568,51060222.0
1736265600000,2.568,2.598,2.522,2.536,9411839.0
1736269200000,2.537,2.548,2.46,2.48,11188497.0
1736272800000,2.48,2.496,2.429,2.438,4902106.0
1736276400000,2.438,2.45,2.38,2.399,5577426.0
1736280000000,2.4,2.423,2.355,2.375,4304797.0
1736283600000,2.375,2.4,2.305,2.306,5471271.0
1736287200000,2.305,2.375,2.302,2.37,3296126.0
1736290800000,2.37,2.371,2.322,2.325,2454057.0
1736294400000,2.325,2.364,2.311,2.339,2921217.0
1736298000000,2.34,2.357,2.318,2.333,2352054.0
1736301600000,2.333,2.366,2.321,2.321,2786110.0
1736305200000,2.321,2.323,2.273,2.306,6293443.0
1736308800000,2.306,2.311,2.258,2.284,4202674.0
1736312400000,2.284,2.306,2.265,2.272,2544702.0
1736316000000,2.272,2.287,2.218,2.224,6072059.0
1736319600000,2.222,2.273,2.219,2.267,2968247.0
1736323200000,2.267,2.303,2.265,2.272,4199574.0
1736326800000,2.272,2.285,2.256,2.257,1671683.0
1736330400000,2.257,2.268,2.238,2.254,1956501.0
1736334000000,2.254,2.26,2.221,2.241,3098884.0
1736337600000,2.241,2.263,2.205,2.211,4045010.0
1736341200000,2.212,2.255,2.212,2.22,3598800.0
1736344800000,2.22,2.258,2.213,2.232,4137092.0
1736348400000,2.231,2.255,2.183,2.215,6648128.0
1736352000000,2.214,2.221,2.147,2.151,5624717.0
1736355600000,2.151,2.169,2.073,2.125,15715853.0
1736359200000,2.125,2.188,2.117,2.151,5124849.0
1736362800000,2.151,2.176,2.134,2.135,2776992.0
1736366400000,2.134,2.148,2.123,2.137,1244618.0
1736370000000,2.137,2.155,2.114,2.145,1485256.0
1736373600000,2.144,2.207,2.144,2.196,2035879.0
1736377200000,2.196,2.211,2.175,2.199,804933.0
1736380800000,2.199,2.227,2.187,2.225,1644385.0
1736384400000,2.226,2.239,2.205,2.206,2241562.0
1736388000000,2.207,2.224,2.174,2.214,3348404.0
1736391600000,2.215,2.219,2.184,2.195,1289294.0
1736395200000,2.195,2.208,2.185,2.204,1277992.0
1736398800000,2.205,2.206,2.182,2.186,864757.0
1736402400000,2.187,2.198,2.17,2.174,1826161.0
1736406000000,2.175,2.185,2.125,2.128,4801528.0
1736409600000,2.128,2.179,2.118,2.16,3154725.0
1736413200000,2.161,2.193,2.157,2.179,1967232.0
1736416800000,2.179,2.185,2.136,2.161,2183612.0
1736420400000,2.161,2.204,2.149,2.177,2914036.0
1736424000000,2.177,2.196,2.163,2.18,2314256.0
1736427600000,2.18,2.195,2.091,2.096,9404497.0
1736431200000,2.096,2.157,2.09,2.138,6760713.0
1736434800000,2.138,2.209,2.121,2.191,6308873.0
1736438400000,2.192,2.216,2.173,2.191,4377390.0
1736442000000,2.192,2.197,2.115,2.131,4437868.0
1736445600000,2.131,2.164,2.124,2.15,2728969.0
1736449200000,2.15,2.157,2.091,2.101,3133159.0
1736452800000,2.101,2.126,2.071,2.113,4523359.0
1736456400000,2.113,2.128,2.1,2.106,1151738.0
1736460000000,2.106,2.151,2.102,2.127,1500362.0
1736463600000,2.126,2.128,2.11,2.12,844662.0
1736467200000,2.12,2.151,2.12,2.139,1560936.0
1736470800000,2.139,2.151,2.12,2.138,1107505.0
1736474400000,2.137,2.159,2.123,2.138,1759722.0
1736478000000,2.139,2.147,2.128,2.142,790968.0
1736481600000,2.142,2.157,2.132,2.138,892458.0
1736485200000,2.138,2.177,2.127,2.153,1547658.0
1736488800000,2.153,2.176,2.142,2.174,1163089.0
1736492400000,2.174,2.206,2.166,2.183,2294774.0
1736496000000,2.181,2.19,2.169,2.181,1957098.0
1736499600000,2.18,2.196,2.17,2.18,1232016.0
1736503200000,2.18,2.192,2.172,2.188,1044489.0
1736506800000,2.187,2.188,2.158,2.176,1365185.0
1736510400000,2.175,2.177,2.146,2.171,1406560.0
1736514000000,2.17,2.185,2.051,2.087,18327179.0
1736517600000,2.086,2.139,2.08,2.1,5236260.0
1736521200000,2.099,2.132,2.055,2.105,4496726.0
1736524800000,2.106,2.112,2.067,2.075,2591474.0
1736528400000,2.075,2.165,2.068,2.156,3374259.0
1736532000000,2.156,2.168,2.129,2.142,2894994.0
1736535600000,2.142,2.168,2.132,2.157,1942263.0
1736539200000,2.156,2.161,2.127,2.143,1132927.0
1736542800000,2.143,2.163,2.139,2.149,891245.0
1736546400000,2.149,2.181,2.139,2.172,1091822.0
1736550000000,2.173,2.175,2.16,2.161,762583.0
1736553600000,2.162,2.177,2.154,2.175,1672394.0
1736557200000,2.174,2.187,2.15,2.158,1634334.0
1736560800000,2.159,2.174,2.153,2.164,862899.0
1736564400000,2.164,2.167,2.151,2.165,1166328.0
1736568000000,2.165,2.2,2.163,2.176,3097262.0
1736571600000,2.176,2.204,2.168,2.204,2155174.0
1736575200000,2.203,2.214,2.171,2.175,2293411.0
1736578800000,2.175,2.19,2.167,2.177,1086619.0
1736582400000,2.178,2.191,2.148,2.153,1836364.0
1736586000000,2.152,2.173,2.152,2.173,1179317.0
1736589600000,2.174,2.18,2.158,2.174,1119747.0
1736593200000,2.174,2.182,2.164,2.173,1032988.0
1736596800000,2.173,2.178,2.155,2.157,807627.0
1736600400000,2.158,2.161,2.134,2.144,1784912.0
1736604000000,2.144,2.163,2.137,2.159,1516526.0
1736607600000,2.159,2.163,2.146,2.149,2524445.0
1736611200000,2.15,2.161,2.14,2.155,1895884.0
1736614800000,2.154,2.155,2.127,2.138,2097822.0
1736618400000,2.139,2.143,2.121,2.137,812489.0
1736622000000,2.136,2.144,2.128,2.142,433585.0
1736625600000,2.143,2.205,2.138,2.199,1934345.0
1736629200000,2.199,2.235,2.196,2.222,2843092.0
1736632800000,2.222,2.226,2.185,2.192,2018619.0
1736636400000,2.192,2.206,2.187,2.192,986945.0
1736640000000,2.192,2.204,2.178,2.195,1537907.0
1736643600000,2.195,2.205,2.184,2.198,779036.0
1736647200000,2.199,2.204,2.183,2.194,622023.0
1736650800000,2.194,2.198,2.171,2.187,786691.0
1736654400000,2.186,2.2,2.181,2.195,820806.0
1736658000000,2.195,2.2,2.184,2.19,587972.0
1736661600000,2.189,2.195,2.169,2.171,734068.0
1736665200000,2.172,2.176,2.155,2.172,1065077.0
1736668800000,2.172,2.176,2.148,2.153,1118929.0
1736672400000,2.153,2.16,2.139,2.146,1072012.0
1736676000000,2.146,2.156,2.13,2.155,1110004.0
1736679600000,2.154,2.165,2.146,2.162,864939.0
1736683200000,2.162,2.174,2.141,2.151,1566084.0
1736686800000,2.151,2.162,2.144,2.154,974420.0
1736690400000,2.154,2.172,2.15,2.153,1025161.0
1736694000000,2.154,2.191,2.146,2.183,1945888.0
1736697600000,2.184,2.195,2.162,2.173,1439991.0
1736701200000,2.174,2.184,2.16,2.173,916599.0
1736704800000,2.173,2.186,2.155,2.162,736911.0
1736708400000,2.163,2.168,2.143,2.144,810434.0
1736712000000,2.145,2.156,2.128,2.136,863917.0
1736715600000,2.137,2.141,2.115,2.12,985819.0
1736719200000,2.119,2.127,2.099,2.111,1900702.0
1736722800000,2.112,2.145,2.11,2.145,2287302.0
1736726400000,2.146,2.208,2.132,2.179,7051306.0
1736730000000,2.178,2.184,2.121,2.127,2939619.0
1736733600000,2.127,2.133,2.06,2.083,4823245.0
1736737200000,2.083,2.096,2.026,2.053,6773616.0
1736740800000,2.053,2.094,2.042,2.072,4038302.0
1736744400000,2.072,2.073,2.027,2.032,3372068.0
1736748000000,2.033,2.046,1.999,2.014,7011025.0
1736751600000,2.014,2.031,2.002,2.022,2846612.0
1736755200000,2.022,2.028,1.985,1.997,4804462.0
1736758800000,1.996,2.006,1.909,1.945,22786110.0
1736762400000,1.946,1.947,1.893,1.919,9485754.0
1736766000000,1.918,1.921,1.874,1.875,8582806.0
1736769600000,1.875,1.908,1.875,1.896,6709950.0
1736773200000,1.896,1.93,1.886,1.893,5638443.0
1736776800000,1.894,1.94,1.836,1.921,24580851.0
1736780400000,1.92,1.965,1.914,1.926,8854270.0
1736784000000,1.926,1.935,1.887,1.89,5029514.0
1736787600000,1.89,1.906,1.867,1.874,3198252.0
1736791200000,1.873,1.893,1.845,1.879,3731647.0
1736794800000,1.88,1.904,1.868,1.887,2346239.0
1736798400000,1.887,1.957,1.873,1.946,5262301.0
1736802000000,1.947,1.965,1.933,1.954,3207335.0
1736805600000,1.954,1.985,1.951,1.966,2036171.0
1736809200000,1.966,1.967,1.952,1.96,1093783.0
1736812800000,1.961,1.977,1.943,1.946,2598981.0
1736816400000,1.947,1.978,1.947,1.955,2285422.0
1736820000000,1.955,1.989,1.953,1.968,2218021.0
1736823600000,1.967,1.987,1.966,1.981,1669432.0
1736827200000,1.981,2.014,1.979,2.008,2621931.0
1736830800000,2.008,2.036,1.986,1.99,3984764.0
1736834400000,1.991,2.008,1.98,2.0,2869000.0
1736838000000,2.001,2.01,1.978,1.978,2178869.0
1736841600000,1.979,2.002,1.978,1.987,2774475.0
1736845200000,1.987,2.052,1.98,2.025,6708165.0
1736848800000,2.025,2.026,1.999,2.014,3234917.0
1736852400000,2.013,2.016,1.991,2.008,1769896.0
1736856000000,2.009,2.019,1.979,1.984,3078339.0
1736859600000,1.985,2.028,1.979,2.006,6838781.0
1736863200000,2.006,2.03,1.996,2.008,3752195.0
1736866800000,2.009,2.022,2.0,2.001,2102251.0
1736870400000,2.0,2.013,1.981,2.008,2955177.0
1736874000000,2.007,2.029,2.0,2.012,1713356.0
1736877600000,2.012,2.022,2.008,2.013,1199979.0
1736881200000,2.014,2.021,2.004,2.012,1403530.0
1736884800000,2.011,2.025,1.999,2.022,1514314.0
1736888400000,2.023,2.033,2.013,2.019,817837.0
1736892000000,2.02,2.062,2.02,2.058,1759880.0
1736895600000,2.057,2.058,2.035,2.038,1428112.0
1736899200000,2.039,2.059,2.031,2.032,1419624.0
1736902800000,2.031,2.052,2.021,2.033,1909275.0
1736906400000,2.034,2.046,2.014,2.017,1775935.0
1736910000000,2.017,2.038,2.007,2.037,1310837.0
1736913600000,2.037,2.048,2.017,2.035,982101.0
1736917200000,2.034,2.038,2.016,2.034,681053.0
1736920800000,2.033,2.035,2.012,2.025,1005667.0
1736924400000,2.026,2.047,2.026,2.03,1373178.0
1736928000000,2.03,2.044,2.019,2.02,1323806.0
1736931600000,2.02,2.024,1.978,1.983,3026486.0
1736935200000,1.983,2.001,1.983,1.99,1397304.0
1736938800000,1.989,1.992,1.963,1.982,2810880.0
1736942400000,1.982,1.994,1.969,1.976,1838487.0
1736946000000,1.976,2.105,1.976,2.104,16087618.0
1736949600000,2.103,2.13,2.079,2.122,7311102.0
1736953200000,2.123,2.16,2.11,2.136,5619833.0
1736956800000,2.137,2.173,2.133,2.134,4107953.0
1736960400000,2.135,2.147,2.113,2.117,2431344.0
1736964000000,2.117,2.165,2.117,2.163,1443743.0
1736967600000,2.163,2.187,2.155,2.182,1798382.0
1736971200000,2.182,2.21,2.179,2.184,3393704.0
1736974800000,2.184,2.193,2.178,2.183,879603.0
1736978400000,2.183,2.214,2.168,2.21,1888762.0
1736982000000,2.209,2.219,2.197,2.212,1777448.0
1736985600000,2.212,2.226,2.161,2.171,3739859.0
1736989200000,2.171,2.192,2.171,2.183,1508674.0
1736992800000,2.183,2.184,2.166,2.175,1804698.0
1736996400000,2.176,2.184,2.152,2.167,2039824.0
1737000000000,2.167,2.179,2.166,2.176,910441.0
1737003600000,2.177,2.183,2.163,2.17,761073.0
1737007200000,2.17,2.206,2.164,2.204,1573893.0
1737010800000,2.205,2.247,2.201,2.219,3137871.0
1737014400000,2.218,2.219,2.144,2.159,4488872.0
1737018000000,2.159,2.179,2.146,2.178,2340117.0
1737021600000,2.179,2.18,2.161,2.172,1202768.0
1737025200000,2.172,2.189,2.156,2.184,2515431.0
1737028800000,2.184,2.24,2.172,2.217,3484002.0
1737032400000,2.218,2.224,2.17,2.183,4661900.0
1737036000000,2.182,2.197,2.113,2.133,7003382.0
1737039600000,2.133,2.178,2.122,2.176,3472189.0
1737043200000,2.175,2.209,2.173,2.188,2997805.0
1737046800000,2.187,2.211,2.174,2.19,1933954.0
1737050400000,2.191,2.202,2.169,2.177,1048643.0
1737054000000,2.176,2.198,2.169,2.197,1037880.0
1737057600000,2.197,2.203,2.178,2.191,1189898.0
1737061200000,2.192,2.193,2.165,2.172,816755.0
1737064800000,2.173,2.174,2.136,2.144,1444475.0
1737068400000,2.144,2.156,2.132,2.148,1258689.0
1737072000000,2.149,2.172,2.149,2.17,944173.0
1737075600000,2.17,2.215,2.165,2.207,3961676.0
1737079200000,2.208,2.229,2.187,2.201,3068670.0
1737082800000,2.2,2.206,2.183,2.187,1342747.0
1737086400000,2.187,2.204,2.179,2.201,1233799.0
1737090000000,2.201,2.207,2.192,2.205,1269916.0
1737093600000,2.204,2.222,2.203,2.21,1459210.0
1737097200000,2.21,2.229,2.203,2.213,1461615.0
1737100800000,2.214,2.255,2.207,2.243,3616866.0
1737104400000,2.243,2.264,2.234,2.249,3116546.0
1737108000000,2.248,2.268,2.239,2.255,1831603.0
1737111600000,2.255,2.264,2.243,2.243,1120000.0
1737115200000,2.244,2.262,2.227,2.229,2478907.0
1737118800000,2.23,2.252,2.216,2.222,1980396.0
1737122400000,2.222,2.264,2.222,2.253,3042583.0
1737126000000,2.253,2.272,2.233,2.249,2791792.0
1737129600000,2.249,2.297,2.238,2.283,3903258.0
1737133200000,2.284,2.285,2.234,2.237,2937494.0
1737136800000,2.237,2.251,2.226,2.228,1712714.0
1737140400000,2.228,2.261,2.228,2.236,1469565.0
1737144000000,2.236,2.317,2.233,2.306,2724742.0
1737147600000,2.305,2.32,2.276,2.288,1193208.0
1737151200000,2.288,2.323,2.288,2.301,1232860.0
1737154800000,2.3,2.308,2.287,2.295,1425060.0
1737158400000,2.295,2.37,2.295,2.368,3878033.0
1737162000000,2.367,2.378,2.308,2.315,3641562.0
1737165600000,2.315,2.326,2.293,2.301,1521106.0
1737169200000,2.301,2.309,2.233,2.239,5940304.0
1737172800000,2.239,2.258,2.209,2.227,4163289.0
1737176400000,2.226,2.236,2.126,2.128,6881829.0
1737180000000,2.127,2.184,2.126,2.166,3932615.0
1737183600000,2.165,2.168,2.122,2.129,2454564.0
1737187200000,2.129,2.148,2.092,2.14,4305359.0
1737190800000,2.141,2.148,2.12,2.14,1456401.0
1737194400000,2.14,2.171,2.131,2.16,2249258.0
1737198000000,2.16,2.211,2.137,2.194,2579456.0
1737201600000,2.194,2.199,2.156,2.172,2843271.0
1737205200000,2.172,2.204,2.159,2.202,2215869.0
1737208800000,2.202,2.204,2.15,2.154,2228511.0
1737212400000,2.154,2.172,2.134,2.141,2855586.0
1737216000000,2.141,2.165,2.115,2.12,5063589.0
1737219600000,2.12,2.144,2.114,2.114,2098342.0
1737223200000,2.114,2.127,2.094,2.103,2780584.0
1737226800000,2.102,2.137,2.102,2.134,1458332.0
1737230400000,2.134,2.137,2.099,2.106,1173715.0
1737234000000,2.106,2.125,2.101,2.105,961715.0
1737237600000,2.104,2.132,2.1,2.119,1264838.0
1737241200000,2.12,2.154,2.114,2.146,1490244.0
1737244800000,2.145,2.174,2.134,2.164,2093498.0
1737248400000,2.165,2.225,2.162,2.22,3194982.0
1737252000000,2.221,2.235,2.204,2.212,1976210.0
1737255600000,2.213,2.229,2.193,2.201,2368082.0
1737259200000,2.201,2.212,2.168,2.183,4500144.0
1737262800000,2.183,2.215,2.163,2.209,5913914.0
1737266400000,2.209,2.214,2.155,2.157,1997456.0
1737270000000,2.157,2.175,2.124,2.147,2945045.0
1737273600000,2.147,2.149,2.047,2.055,6987205.0
1737277200000,2.056,2.08,2.006,2.079,11436210.0
1737280800000,2.078,2.078,2.025,2.026,3178675.0
1737284400000,2.027,2.037,1.95,1.971,6408351.0
1737288000000,1.971,2.042,1.968,2.037,5117611.0
1737291600000,2.037,2.067,2.025,2.063,3775162.0
1737295200000,2.062,2.136,2.051,2.123,8502874.0
1737298800000,2.123,2.159,2.108,2.119,4111423.0
1737302400000,2.119,2.136,2.095,2.101,2137608.0
1737306000000,2.101,2.14,2.088,2.139,2257885.0
1737309600000,2.139,2.162,2.125,2.144,1567407.0
1737313200000,2.143,2.169,2.131,2.157,1497268.0
1737316800000,2.158,2.177,2.108,2.118,2224663.0
1737320400000,2.119,2.121,1.991,1.994,17160980.0
1737324000000,1.993,2.031,1.884,1.957,12546806.0
1737327600000,1.956,1.957,1.85,1.906,17671927.0
1737331200000,1.905,1.905,1.824,1.832,23947453.0
1737334800000,1.833,1.879,1.833,1.858,7515248.0
1737338400000,1.858,1.921,1.851,1.872,4539391.0
1737342000000,1.872,1.916,1.861,1.903,3096563.0
1737345600000,1.902,1.935,1.879,1.912,2902615.0
1737349200000,1.911,1.949,1.903,1.922,3135990.0
1737352800000,1.921,2.065,1.921,2.056,13688029.0
1737356400000,2.057,2.162,2.049,2.089,27626416.0
1737360000000,2.09,2.104,2.076,2.087,3400784.0
1737363600000,2.088,2.09,2.045,2.057,3315939.0
1737367200000,2.057,2.064,2.013,2.028,2716102.0
1737370800000,2.027,2.048,2.007,2.046,2365552.0
1737374400000,2.046,2.049,1.951,1.984,8182497.0
1737378000000,1.985,2.012,1.973,2.005,2686156.0
1737381600000,2.005,2.019,1.995,2.01,1819633.0
1737385200000,2.01,2.01,1.961,1.971,3122871.0
1737388800000,1.972,2.013,1.933,2.007,5080775.0
1737392400000,2.006,2.006,1.843,1.898,44913081.0
1737396000000,1.899,1.939,1.896,1.937,3362818.0
1737399600000,1.938,1.939,1.909,1.924,1563939.0
1737403200000,1.924,1.933,1.907,1.918,1670626.0
1737406800000,1.917,1.93,1.885,1.886,1921581.0
1737410400000,1.886,1.93,1.861,1.92,2433466.0
1737414000000,1.92,1.922,1.884,1.894,2418722.0
1737417600000,1.894,1.903,1.858,1.859,3625393.0
1737421200000,1.86,1.888,1.84,1.856,4426383.0
1737424800000,1.856,1.87,1.827,1.857,3838951.0
1737428400000,1.856,1.866,1.832,1.85,2836142.0
1737432000000,1.849,1.849,1.794,1.841,4586710.0
1737435600000,1.84,1.852,1.818,1.823,1993319.0
1737439200000,1.824,1.852,1.813,1.834,1916516.0
1737442800000,1.834,1.862,1.826,1.847,2134992.0
1737446400000,1.847,1.861,1.828,1.847,1895799.0
1737450000000,1.847,1.872,1.837,1.86,2120676.0
1737453600000,1.859,1.902,1.852,1.897,2962743.0
1737457200000,1.896,1.917,1.885,1.909,2969872.0
1737460800000,1.909,1.93,1.898,1.911,2414938.0
1737464400000,1.912,1.919,1.89,1.914,2383491.0
1737468000000,1.914,1.936,1.885,1.893,3570843.0
1737471600000,1.892,1.908,1.879,1.902,1757381.0
1737475200000,1.901,1.949,1.896,1.92,3003405.0
1737478800000,1.921,2.334,1.917,2.261,27593172.0
1737482400000,2.26,2.298,2.091,2.108,27008435.0
1737486000000,2.109,2.113,2.061,2.076,4411019.0
1737489600000,2.075,2.084,2.035,2.056,2715864.0
1737493200000,2.055,2.106,2.051,2.096,2958013.0
1737496800000,2.096,2.218,2.072,2.158,7133416.0
1737500400000,2.158,2.181,2.093,2.129,10448765.0
1737504000000,2.128,2.178,2.076,2.106,7408249.0
1737507600000,2.106,2.111,2.054,2.059,3237831.0
1737511200000,2.059,2.156,2.052,2.137,5144334.0
1737514800000,2.137,2.178,2.136,2.149,4847974.0
1737518400000,2.149,2.165,2.132,2.154,2286047.0
1737522000000,2.154,2.228,2.153,2.194,6089083.0
1737525600000,2.194,2.24,2.181,2.202,6026071.0
1737529200000,2.203,2.234,2.173,2.185,4087368.0
1737532800000,2.185,2.191,2.136,2.178,4728564.0
1737536400000,2.179,2.203,2.161,2.163,3028481.0
1737540000000,2.163,2.166,2.123,2.16,4161947.0
1737543600000,2.161,2.249,2.143,2.228,7333446.0
1737547200000,2.228,2.305,2.207,2.262,8754149.0
1737550800000,2.262,2.281,2.208,2.218,6073357.0
1737554400000,2.219,2.285,2.204,2.266,6405637.0
1737558000000,2.267,2.47,2.246,2.442,16294546.0
1737561600000,2.441,2.448,2.354,2.399,14379905.0
1737565200000,2.401,2.433,2.355,2.376,5982857.0
1737568800000,2.377,2.413,2.348,2.361,4456243.0
1737572400000,2.361,2.436,2.356,2.36,6163559.0
1737576000000,2.36,2.392,2.321,2.342,4423151.0
1737579600000,2.341,2.4,2.331,2.377,2771359.0
1737583200000,2.377,2.391,2.295,2.3,3949859.0
1737586800000,2.3,2.327,2.281,2.315,4249167.0
1737590400000,2.314,2.316,2.274,2.288,4773775.0
1737594000000,2.288,2.301,2.248,2.252,4618004.0
1737597600000,2.253,2.278,2.225,2.233,5079202.0
1737601200000,2.234,2.264,2.206,2.218,4623719.0
1737604800000,2.219,2.234,2.157,2.157,6376500.0
1737608400000,2.157,2.203,2.146,2.201,4921521.0
1737612000000,2.2,2.211,2.162,2.166,3116292.0
1737615600000,2.166,2.178,2.147,2.175,4040785.0
1737619200000,2.175,2.191,2.142,2.143,3915650.0
1737622800000,2.142,2.17,2.141,2.158,1979884.0
1737626400000,2.158,2.169,2.141,2.15,2769053.0
1737630000000,2.151,2.184,2.143,2.168,2744874.0
1737633600000,2.168,2.17,2.134,2.143,2996701.0
1737637200000,2.144,2.155,2.101,2.149,5953242.0
1737640800000,2.149,2.224,2.126,2.191,9267826.0
1737644400000,2.191,2.192,2.115,2.172,11522485.0
1737648000000,2.173,2.287,2.166,2.223,12673207.0
1737651600000,2.222,2.343,2.186,2.311,10930662.0
1737655200000,2.311,2.347,2.234,2.246,8550034.0
1737658800000,2.247,2.264,2.204,2.212,4952868.0
1737662400000,2.212,2.318,2.197,2.22,14602691.0
1737666000000,2.221,2.231,2.159,2.197,4449090.0
1737669600000,2.198,2.288,2.19,2.26,2854343.0
1737673200000,2.26,2.302,2.253,2.262,2986371.0
1737676800000,2.263,2.274,2.195,2.199,3655331.0
1737680400000,2.2,2.215,2.172,2.184,4451308.0
1737684000000,2.185,2.186,2.123,2.133,4565300.0
1737687600000,2.134,2.22,2.13,2.206,5553065.0
1737691200000,2.206,2.26,2.194,2.246,5305719.0
1737694800000,2.246,2.298,2.243,2.294,4237644.0
1737698400000,2.295,2.296,2.26,2.268,3673324.0
1737702000000,2.267,2.297,2.263,2.289,2588465.0
1737705600000,2.29,2.327,2.274,2.301,4310981.0
1737709200000,2.301,2.311,2.266,2.279,2479190.0
1737712800000,2.278,2.284,2.252,2.279,2161675.0
1737716400000,2.278,2.282,2.26,2.271,1091789.0
1737720000000,2.271,2.282,2.249,2.276,1862828.0
1737723600000,2.276,2.287,2.254,2.262,1833586.0
1737727200000,2.263,2.278,2.243,2.254,2379630.0
1737730800000,2.254,2.265,2.192,2.212,4409270.0
1737734400000,2.213,2.223,2.195,2.195,2195610.0
1737738000000,2.196,2.219,2.181,2.214,2541039.0
1737741600000,2.213,2.224,2.189,2.197,1973439.0
1737745200000,2.197,2.205,2.172,2.181,1737796.0
1737748800000,2.181,2.193,2.152,2.153,4998947.0
1737752400000,2.153,2.178,2.145,2.168,2463501.0
1737756000000,2.168,2.19,2.153,2.161,2607623.0
1737759600000,2.161,2.163,2.118,2.132,2936895.0
1737763200000,2.132,2.133,2.076,2.079,4193023.0
1737766800000,2.079,2.122,2.076,2.099,3005686.0
1737770400000,2.098,2.127,2.093,2.119,2353518.0
1737774000000,2.12,2.143,2.109,2.137,1525282.0
1737777600000,2.137,2.137,2.117,2.122,1360159.0
1737781200000,2.123,2.147,2.116,2.132,1354520.0
1737784800000,2.131,2.142,2.112,2.119,1270432.0
1737788400000,2.118,2.121,2.099,2.108,2083711.0
1737792000000,2.108,2.122,2.102,2.106,1468285.0
1737795600000,2.106,2.111,2.091,2.1,1234099.0
1737799200000,2.1,2.12,2.083,2.117,1782033.0
1737802800000,2.118,2.138,2.109,2.131,2278233.0
1737806400000,2.132,2.132,2.107,2.125,1318776.0
1737810000000,2.126,2.142,2.117,2.129,1885539.0
1737813600000,2.128,2.141,2.111,2.138,1066307.0
1737817200000,2.139,2.175,2.136,2.165,3073153.0
1737820800000,2.165,2.18,2.145,2.156,2482648.0
1737824400000,2.156,2.16,2.123,2.149,1702171.0
1737828000000,2.149,2.164,2.138,2.148,924975.0
1737831600000,2.149,2.152,2.132,2.14,753432.0
1737835200000,2.14,2.155,2.121,2.122,1258199.0
1737838800000,2.123,2.128,2.11,2.122,1021947.0
1737842400000,2.121,2.136,2.116,2.12,706892.0
1737846000000,2.119,2.125,2.096,2.098,1160625.0
1737849600000,2.099,2.118,2.075,2.106,3132446.0
1737853200000,2.106,2.12,2.092,2.093,1260502.0
1737856800000,2.094,2.094,2.076,2.089,1752019.0
1737860400000,2.09,2.11,2.086,2.097,1177475.0
1737864000000,2.096,2.115,2.089,2.107,1430134.0
1737867600000,2.106,2.108,2.085,2.091,1310522.0
1737871200000,2.091,2.097,2.084,2.094,986928.0
1737874800000,2.095,2.108,2.084,2.104,1411987.0
1737878400000,2.103,2.116,2.086,2.091,1800041.0
1737882000000,2.091,2.105,2.064,2.071,4621150.0
1737885600000,2.07,2.083,2.066,2.083,1757217.0
1737889200000,2.082,2.104,2.079,2.101,1203037.0
1737892800000,2.102,2.105,2.081,2.097,939338.0
1737896400000,2.097,2.102,2.079,2.093,1767632.0
1737900000000,2.092,2.103,2.073,2.101,1259605.0
1737903600000,2.101,2.107,2.089,2.091,763214.0
1737907200000,2.091,2.092,2.068,2.083,1638284.0
1737910800000,2.084,2.103,2.075,2.092,1059261.0
1737914400000,2.091,2.102,2.079,2.098,1094963.0
1737918000000,2.099,2.109,2.084,2.108,799220.0
1737921600000,2.108,2.115,2.084,2.086,972022.0
1737925200000,2.086,2.088,2.039,2.042,3171834.0
1737928800000,2.041,2.055,2.028,2.04,2151331.0
1737932400000,2.039,2.039,1.983,1.991,6153432.0
1737936000000,1.991,1.991,1.939,1.958,6878809.0
1737939600000,1.958,1.967,1.924,1.928,4557014.0
1737943200000,1.927,1.93,1.895,1.915,6478433.0
1737946800000,1.914,1.936,1.91,1.92,2335407.0
1737950400000,1.919,1.919,1.889,1.896,4224490.0
1737954000000,1.896,1.901,1.872,1.891,3745685.0
1737957600000,1.891,1.903,1.861,1.871,3568272.0
1737961200000,1.87,1.881,1.807,1.86,10717986.0
1737964800000,1.86,1.86,1.813,1.841,4041707.0
1737968400000,1.841,1.869,1.833,1.856,2363194.0
1737972000000,1.855,1.857,1.817,1.822,2257328.0
1737975600000,1.822,1.873,1.821,1.842,4155845.0
1737979200000,1.843,1.893,1.825,1.883,5141085.0
1737982800000,1.883,1.923,1.869,1.879,5566951.0
1737986400000,1.878,1.931,1.868,1.923,5384399.0
1737990000000,1.922,1.959,1.888,1.916,7523711.0
1737993600000,1.916,1.918,1.857,1.869,4148992.0
1737997200000,1.869,1.881,1.847,1.854,3094522.0
1738000800000,1.854,1.871,1.832,1.838,2213512.0
1738004400000,1.839,1.867,1.839,1.851,1331918.0
1738008000000,1.851,1.921,1.851,1.914,2490568.0
1738011600000,1.912,1.949,1.907,1.913,2651010.0
1738015200000,1.914,1.923,1.9,1.907,1110985.0
1738018800000,1.907,1.914,1.89,1.906,1358758.0
1738022400000,1.906,1.931,1.885,1.887,2109238.0
1738026000000,1.888,1.895,1.873,1.887,1553714.0
1738029600000,1.886,1.906,1.884,1.9,1253457.0
1738033200000,1.899,1.912,1.883,1.903,1149402.0
1738036800000,1.903,1.93,1.903,1.914,1626560.0
1738040400000,1.915,1.923,1.898,1.901,1537246.0
1738044000000,1.902,1.903,1.884,1.884,1763716.0
1738047600000,1.883,1.893,1.861,1.869,2880998.0
1738051200000,1.868,1.876,1.855,1.871,2261257.0
1738054800000,1.871,1.872,1.848,1.867,1936019.0
1738058400000,1.867,1.869,1.851,1.854,1432001.0
1738062000000,1.854,1.859,1.839,1.852,2054766.0
1738065600000,1.852,1.862,1.814,1.829,3982261.0
1738069200000,1.829,1.85,1.826,1.833,2374140.0
1738072800000,1.833,1.834,1.809,1.82,4462885.0
1738076400000,1.82,1.855,1.816,1.826,4338068.0
1738080000000,1.826,1.827,1.733,1.758,12480833.0
1738083600000,1.758,1.787,1.751,1.764,4694022.0
1738087200000,1.764,1.792,1.746,1.75,3402117.0
1738090800000,1.75,1.755,1.737,1.748,2559443.0
1738094400000,1.749,1.764,1.706,1.712,3962072.0
1738098000000,1.712,1.73,1.666,1.671,5554353.0
1738101600000,1.671,1.683,1.63,1.654,5922175.0
1738105200000,1.653,1.664,1.62,1.632,4525633.0
1738108800000,1.632,1.65,1.609,1.629,5158561.0
1738112400000,1.63,1.724,1.629,1.695,8731414.0
1738116000000,1.696,1.748,1.695,1.706,4880731.0
1738119600000,1.707,1.721,1.694,1.713,2546916.0
1738123200000,1.714,1.721,1.702,1.705,1511314.0
1738126800000,1.706,1.738,1.694,1.731,5448930.0
1738130400000,1.732,1.754,1.726,1.75,2022165.0
1738134000000,1.75,1.763,1.741,1.756,1565975.0
1738137600000,1.756,1.774,1.731,1.737,2214636.0
1738141200000,1.737,1.745,1.714,1.717,1999089.0
1738144800000,1.717,1.736,1.704,1.732,1679979.0
1738148400000,1.732,1.74,1.724,1.734,1017294.0
1738152000000,1.734,1.736,1.702,1.708,1719345.0
1738155600000,1.707,1.709,1.672,1.686,3777683.0
1738159200000,1.685,1.706,1.679,1.696,3053110.0
1738162800000,1.697,1.726,1.696,1.705,2792470.0
1738166400000,1.705,1.718,1.684,1.708,3410462.0
1738170000000,1.707,1.744,1.706,1.728,2570861.0
1738173600000,1.728,1.781,1.707,1.761,4460526.0
1738177200000,1.761,1.801,1.692,1.777,15057665.0
1738180800000,1.777,1.829,1.748,1.798,6797211.0
1738184400000,1.797,1.806,1.773,1.777,2981807.0
1738188000000,1.777,1.78,1.746,1.746,1837841.0
1738191600000,1.747,1.754,1.718,1.724,1793735.0
1738195200000,1.724,1.743,1.706,1.741,2283655.0
1738198800000,1.742,1.779,1.732,1.751,4934571.0
1738202400000,1.752,1.759,1.736,1.758,1812892.0
1738206000000,1.759,1.783,1.749,1.78,2235031.0
1738209600000,1.78,1.799,1.764,1.791,2382450.0
1738213200000,1.792,1.798,1.772,1.784,1366792.0
1738216800000,1.784,1.795,1.779,1.785,1121649.0
1738220400000,1.785,1.792,1.759,1.78,1530463.0
1738224000000,1.779,1.788,1.763,1.785,1335400.0
1738227600000,1.785,1.801,1.778,1.79,1267807.0
1738231200000,1.79,1.795,1.775,1.79,1326214.0
1738234800000,1.79,1.79,1.773,1.786,1026758.0
1738238400000,1.787,1.788,1.762,1.767,1301792.0
1738242000000,1.766,1.796,1.757,1.792,3157310.0
1738245600000,1.793,1.829,1.789,1.819,4047850.0
1738249200000,1.819,1.828,1.794,1.796,2504529.0
1738252800000,1.796,1.816,1.782,1.804,2901229.0
1738256400000,1.803,1.807,1.786,1.79,1630272.0
1738260000000,1.791,1.792,1.767,1.789,1586925.0
1738263600000,1.788,1.884,1.778,1.849,12309433.0
1738267200000,1.85,1.853,1.795,1.799,3568608.0
1738270800000,1.799,1.812,1.781,1.785,2622825.0
1738274400000,1.784,1.799,1.763,1.779,2767877.0
1738278000000,1.779,1.787,1.764,1.767,1442191.0
1738281600000,1.766,1.788,1.749,1.787,2613193.0
1738285200000,1.786,1.791,1.767,1.774,1561166.0
1738288800000,1.774,1.787,1.755,1.759,1597492.0
1738292400000,1.758,1.76,1.737,1.755,2358607.0
1738296000000,1.755,1.763,1.742,1.748,1196535.0
1738299600000,1.749,1.773,1.744,1.772,1354200.0
1738303200000,1.772,1.794,1.767,1.793,1458290.0
1738306800000,1.792,1.814,1.784,1.788,1806309.0
1738310400000,1.789,1.793,1.77,1.777,1705596.0
1738314000000,1.776,1.799,1.771,1.798,1561408.0
1738317600000,1.797,1.797,1.771,1.785,1365186.0
1738321200000,1.785,1.837,1.785,1.834,3559224.0
1738324800000,1.833,1.835,1.811,1.821,2414567.0
1738328400000,1.821,1.844,1.816,1.831,3476937.0
1738332000000,1.831,1.846,1.807,1.82,3519547.0
1738335600000,1.821,1.877,1.821,1.863,10932244.0
1738339200000,1.862,1.87,1.832,1.839,3971285.0
1738342800000,1.839,1.841,1.797,1.801,3495956.0
1738346400000,1.802,1.809,1.75,1.766,5830922.0
1738350000000,1.766,1.79,1.764,1.778,2286773.0
1738353600000,1.777,1.787,1.753,1.781,2045579.0
1738357200000,1.78,1.782,1.755,1.777,1635411.0
1738360800000,1.776,1.779,1.753,1.765,1140089.0
1738364400000,1.764,1.777,1.752,1.772,1247409.0
1738368000000,1.772,1.798,1.762,1.792,1419897.0
1738371600000,1.792,1.809,1.788,1.788,1493707.0
1738375200000,1.789,1.804,1.786,1.797,998346.0
1738378800000,1.798,1.8,1.76,1.773,2317457.0
1738382400000,1.774,1.794,1.77,1.78,1380227.0
1738386000000,1.78,1.792,1.778,1.79,846130.0
1738389600000,1.791,1.791,1.757,1.77,1417542.0
1738393200000,1.77,1.775,1.755,1.762,1362989.0
1738396800000,1.763,1.768,1.718,1.731,3520791.0
1738400400000,1.73,1.735,1.701,1.707,2655290.0
1738404000000,1.707,1.741,1.707,1.722,2687841.0
1738407600000,1.722,1.744,1.715,1.74,1608954.0
1738411200000,1.74,1.745,1.727,1.733,1334510.0
1738414800000,1.732,1.743,1.707,1.709,2747278.0
1738418400000,1.71,1.72,1.698,1.701,2887153.0
1738422000000,1.701,1.707,1.679,1.702,2967348.0
1738425600000,1.701,1.715,1.685,1.688,1862385.0
1738429200000,1.689,1.713,1.689,1.699,1356617.0
1738432800000,1.699,1.701,1.653,1.661,3362659.0
1738436400000,1.661,1.661,1.634,1.644,3218191.0
1738440000000,1.643,1.647,1.62,1.638,3970074.0
1738443600000,1.638,1.658,1.631,1.64,2490766.0
1738447200000,1.639,1.648,1.621,1.628,1877893.0
1738450800000,1.627,1.631,1.595,1.614,5521721.0
1738454400000,1.613,1.64,1.607,1.627,2581412.0
1738458000000,1.627,1.64,1.62,1.631,1734424.0
1738461600000,1.631,1.632,1.592,1.596,2640627.0
1738465200000,1.596,1.603,1.534,1.55,10825571.0
1738468800000,1.55,1.583,1.547,1.555,3922578.0
1738472400000,1.555,1.593,1.555,1.587,2542106.0
1738476000000,1.587,1.599,1.583,1.587,2098703.0
1738479600000,1.587,1.595,1.579,1.584,1927257.0
1738483200000,1.584,1.622,1.58,1.607,2523644.0
1738486800000,1.607,1.614,1.595,1.608,1656430.0
1738490400000,1.608,1.608,1.578,1.589,1875073.0
1738494000000,1.589,1.598,1.554,1.563,2924649.0
1738497600000,1.562,1.586,1.554,1.556,2811698.0
1738501200000,1.557,1.593,1.555,1.591,2542261.0
1738504800000,1.59,1.6,1.577,1.578,3046593.0
1738508400000,1.578,1.578,1.539,1.566,3864979.0
1738512000000,1.566,1.567,1.479,1.494,10025874.0
1738515600000,1.495,1.512,1.453,1.468,13535929.0
1738519200000,1.468,1.483,1.392,1.402,14781606.0
1738522800000,1.402,1.44,1.355,1.42,16931831.0
1738526400000,1.421,1.449,1.402,1.406,4914060.0
1738530000000,1.406,1.417,1.386,1.392,5474598.0
1738533600000,1.392,1.43,1.281,1.374,12628847.0
1738537200000,1.373,1.401,1.31,1.391,12160417.0
1738540800000,1.392,1.393,1.287,1.334,19415146.0
1738544400000,1.334,1.345,1.045,1.157,71086081.0
1738548000000,1.158,1.167,0.957,1.089,74296254.0
1738551600000,1.089,1.152,1.086,1.136,14372094.0
1738555200000,1.136,1.167,1.092,1.095,9638531.0
1738558800000,1.095,1.158,1.094,1.156,7460510.0
1738562400000,1.156,1.203,1.142,1.202,6674134.0
1738566000000,1.201,1.246,1.195,1.241,7740822.0
1738569600000,1.241,1.241,1.187,1.202,8709128.0
1738573200000,1.201,1.233,1.198,1.209,7456866.0
1738576800000,1.209,1.261,1.207,1.254,6151585.0
1738580400000,1.255,1.255,1.215,1.223,4267689.0
1738584000000,1.224,1.251,1.204,1.208,6039419.0
1738587600000,1.209,1.223,1.191,1.21,5718915.0
1738591200000,1.21,1.273,1.165,1.267,30525072.0
1738594800000,1.267,1.343,1.251,1.329,17114987.0
1738598400000,1.329,1.374,1.312,1.344,9568303.0
1738602000000,1.345,1.362,1.331,1.354,6289499.0
1738605600000,1.353,1.379,1.34,1.376,4104061.0
1738609200000,1.376,1.4,1.365,1.39,4077190.0
1738612800000,1.39,1.39,1.354,1.373,3141516.0
1738616400000,1.372,1.433,1.372,1.428,3365475.0
1738620000000,1.428,1.449,1.417,1.434,3268528.0
1738623600000,1.435,1.435,1.409,1.419,2593960.0
1738627200000,1.419,1.431,1.387,1.388,2681780.0
1738630800000,1.389,1.4,1.385,1.393,2053385.0
1738634400000,1.393,1.406,1.366,1.369,2190765.0
1738638000000,1.369,1.374,1.354,1.368,2508715.0
1738641600000,1.368,1.384,1.353,1.357,3080182.0
1738645200000,1.357,1.359,1.263,1.273,12866640.0
1738648800000,1.274,1.301,1.274,1.296,2900695.0
1738652400000,1.295,1.297,1.248,1.254,4569724.0
1738656000000,1.254,1.277,1.247,1.259,4112607.0
1738659600000,1.259,1.28,1.259,1.271,3720774.0
1738663200000,1.272,1.317,1.269,1.301,3510528.0
1738666800000,1.3,1.336,1.298,1.316,3822652.0
1738670400000,1.317,1.355,1.317,1.337,3821180.0
1738674000000,1.337,1.359,1.326,1.329,3948850.0
1738677600000,1.33,1.369,1.316,1.351,7064966.0
1738681200000,1.351,1.359,1.309,1.334,8503843.0
1738684800000,1.334,1.361,1.326,1.333,3840507.0
1738688400000,1.332,1.349,1.317,1.33,3790379.0
1738692000000,1.329,1.357,1.321,1.35,3709243.0
1738695600000,1.349,1.381,1.318,1.318,7329915.0
1738699200000,1.319,1.333,1.291,1.301,8951887.0
1738702800000,1.302,1.302,1.263,1.267,6685391.0
1738706400000,1.267,1.308,1.265,1.302,3114818.0
1738710000000,1.302,1.327,1.294,1.315,2635104.0
1738713600000,1.314,1.322,1.298,1.309,3005801.0
1738717200000,1.309,1.331,1.309,1.313,2790996.0
1738720800000,1.313,1.343,1.312,1.334,3012055.0
1738724400000,1.333,1.341,1.322,1.331,2012937.0
1738728000000,1.332,1.338,1.321,1.333,1679040.0
1738731600000,1.333,1.353,1.315,1.346,2500438.0
1738735200000,1.345,1.345,1.319,1.324,2473853.0
1738738800000,1.324,1.33,1.314,1.327,1864903.0
1738742400000,1.327,1.336,1.312,1.322,1773996.0
1738746000000,1.322,1.338,1.305,1.319,2463687.0
1738749600000,1.318,1.337,1.317,1.331,1643545.0
1738753200000,1.33,1.356,1.33,1.349,3179849.0
1738756800000,1.349,1.357,1.33,1.333,2657906.0
1738760400000,1.333,1.356,1.33,1.35,2399737.0
1738764000000,1.35,1.369,1.332,1.339,3228565.0
1738767600000,1.339,1.35,1.316,1.336,3873026.0
1738771200000,1.335,1.342,1.296,1.317,5776073.0
1738774800000,1.317,1.324,1.271,1.283,3586232.0
1738778400000,1.283,1.296,1.269,1.278,2698547.0
1738782000000,1.278,1.307,1.273,1.304,1853149.0
1738785600000,1.305,1.311,1.276,1.29,2217088.0
1738789200000,1.29,1.296,1.279,1.283,1413548.0
1738792800000,1.283,1.29,1.259,1.269,2322451.0
1738796400000,1.269,1.29,1.268,1.288,2228509.0
1738800000000,1.287,1.298,1.275,1.277,2077738.0
1738803600000,1.277,1.3,1.268,1.287,2683250.0
1738807200000,1.288,1.307,1.285,1.295,2011048.0
1738810800000,1.295,1.307,1.286,1.3,1539902.0
1738814400000,1.301,1.319,1.296,1.314,2625258.0
1738818000000,1.314,1.322,1.306,1.309,1918574.0
1738821600000,1.309,1.331,1.301,1.33,2232185.0
1738825200000,1.33,1.33,1.306,1.309,1635710.0
1738828800000,1.31,1.315,1.301,1.306,3344606.0
1738832400000,1.307,1.328,1.299,1.32,4154092.0
1738836000000,1.32,1.323,1.301,1.312,3036592.0
1738839600000,1.312,1.315,1.282,1.298,3172516.0
1738843200000,1.298,1.3,1.268,1.278,3462290.0
1738846800000,1.279,1.302,1.278,1.296,3716490.0
1738850400000,1.296,1.301,1.249,1.261,6620857.0
1738854000000,1.261,1.27,1.218,1.227,9203387.0
1738857600000,1.227,1.235,1.202,1.217,6359098.0
1738861200000,1.218,1.236,1.204,1.211,3084918.0
1738864800000,1.212,1.217,1.199,1.204,2912531.0
1738868400000,1.203,1.226,1.193,1.204,2728901.0
1738872000000,1.203,1.231,1.201,1.23,2086658.0
1738875600000,1.231,1.232,1.2,1.219,2200091.0
1738879200000,1.219,1.219,1.194,1.214,1570810.0
1738882800000,1.214,1.217,1.182,1.2,2769810.0
1738886400000,1.201,1.228,1.199,1.204,3129985.0
1738890000000,1.203,1.244,1.203,1.234,2426199.0
1738893600000,1.233,1.245,1.232,1.242,1986851.0
1738897200000,1.242,1.253,1.224,1.236,2379187.0
1738900800000,1.236,1.245,1.23,1.233,1509935.0
1738904400000,1.232,1.236,1.214,1.221,2494096.0
1738908000000,1.221,1.222,1.194,1.21,4133050.0
1738911600000,1.21,1.237,1.21,1.223,2486940.0
1738915200000,1.223,1.252,1.215,1.238,2704143.0
1738918800000,1.237,1.253,1.234,1.252,2161259.0
1738922400000,1.252,1.264,1.246,1.251,2051536.0
1738926000000,1.252,1.265,1.247,1.259,1520750.0
1738929600000,1.259,1.264,1.243,1.254,1639273.0
1738933200000,1.255,1.292,1.24,1.286,6788691.0
1738936800000,1.285,1.313,1.276,1.302,6499941.0
1738940400000,1.303,1.303,1.257,1.268,7110634.0
1738944000000,1.269,1.272,1.245,1.246,3945082.0
1738947600000,1.246,1.249,1.223,1.231,4434184.0
1738951200000,1.231,1.253,1.226,1.242,2286114.0
1738954800000,1.243,1.245,1.221,1.223,2376367.0
1738958400000,1.224,1.225,1.178,1.182,5210523.0
1738962000000,1.182,1.196,1.169,1.175,3654519.0
1738965600000,1.174,1.175,1.151,1.171,4193757.0
1738969200000,1.171,1.207,1.167,1.204,2640241.0
1738972800000,1.205,1.226,1.197,1.221,3212045.0
1738976400000,1.22,1.224,1.206,1.208,1482006.0
1738980000000,1.208,1.224,1.203,1.22,2577997.0
1738983600000,1.219,1.231,1.208,1.212,1741499.0
1738987200000,1.212,1.213,1.204,1.207,1673419.0
1738990800000,1.207,1.213,1.198,1.208,1795785.0
1738994400000,1.207,1.22,1.204,1.211,1447568.0
1738998000000,1.211,1.238,1.202,1.227,2492502.0
1739001600000,1.226,1.229,1.208,1.209,1975910.0
1739005200000,1.209,1.222,1.209,1.22,1126827.0
1739008800000,1.22,1.225,1.208,1.214,1187213.0
1739012400000,1.214,1.224,1.211,1.22,1142388.0
1739016000000,1.22,1.225,1.21,1.218,1782088.0
1739019600000,1.219,1.245,1.218,1.233,2622115.0
1739023200000,1.232,1.247,1.224,1.244,3110389.0
1739026800000,1.244,1.255,1.23,1.238,4024145.0
1739030400000,1.238,1.25,1.224,1.244,2535197.0
1739034000000,1.244,1.261,1.243,1.253,2744706.0
1739037600000,1.253,1.258,1.24,1.252,1519593.0
1739041200000,1.251,1.263,1.248,1.256,1340783.0
1739044800000,1.256,1.261,1.245,1.25,998141.0
1739048400000,1.25,1.254,1.24,1.245,931861.0
1739052000000,1.246,1.25,1.232,1.24,808425.0
1739055600000,1.239,1.258,1.238,1.248,786298.0
1739059200000,1.247,1.251,1.238,1.248,993309.0
1739062800000,1.248,1.263,1.244,1.256,1319605.0
1739066400000,1.256,1.258,1.244,1.245,826673.0
1739070000000,1.245,1.287,1.243,1.281,2496993.0
1739073600000,1.282,1.282,1.259,1.263,2150876.0
1739077200000,1.264,1.264,1.255,1.261,1342017.0
1739080800000,1.262,1.273,1.257,1.271,2270210.0
1739084400000,1.271,1.275,1.264,1.265,1311951.0
1739088000000,1.265,1.273,1.259,1.27,1423673.0
1739091600000,1.27,1.287,1.262,1.268,3349884.0
1739095200000,1.267,1.273,1.259,1.261,1463825.0
1739098800000,1.261,1.269,1.252,1.254,1750517.0
1739102400000,1.254,1.261,1.241,1.248,2416675.0
1739106000000,1.248,1.25,1.213,1.218,4025819.0
1739109600000,1.217,1.234,1.215,1.224,1985616.0
1739113200000,1.225,1.244,1.223,1.236,2277927.0
1739116800000,1.235,1.241,1.229,1.234,1431259.0
1739120400000,1.235,1.235,1.212,1.219,1561404.0
1739124000000,1.218,1.229,1.216,1.223,918076.0
1739127600000,1.223,1.226,1.208,1.211,1301618.0
1739131200000,1.211,1.226,1.207,1.217,1357667.0
1739134800000,1.217,1.219,1.154,1.164,5794590.0
1739138400000,1.163,1.221,1.148,1.202,5437413.0
1739142000000,1.202,1.226,1.196,1.223,2420315.0
1739145600000,1.222,1.254,1.222,1.242,3117901.0
1739149200000,1.242,1.244,1.184,1.188,4930266.0
1739152800000,1.187,1.197,1.17,1.186,4743170.0
1739156400000,1.186,1.239,1.178,1.218,5973106.0
1739160000000,1.218,1.245,1.211,1.233,2553765.0
1739163600000,1.234,1.27,1.227,1.248,3901830.0
1739167200000,1.248,1.252,1.234,1.245,2105876.0
1739170800000,1.246,1.258,1.238,1.248,2069676.0
1739174400000,1.248,1.283,1.242,1.277,4358798.0
1739178000000,1.277,1.282,1.267,1.273,2417095.0
1739181600000,1.273,1.283,1.26,1.267,2650609.0
1739185200000,1.268,1.307,1.266,1.292,4871737.0
1739188800000,1.292,1.299,1.262,1.27,3506356.0
1739192400000,1.27,1.305,1.263,1.298,4536132.0
1739196000000,1.298,1.304,1.276,1.284,4180816.0
1739199600000,1.284,1.295,1.268,1.283,2695218.0
1739203200000,1.284,1.304,1.278,1.293,3752786.0
1739206800000,1.293,1.3,1.278,1.289,2584758.0
1739210400000,1.288,1.291,1.272,1.282,2714759.0
1739214000000,1.281,1.284,1.261,1.268,2040007.0
1739217600000,1.267,1.377,1.264,1.296,25028822.0
1739221200000,1.297,1.308,1.256,1.26,8570978.0
1739224800000,1.259,1.267,1.24,1.25,3560333.0
1739228400000,1.25,1.259,1.247,1.259,1822258.0
1739232000000,1.259,1.292,1.253,1.284,4328326.0
1739235600000,1.285,1.295,1.278,1.285,2794061.0
1739239200000,1.284,1.288,1.266,1.272,1963408.0
1739242800000,1.272,1.277,1.261,1.271,1621676.0
1739246400000,1.271,1.307,1.27,1.302,2855996.0
1739250000000,1.303,1.347,1.298,1.33,7322018.0
1739253600000,1.331,1.332,1.315,1.331,3315633.0
1739257200000,1.332,1.338,1.319,1.328,3299890.0
1739260800000,1.328,1.346,1.323,1.339,2597655.0
1739264400000,1.339,1.344,1.312,1.315,2840582.0
1739268000000,1.316,1.319,1.297,1.304,2948522.0
1739271600000,1.304,1.315,1.297,1.312,1896497.0
1739275200000,1.312,1.314,1.29,1.304,3427742.0
1739278800000,1.304,1.309,1.248,1.251,8352121.0
1739282400000,1.251,1.281,1.25,1.275,4161438.0
1739286000000,1.274,1.289,1.262,1.274,4390462.0
1739289600000,1.274,1.284,1.264,1.271,2915598.0
1739293200000,1.27,1.283,1.257,1.266,3031674.0
1739296800000,1.265,1.267,1.243,1.246,3923411.0
1739300400000,1.245,1.25,1.222,1.228,4301603.0
1739304000000,1.228,1.246,1.226,1.237,2550200.0
1739307600000,1.237,1.256,1.233,1.247,2730764.0
1739311200000,1.247,1.262,1.228,1.234,2159631.0
1739314800000,1.234,1.251,1.233,1.244,1888368.0
1739318400000,1.244,1.251,1.229,1.245,1934160.0
1739322000000,1.245,1.249,1.23,1.245,1675398.0
1739325600000,1.245,1.246,1.218,1.225,2373268.0
1739329200000,1.225,1.24,1.214,1.231,2170683.0
1739332800000,1.231,1.236,1.217,1.228,1469633.0
1739336400000,1.228,1.24,1.223,1.235,1337128.0
1739340000000,1.236,1.238,1.218,1.221,1290911.0
1739343600000,1.222,1.239,1.218,1.23,1530572.0
1739347200000,1.229,1.237,1.224,1.228,1965169.0
1739350800000,1.228,1.233,1.213,1.23,1958592.0
1739354400000,1.23,1.235,1.215,1.222,1385931.0
1739358000000,1.223,1.242,1.222,1.233,2217811.0
1739361600000,1.233,1.245,1.226,1.227,1967036.0
1739365200000,1.227,1.252,1.179,1.201,18272295.0
1739368800000,1.201,1.208,1.169,1.203,6718089.0
1739372400000,1.203,1.221,1.182,1.212,4643046.0
1739376000000,1.212,1.241,1.191,1.235,3895402.0
1739379600000,1.234,1.259,1.234,1.25,3896256.0
1739383200000,1.251,1.252,1.233,1.246,2575455.0
1739386800000,1.245,1.274,1.235,1.256,5365601.0
1739390400000,1.257,1.268,1.249,1.256,1929108.0
1739394000000,1.257,1.275,1.247,1.264,1625286.0
1739397600000,1.264,1.303,1.259,1.286,3064905.0
1739401200000,1.285,1.292,1.274,1.285,1559993.0
1739404800000,1.285,1.288,1.267,1.28,1876197.0
1739408400000,1.28,1.293,1.278,1.291,1721601.0
1739412000000,1.292,1.292,1.271,1.277,2292333.0
1739415600000,1.278,1.291,1.275,1.291,1330941.0
1739419200000,1.291,1.293,1.267,1.273,2496761.0
1739422800000,1.273,1.279,1.262,1.273,1727907.0
1739426400000,1.272,1.274,1.242,1.25,3900035.0
1739430000000,1.25,1.258,1.237,1.239,2882576.0
1739433600000,1.239,1.243,1.227,1.236,3253012.0
1739437200000,1.235,1.25,1.23,1.246,1893945.0
1739440800000,1.246,1.247,1.235,1.24,1705905.0
1739444400000,1.239,1.241,1.221,1.231,2706968.0
1739448000000,1.232,1.234,1.218,1.223,2356558.0
1739451600000,1.223,1.247,1.217,1.233,5416865.0
1739455200000,1.232,1.233,1.212,1.225,4667486.0
1739458800000,1.224,1.241,1.214,1.23,3515239.0
1739462400000,1.229,1.23,1.207,1.213,3643890.0
1739466000000,1.212,1.231,1.212,1.22,1545252.0
1739469600000,1.22,1.226,1.211,1.226,1457825.0
1739473200000,1.227,1.243,1.217,1.222,1985120.0
1739476800000,1.222,1.233,1.221,1.227,937182.0
1739480400000,1.227,1.24,1.224,1.23,1184765.0
1739484000000,1.23,1.234,1.216,1.218,910372.0
1739487600000,1.219,1.23,1.215,1.224,1086503.0
1739491200000,1.225,1.233,1.215,1.224,1415225.0
1739494800000,1.225,1.231,1.213,1.223,1574466.0
1739498400000,1.224,1.235,1.219,1.227,1757766.0
1739502000000,1.227,1.248,1.227,1.243,1495876.0
1739505600000,1.243,1.245,1.231,1.233,1668608.0
1739509200000,1.234,1.237,1.221,1.227,1849015.0
1739512800000,1.226,1.232,1.222,1.231,1438536.0
1739516400000,1.231,1.239,1.229,1.231,1522788.0
1739520000000,1.23,1.248,1.228,1.242,2453075.0
1739523600000,1.241,1.271,1.24,1.27,4929067.0
1739527200000,1.27,1.276,1.26,1.262,3694641.0
1739530800000,1.263,1.266,1.244,1.252,3539444.0
1739534400000,1.252,1.253,1.233,1.241,3690249.0
1739538000000,1.241,1.258,1.237,1.251,3064899.0
1739541600000,1.251,1.289,1.246,1.277,5512798.0
1739545200000,1.277,1.283,1.246,1.275,5495820.0
1739548800000,1.275,1.289,1.261,1.288,3076625.0
1739552400000,1.287,1.321,1.282,1.312,3809065.0
1739556000000,1.313,1.341,1.313,1.319,4213101.0
1739559600000,1.32,1.33,1.304,1.314,3238432.0
1739563200000,1.313,1.316,1.288,1.293,1689936.0
1739566800000,1.293,1.305,1.279,1.305,2176137.0
1739570400000,1.304,1.311,1.262,1.275,2399510.0
1739574000000,1.274,1.297,1.268,1.295,2090533.0
1739577600000,1.295,1.296,1.277,1.285,2144451.0
1739581200000,1.285,1.302,1.278,1.3,1738208.0
1739584800000,1.301,1.307,1.286,1.296,1761265.0
1739588400000,1.297,1.303,1.289,1.292,1218720.0
1739592000000,1.293,1.294,1.279,1.285,1084913.0
1739595600000,1.285,1.294,1.28,1.288,1087110.0
1739599200000,1.287,1.287,1.265,1.268,1885963.0
1739602800000,1.267,1.273,1.257,1.27,2021565.0
1739606400000,1.27,1.278,1.266,1.271,1117870.0
1739610000000,1.271,1.276,1.258,1.263,1451585.0
1739613600000,1.263,1.268,1.253,1.262,1901563.0
1739617200000,1.261,1.267,1.246,1.257,1752833.0
1739620800000,1.257,1.266,1.254,1.262,1525813.0
1739624400000,1.262,1.267,1.255,1.256,1462137.0
1739628000000,1.256,1.256,1.229,1.24,4969239.0
1739631600000,1.241,1.248,1.227,1.237,2710344.0
1739635200000,1.237,1.244,1.228,1.234,2204706.0
1739638800000,1.234,1.238,1.223,1.229,1626440.0
1739642400000,1.229,1.246,1.226,1.242,2296341.0
1739646000000,1.241,1.244,1.229,1.23,1089717.0
1739649600000,1.231,1.235,1.215,1.225,2433857.0
1739653200000,1.225,1.237,1.225,1.235,1008723.0
1739656800000,1.235,1.238,1.223,1.23,865340.0
1739660400000,1.23,1.24,1.228,1.233,1101385.0
1739664000000,1.233,1.244,1.229,1.235,1392806.0
1739667600000,1.236,1.238,1.227,1.236,900375.0
1739671200000,1.235,1.239,1.22,1.226,1573711.0
1739674800000,1.226,1.238,1.223,1.238,1716466.0
1739678400000,1.237,1.245,1.235,1.241,1415532.0
1739682000000,1.241,1.248,1.234,1.241,996146.0
1739685600000,1.24,1.244,1.232,1.236,1296407.0
1739689200000,1.236,1.236,1.223,1.227,1562928.0
1739692800000,1.227,1.238,1.225,1.234,1349066.0
1739696400000,1.233,1.244,1.223,1.243,1847402.0
1739700000000,1.242,1.248,1.24,1.244,1755073.0
1739703600000,1.244,1.255,1.24,1.252,1866933.0
1739707200000,1.253,1.255,1.246,1.248,1693135.0
1739710800000,1.247,1.248,1.227,1.229,2535531.0
1739714400000,1.229,1.236,1.214,1.232,3189058.0
1739718000000,1.232,1.24,1.227,1.231,1885781.0
1739721600000,1.231,1.241,1.224,1.233,1939987.0
1739725200000,1.233,1.242,1.221,1.223,1182247.0
1739728800000,1.223,1.223,1.203,1.215,3508004.0
1739732400000,1.214,1.222,1.204,1.218,1135576.0
1739736000000,1.217,1.223,1.204,1.206,1024452.0
1739739600000,1.206,1.227,1.198,1.222,2055924.0
1739743200000,1.222,1.225,1.208,1.221,1236476.0
1739746800000,1.221,1.226,1.208,1.219,3142664.0
1739750400000,1.219,1.237,1.217,1.235,2063744.0
1739754000000,1.236,1.244,1.229,1.242,1760995.0
1739757600000,1.241,1.246,1.227,1.231,1705380.0
1739761200000,1.23,1.236,1.218,1.232,1516251.0
1739764800000,1.231,1.233,1.217,1.218,1516505.0
1739768400000,1.217,1.221,1.195,1.219,6214523.0
1739772000000,1.218,1.233,1.214,1.22,3608910.0
1739775600000,1.22,1.228,1.194,1.205,3432695.0
1739779200000,1.204,1.226,1.197,1.219,3379925.0
1739782800000,1.219,1.235,1.217,1.228,2677397.0
1739786400000,1.227,1.244,1.226,1.233,3392299.0
1739790000000,1.233,1.242,1.228,1.239,2437821.0
1739793600000,1.239,1.257,1.239,1.254,3522395.0
1739797200000,1.253,1.262,1.246,1.256,2617175.0
1739800800000,1.257,1.278,1.255,1.264,4123959.0
1739804400000,1.265,1.271,1.219,1.224,5608990.0
1739808000000,1.224,1.233,1.202,1.205,6235009.0
1739811600000,1.204,1.216,1.194,1.195,3266076.0
1739815200000,1.195,1.201,1.175,1.178,5235662.0
1739818800000,1.177,1.201,1.169,1.193,3597636.0
1739822400000,1.192,1.216,1.191,1.203,3100012.0
1739826000000,1.203,1.226,1.203,1.226,1741126.0
1739829600000,1.226,1.227,1.201,1.204,1742134.0
1739833200000,1.204,1.213,1.198,1.204,1221022.0
1739836800000,1.204,1.213,1.19,1.194,2562145.0
1739840400000,1.195,1.209,1.192,1.206,1930555.0
1739844000000,1.205,1.208,1.193,1.198,1593952.0
1739847600000,1.198,1.204,1.188,1.195,1654757.0
1739851200000,1.195,1.197,1.182,1.186,2261338.0
1739854800000,1.187,1.192,1.165,1.168,5235809.0
1739858400000,1.168,1.17,1.142,1.147,8402201.0
1739862000000,1.146,1.165,1.144,1.161,3685906.0
1739865600000,1.161,1.164,1.135,1.145,4691957.0
1739869200000,1.145,1.167,1.136,1.166,3356756.0
1739872800000,1.165,1.167,1.152,1.153,1909910.0
1739876400000,1.153,1.157,1.143,1.146,2050449.0
1739880000000,1.147,1.172,1.143,1.161,3909863.0
1739883600000,1.161,1.164,1.151,1.158,1754935.0
1739887200000,1.159,1.172,1.128,1.14,5899570.0
1739890800000,1.141,1.142,1.095,1.106,9396714.0
1739894400000,1.105,1.121,1.081,1.084,9826572.0
1739898000000,1.084,1.097,1.075,1.096,4821517.0
1739901600000,1.096,1.115,1.091,1.107,3144402.0
1739905200000,1.106,1.113,1.095,1.103,2591668.0
1739908800000,1.103,1.111,1.092,1.103,1919480.0
1739912400000,1.103,1.126,1.1,1.117,3293779.0
1739916000000,1.117,1.132,1.114,1.122,1645849.0
1739919600000,1.122,1.139,1.119,1.138,1366779.0
1739923200000,1.138,1.145,1.133,1.135,2046066.0
1739926800000,1.136,1.138,1.124,1.133,2425953.0
1739930400000,1.133,1.151,1.133,1.145,2358710.0
1739934000000,1.145,1.145,1.134,1.142,1658397.0
1739937600000,1.142,1.145,1.114,1.114,3137434.0
1739941200000,1.115,1.131,1.112,1.127,1822334.0
1739944800000,1.127,1.143,1.123,1.139,2514141.0
1739948400000,1.139,1.156,1.137,1.152,4533167.0
1739952000000,1.152,1.157,1.14,1.142,3586818.0
1739955600000,1.142,1.153,1.138,1.149,2469013.0
1739959200000,1.149,1.16,1.147,1.154,2635996.0
1739962800000,1.153,1.16,1.149,1.157,2073304.0
1739966400000,1.157,1.161,1.141,1.142,2835337.0
1739970000000,1.142,1.158,1.142,1.15,2044208.0
1739973600000,1.15,1.158,1.127,1.13,3543888.0
1739977200000,1.13,1.142,1.125,1.133,3373078.0
1739980800000,1.133,1.145,1.13,1.141,2405669.0
1739984400000,1.141,1.152,1.132,1.14,2263844.0
1739988000000,1.139,1.141,1.126,1.126,1730893.0
1739991600000,1.127,1.14,1.121,1.131,2059728.0
1739995200000,1.131,1.139,1.121,1.123,2081059.0
1739998800000,1.123,1.13,1.108,1.114,2313144.0
1740002400000,1.114,1.13,1.11,1.128,1992263.0
1740006000000,1.128,1.137,1.126,1.13,1992515.0
1740009600000,1.13,1.149,1.126,1.146,2201488.0
1740013200000,1.146,1.152,1.125,1.131,2371798.0
1740016800000,1.132,1.158,1.13,1.152,2511666.0
1740020400000,1.153,1.161,1.147,1.159,2732173.0
1740024000000,1.16,1.179,1.157,1.165,2779307.0
1740027600000,1.166,1.167,1.156,1.158,1611400.0
1740031200000,1.158,1.16,1.148,1.152,1993062.0
1740034800000,1.151,1.156,1.143,1.148,2029268.0
1740038400000,1.149,1.159,1.141,1.154,2056607.0
1740042000000,1.155,1.159,1.148,1.153,1525627.0
1740045600000,1.153,1.17,1.149,1.169,2070898.0
1740049200000,1.169,1.178,1.165,1.173,1925377.0
1740052800000,1.172,1.179,1.163,1.164,1942751.0
1740056400000,1.164,1.17,1.156,1.164,1900527.0
1740060000000,1.164,1.182,1.149,1.152,4102691.0
1740063600000,1.152,1.161,1.142,1.146,2718140.0
1740067200000,1.147,1.16,1.145,1.151,2013649.0
1740070800000,1.15,1.173,1.149,1.17,2316896.0
1740074400000,1.169,1.185,1.169,1.178,3257432.0
1740078000000,1.178,1.193,1.174,1.186,1798720.0
1740081600000,1.186,1.196,1.185,1.19,2114192.0
1740085200000,1.19,1.193,1.18,1.182,1206668.0
1740088800000,1.182,1.2,1.182,1.193,1758607.0
1740092400000,1.194,1.212,1.192,1.201,3043880.0
1740096000000,1.201,1.211,1.191,1.196,3418071.0
1740099600000,1.195,1.197,1.184,1.193,1936564.0
1740103200000,1.193,1.2,1.182,1.184,1817576.0
1740106800000,1.185,1.201,1.185,1.189,1961257.0
1740110400000,1.19,1.207,1.188,1.206,2155484.0
1740114000000,1.207,1.224,1.201,1.217,5070156.0
1740117600000,1.217,1.229,1.216,1.228,2691768.0
1740121200000,1.228,1.253,1.224,1.251,6268242.0
1740124800000,1.251,1.259,1.234,1.255,3862240.0
1740128400000,1.256,1.316,1.252,1.3,16659869.0
1740132000000,1.3,1.3,1.28,1.284,4007949.0
1740135600000,1.284,1.289,1.274,1.279,2615761.0
1740139200000,1.28,1.297,1.272,1.292,3835590.0
1740142800000,1.292,1.324,1.286,1.316,7208484.0
1740146400000,1.316,1.317,1.285,1.297,5896263.0
1740150000000,1.296,1.314,1.225,1.247,19781329.0
1740153600000,1.248,1.271,1.234,1.255,7883998.0
1740157200000,1.254,1.265,1.214,1.217,7488949.0
1740160800000,1.217,1.222,1.207,1.213,4295890.0
1740164400000,1.213,1.216,1.162,1.173,7806079.0
1740168000000,1.172,1.2,1.17,1.181,3969225.0
1740171600000,1.181,1.191,1.165,1.175,2578225.0
1740175200000,1.176,1.195,1.174,1.184,2666959.0
1740178800000,1.184,1.184,1.17,1.18,2036908.0
1740182400000,1.18,1.194,1.171,1.189,2460353.0
1740186000000,1.189,1.212,1.188,1.212,2341358.0
1740189600000,1.211,1.221,1.195,1.212,2964905.0
1740193200000,1.213,1.213,1.195,1.207,2090396.0
1740196800000,1.206,1.224,1.2,1.214,2377668.0
1740200400000,1.214,1.225,1.207,1.22,1815598.0
1740204000000,1.22,1.228,1.208,1.212,2134784.0
1740207600000,1.213,1.226,1.212,1.213,1640304.0
1740211200000,1.213,1.23,1.213,1.219,2931209.0
1740214800000,1.22,1.238,1.219,1.237,2235062.0
1740218400000,1.237,1.245,1.227,1.231,2693058.0
1740222000000,1.231,1.237,1.225,1.232,1732478.0
1740225600000,1.232,1.24,1.227,1.238,1594044.0
1740229200000,1.239,1.246,1.224,1.224,3220099.0
1740232800000,1.224,1.234,1.223,1.226,1498520.0
1740236400000,1.226,1.254,1.225,1.249,3886720.0
1740240000000,1.25,1.27,1.249,1.252,4197562.0
1740243600000,1.253,1.269,1.249,1.262,2107342.0
1740247200000,1.262,1.29,1.259,1.266,5724732.0
1740250800000,1.266,1.27,1.257,1.26,1367001.0
1740254400000,1.26,1.269,1.25,1.253,1800653.0
1740258000000,1.253,1.264,1.252,1.257,1055947.0
1740261600000,1.257,1.265,1.254,1.256,1129220.0
1740265200000,1.257,1.267,1.244,1.256,1653915.0
1740268800000,1.256,1.26,1.244,1.248,1862369.0
1740272400000,1.248,1.252,1.238,1.244,1596518.0
1740276000000,1.244,1.246,1.229,1.235,1539088.0
1740279600000,1.235,1.244,1.229,1.237,1216513.0
1740283200000,1.238,1.24,1.228,1.235,1182932.0
1740286800000,1.235,1.245,1.228,1.241,1060416.0
1740290400000,1.242,1.252,1.236,1.248,1536421.0
1740294000000,1.249,1.275,1.244,1.268,2478490.0
1740297600000,1.268,1.272,1.258,1.271,1537225.0
1740301200000,1.271,1.274,1.244,1.255,2357041.0
1740304800000,1.256,1.262,1.246,1.255,1057677.0
1740308400000,1.256,1.26,1.239,1.243,1238863.0
1740312000000,1.243,1.249,1.227,1.232,2279831.0
1740315600000,1.232,1.252,1.231,1.245,1658680.0
1740319200000,1.246,1.246,1.227,1.231,1437164.0
1740322800000,1.232,1.237,1.207,1.211,3071514.0
1740326400000,1.212,1.225,1.208,1.214,1824626.0
1740330000000,1.214,1.228,1.214,1.223,1738037.0
1740333600000,1.223,1.235,1.22,1.222,1112814.0
1740337200000,1.222,1.227,1.218,1.224,695587.0
1740340800000,1.224,1.225,1.212,1.222,1211214.0
1740344400000,1.221,1.232,1.218,1.231,745542.0
1740348000000,1.23,1.237,1.217,1.228,1098147.0
1740351600000,1.228,1.252,1.227,1.239,1901685.0
1740355200000,1.239,1.261,1.238,1.247,2624397.0
1740358800000,1.246,1.248,1.222,1.229,2335996.0
1740362400000,1.228,1.244,1.222,1.226,1570060.0
1740366000000,1.226,1.226,1.184,1.19,5847879.0
1740369600000,1.19,1.193,1.173,1.184,4282028.0
1740373200000,1.184,1.204,1.174,1.2,2536418.0
1740376800000,1.2,1.201,1.185,1.194,1911846.0
1740380400000,1.194,1.205,1.187,1.191,2056237.0
1740384000000,1.19,1.191,1.163,1.168,3691367.0
1740387600000,1.169,1.196,1.166,1.186,2141235.0
1740391200000,1.186,1.189,1.159,1.174,3134524.0
1740394800000,1.174,1.181,1.158,1.18,2234540.0
1740398400000,1.179,1.183,1.168,1.174,1689969.0
1740402000000,1.173,1.188,1.163,1.169,2403932.0
1740405600000,1.169,1.174,1.139,1.143,6789990.0
1740409200000,1.143,1.157,1.133,1.149,5266053.0
1740412800000,1.149,1.159,1.144,1.148,2303984.0
1740416400000,1.148,1.162,1.142,1.149,1641915.0
1740420000000,1.149,1.151,1.134,1.135,1671522.0
1740423600000,1.134,1.141,1.109,1.12,4444570.0
1740427200000,1.12,1.137,1.116,1.122,2507956.0
1740430800000,1.122,1.135,1.111,1.114,2157994.0
1740434400000,1.114,1.114,1.013,1.039,24234149.0
1740438000000,1.04,1.067,1.036,1.053,5061776.0
1740441600000,1.052,1.064,1.017,1.042,9716361.0
1740445200000,1.041,1.054,1.021,1.038,6704944.0
1740448800000,1.037,1.062,1.025,1.052,4921885.0
1740452400000,1.051,1.061,1.038,1.041,3658400.0
1740456000000,1.042,1.05,1.023,1.033,6278640.0
1740459600000,1.032,1.054,1.026,1.048,4964978.0
1740463200000,1.048,1.052,1.027,1.029,3526802.0
1740466800000,1.029,1.032,0.97,1.01,33312774.0
1740470400000,1.009,1.029,1.003,1.015,8275645.0
1740474000000,1.016,1.021,0.997,1.005,5840333.0
1740477600000,1.005,1.024,0.988,1.016,9071784.0
1740481200000,1.015,1.045,0.994,1.039,8015602.0
1740484800000,1.04,1.06,1.033,1.06,7976428.0
1740488400000,1.06,1.073,1.044,1.051,4249736.0
1740492000000,1.051,1.062,1.028,1.033,6637399.0
1740495600000,1.033,1.077,1.028,1.069,9594803.0
1740499200000,1.069,1.094,1.057,1.083,7275425.0
1740502800000,1.083,1.093,1.07,1.077,3483016.0
1740506400000,1.078,1.088,1.053,1.066,4562561.0
1740510000000,1.067,1.087,1.056,1.086,2380929.0
1740513600000,1.086,1.108,1.079,1.101,3949950.0
1740517200000,1.1,1.105,1.09,1.102,1858074.0
1740520800000,1.102,1.113,1.086,1.096,3481606.0
1740524400000,1.097,1.103,1.088,1.09,1573011.0
1740528000000,1.091,1.096,1.077,1.081,3502409.0
1740531600000,1.081,1.091,1.079,1.087,1987953.0
1740535200000,1.087,1.106,1.079,1.101,3274798.0
1740538800000,1.1,1.112,1.1,1.104,3949530.0
1740542400000,1.103,1.113,1.096,1.098,3270854.0
1740546000000,1.097,1.102,1.085,1.085,3814025.0
1740549600000,1.085,1.101,1.084,1.101,2628256.0
1740553200000,1.101,1.101,1.08,1.088,2667571.0
1740556800000,1.088,1.092,1.072,1.088,3377893.0
1740560400000,1.088,1.103,1.086,1.102,2155767.0
1740564000000,1.102,1.102,1.089,1.096,1780828.0
1740567600000,1.095,1.1,1.075,1.077,2435219.0
1740571200000,1.077,1.081,1.058,1.066,3206704.0
1740574800000,1.066,1.077,1.064,1.068,3233938.0
1740578400000,1.067,1.091,1.053,1.09,7562597.0
1740582000000,1.091,1.117,1.09,1.108,8231876.0
1740585600000,1.109,1.121,1.092,1.099,5473262.0
1740589200000,1.1,1.104,1.067,1.074,4483307.0
1740592800000,1.074,1.083,1.045,1.052,11067372.0
1740596400000,1.052,1.073,1.048,1.064,3869201.0
1740600000000,1.065,1.115,1.055,1.11,7309617.0
1740603600000,1.11,1.121,1.1,1.116,4992546.0
1740607200000,1.117,1.135,1.109,1.116,3223763.0
1740610800000,1.115,1.125,1.104,1.112,2190715.0
1740614400000,1.112,1.123,1.099,1.113,3277660.0
1740618000000,1.113,1.135,1.103,1.128,3501842.0
1740621600000,1.128,1.143,1.123,1.128,3158964.0
1740625200000,1.129,1.14,1.125,1.137,1879985.0
1740628800000,1.138,1.143,1.116,1.124,2404236.0
1740632400000,1.124,1.138,1.122,1.132,1859500.0
1740636000000,1.131,1.147,1.129,1.142,3408567.0
1740639600000,1.141,1.143,1.129,1.13,1888156.0
1740643200000,1.131,1.135,1.123,1.124,1795808.0
1740646800000,1.124,1.132,1.12,1.123,1818729.0
1740650400000,1.124,1.139,1.12,1.138,2256284.0
1740654000000,1.139,1.153,1.133,1.137,4183808.0
1740657600000,1.138,1.163,1.133,1.161,3951930.0
1740661200000,1.161,1.18,1.149,1.162,6668625.0
1740664800000,1.162,1.168,1.134,1.139,5279306.0
1740668400000,1.138,1.175,1.128,1.168,5361109.0
1740672000000,1.168,1.184,1.154,1.165,4988009.0
1740675600000,1.165,1.171,1.143,1.156,2978557.0
1740679200000,1.156,1.162,1.141,1.16,2837998.0
1740682800000,1.16,1.18,1.153,1.163,3933672.0
1740686400000,1.163,1.165,1.135,1.141,4486916.0
1740690000000,1.141,1.16,1.132,1.16,2065593.0
1740693600000,1.159,1.159,1.136,1.159,1300166.0
1740697200000,1.158,1.158,1.142,1.154,1463861.0
1740700800000,1.155,1.158,1.138,1.14,2041635.0
1740704400000,1.139,1.145,1.09,1.099,15939256.0
1740708000000,1.099,1.117,1.082,1.098,13343190.0
1740711600000,1.098,1.11,1.061,1.065,7019019.0
1740715200000,1.065,1.066,1.022,1.043,17000509.0
1740718800000,1.042,1.047,1.03,1.047,5261877.0
1740722400000,1.046,1.05,1.021,1.035,7113922.0
1740726000000,1.034,1.045,1.023,1.029,5170527.0
1740729600000,1.029,1.04,1.013,1.039,6852432.0
1740733200000,1.038,1.05,1.03,1.034,6236793.0
1740736800000,1.033,1.038,1.006,1.015,8673703.0
1740740400000,1.015,1.031,1.014,1.02,5258370.0
1740744000000,1.019,1.03,1.014,1.025,3740149.0
1740747600000,1.024,1.063,1.022,1.054,9240802.0
1740751200000,1.053,1.088,1.052,1.075,9319338.0
1740754800000,1.076,1.108,1.072,1.091,7328549.0
1740758400000,1.091,1.11,1.08,1.102,5612591.0
1740762000000,1.102,1.104,1.091,1.098,3358727.0
1740765600000,1.099,1.13,1.098,1.116,4881404.0
1740769200000,1.117,1.121,1.111,1.115,1697970.0
1740772800000,1.115,1.122,1.105,1.115,2381229.0
1740776400000,1.115,1.13,1.114,1.128,2195171.0
1740780000000,1.128,1.13,1.108,1.113,1808132.0
1740783600000,1.113,1.115,1.106,1.111,1282675.0
1740787200000,1.11,1.114,1.088,1.088,2737885.0
1740790800000,1.089,1.109,1.085,1.106,2652412.0
1740794400000,1.105,1.119,1.094,1.109,3306397.0
1740798000000,1.109,1.121,1.107,1.109,2474555.0
1740801600000,1.109,1.121,1.108,1.118,2129745.0
1740805200000,1.118,1.119,1.104,1.108,1507863.0
1740808800000,1.109,1.11,1.089,1.092,3128228.0
1740812400000,1.091,1.124,1.087,1.113,5209649.0
1740816000000,1.112,1.12,1.109,1.115,2002984.0
1740819600000,1.115,1.122,1.104,1.115,2199605.0
1740823200000,1.115,1.115,1.089,1.095,3698575.0
1740826800000,1.094,1.097,1.077,1.081,3762838.0
1740830400000,1.081,1.093,1.071,1.093,4101450.0
1740834000000,1.093,1.109,1.067,1.075,6580197.0
1740837600000,1.074,1.088,1.073,1.081,2382303.0
1740841200000,1.081,1.09,1.071,1.081,2698314.0
1740844800000,1.081,1.089,1.07,1.089,2942524.0
1740848400000,1.088,1.088,1.071,1.076,1833591.0
1740852000000,1.075,1.088,1.07,1.087,1659599.0
1740855600000,1.086,1.097,1.083,1.089,1936461.0
1740859200000,1.088,1.09,1.082,1.087,829290.0
1740862800000,1.087,1.106,1.083,1.102,1406622.0
1740866400000,1.102,1.111,1.095,1.105,1331152.0
1740870000000,1.105,1.107,1.095,1.105,1059252.0
1740873600000,1.105,1.111,1.095,1.108,1263921.0
1740877200000,1.108,1.117,1.105,1.115,1763728.0
1740880800000,1.115,1.124,1.11,1.118,2201780.0
1740884400000,1.117,1.122,1.095,1.097,4028130.0
1740888000000,1.098,1.108,1.096,1.102,1220538.0
1740891600000,1.102,1.106,1.093,1.097,1324167.0
1740895200000,1.098,1.101,1.081,1.096,3065483.0
1740898800000,1.095,1.101,1.087,1.09,1157046.0
1740902400000,1.09,1.093,1.081,1.09,1292942.0
1740906000000,1.091,1.108,1.088,1.1,1587546.0
1740909600000,1.1,1.111,1.099,1.104,1522269.0
1740913200000,1.104,1.106,1.099,1.103,850346.0
1740916800000,1.104,1.105,1.095,1.103,1601560.0
1740920400000,1.103,1.103,1.086,1.091,2471303.0
1740924000000,1.091,1.093,1.065,1.073,4129407.0
1740927600000,1.074,1.136,1.07,1.115,19910445.0
1740931200000,1.116,1.193,1.108,1.172,27002647.0
1740934800000,1.172,1.211,1.157,1.195,12056200.0
1740938400000,1.195,1.206,1.177,1.185,4783575.0
1740942000000,1.186,1.217,1.186,1.209,3523646.0
1740945600000,1.209,1.215,1.202,1.206,2511143.0
1740949200000,1.206,1.221,1.196,1.219,3713905.0
1740952800000,1.22,1.221,1.205,1.213,1392460.0
1740956400000,1.213,1.223,1.209,1.211,2221961.0
1740960000000,1.212,1.215,1.192,1.194,3120591.0
1740963600000,1.194,1.206,1.178,1.18,2843227.0
1740967200000,1.18,1.207,1.174,1.205,4352083.0
1740970800000,1.205,1.229,1.194,1.229,5280237.0
1740974400000,1.228,1.247,1.223,1.241,5010730.0
1740978000000,1.241,1.257,1.233,1.243,3605384.0
1740981600000,1.242,1.243,1.186,1.198,5644219.0
1740985200000,1.199,1.203,1.172,1.191,4834241.0
1740988800000,1.192,1.193,1.152,1.169,5679938.0
1740992400000,1.169,1.2,1.158,1.19,4003235.0
1740996000000,1.19,1.212,1.184,1.201,3166845.0
1740999600000,1.201,1.21,1.195,1.199,1803394.0
1741003200000,1.2,1.216,1.192,1.208,3468600.0
1741006800000,1.208,1.23,1.2,1.203,2905518.0
1741010400000,1.203,1.21,1.163,1.166,9160625.0
1741014000000,1.166,1.19,1.157,1.157,7074896.0
1741017600000,1.158,1.174,1.145,1.162,4566203.0
1741021200000,1.161,1.175,1.153,1.159,2202559.0
1741024800000,1.158,1.16,1.101,1.107,10415850.0
1741028400000,1.107,1.119,1.051,1.058,17921934.0
1741032000000,1.057,1.073,1.04,1.048,8051179.0
1741035600000,1.047,1.059,1.027,1.03,3956503.0
1741039200000,1.031,1.067,1.03,1.062,3454795.0
1741042800000,1.062,1.063,1.045,1.047,2102470.0
1741046400000,1.047,1.058,1.035,1.037,3901872.0
1741050000000,1.038,1.042,0.989,0.997,20135755.0
1741053600000,0.997,1.004,0.961,0.997,20005808.0
1741057200000,0.996,1.017,0.988,1.004,5745321.0
1741060800000,1.004,1.017,1.0,1.004,4451893.0
1741064400000,1.004,1.026,0.996,1.003,5562151.0
1741068000000,1.002,1.005,0.989,1.001,3995499.0
1741071600000,1.0,1.004,0.991,0.996,2756810.0
1741075200000,0.996,0.999,0.973,0.983,8172001.0
1741078800000,0.983,0.987,0.966,0.971,4999469.0
1741082400000,0.972,0.983,0.962,0.979,3861170.0
1741086000000,0.978,0.991,0.975,0.976,3650492.0
1741089600000,0.975,0.982,0.964,0.971,5695583.0
1741093200000,0.972,0.972,0.944,0.953,14043850.0
1741096800000,0.953,1.008,0.946,0.959,29887591.0
1741100400000,0.959,0.967,0.934,0.96,16249782.0
1741104000000,0.961,0.966,0.867,0.916,32606029.0
1741107600000,0.917,0.951,0.914,0.946,9298852.0
1741111200000,0.947,0.964,0.938,0.959,5883639.0
1741114800000,0.959,0.969,0.953,0.963,6149085.0
1741118400000,0.962,0.97,0.94,0.943,5242235.0
1741122000000,0.942,0.979,0.939,0.955,5477636.0
1741125600000,0.955,0.96,0.943,0.944,2726010.0
1741129200000,0.943,0.952,0.934,0.944,4036249.0
1741132800000,0.944,0.955,0.938,0.941,4491244.0
1741136400000,0.942,0.971,0.932,0.969,5486879.0
1741140000000,0.969,0.977,0.953,0.968,4710492.0
1741143600000,0.968,0.975,0.949,0.95,3419159.0
1741147200000,0.951,0.96,0.949,0.959,1885901.0
1741150800000,0.959,0.963,0.955,0.958,1966243.0
1741154400000,0.958,0.958,0.929,0.938,8471845.0
1741158000000,0.938,0.962,0.937,0.958,4159394.0
1741161600000,0.958,0.985,0.956,0.977,4777561.0
1741165200000,0.977,0.999,0.975,0.992,5914337.0
1741168800000,0.992,1.015,0.99,1.004,6292902.0
1741172400000,1.004,1.004,0.978,0.982,4891407.0
1741176000000,0.982,0.994,0.975,0.986,4094479.0
1741179600000,0.986,0.989,0.968,0.974,6477774.0
1741183200000,0.974,0.978,0.957,0.965,8054552.0
1741186800000,0.965,0.981,0.955,0.962,7964651.0
1741190400000,0.962,0.966,0.941,0.959,7731255.0
1741194000000,0.958,0.977,0.957,0.967,4821395.0
1741197600000,0.967,0.979,0.961,0.978,3448494.0
1741201200000,0.977,0.992,0.976,0.985,3334741.0
1741204800000,0.986,0.995,0.982,0.989,2468669.0
1741208400000,0.989,0.995,0.985,0.988,2151707.0
1741212000000,0.987,0.988,0.97,0.976,3193148.0
1741215600000,0.976,0.984,0.97,0.977,2443032.0
1741219200000,0.977,0.983,0.968,0.97,2897093.0
1741222800000,0.97,0.995,0.96,0.977,5282423.0
1741226400000,0.977,0.988,0.975,0.985,3821200.0
1741230000000,0.985,0.993,0.981,0.992,3134481.0
1741233600000,0.992,0.998,0.98,0.995,3051692.0
1741237200000,0.994,1.005,0.99,1.002,3901907.0
1741240800000,1.003,1.005,0.986,0.991,3501309.0
1741244400000,0.991,1.0,0.984,0.986,4430893.0
1741248000000,0.985,1.002,0.983,0.998,3914299.0
1741251600000,0.998,1.001,0.987,0.993,3060981.0
1741255200000,0.993,1.01,0.989,1.001,3202126.0
1741258800000,1.001,1.008,0.992,1.006,2364528.0
1741262400000,1.006,1.007,0.982,0.987,5002469.0
1741266000000,0.987,0.992,0.976,0.982,4192876.0
1741269600000,0.982,1.0,0.976,0.985,6974929.0
1741273200000,0.985,1.011,0.984,1.002,4955205.0
1741276800000,1.002,1.01,0.981,0.982,4433531.0
1741280400000,0.983,0.985,0.959,0.967,7282629.0
1741284000000,0.967,0.97,0.954,0.967,2961688.0
1741287600000,0.967,0.972,0.955,0.959,2941154.0
1741291200000,0.959,0.966,0.949,0.956,3186570.0
1741294800000,0.957,0.97,0.948,0.962,2877228.0
1741298400000,0.963,0.98,0.959,0.97,3527137.0
1741302000000,0.969,0.974,0.958,0.96,2141367.0
1741305600000,0.96,0.976,0.901,0.909,25191032.0
1741309200000,0.909,0.957,0.905,0.948,8379735.0
1741312800000,0.947,0.963,0.938,0.952,3825940.0
1741316400000,0.952,0.956,0.941,0.943,2429676.0
1741320000000,0.942,0.945,0.938,0.939,2478701.0
1741323600000,0.939,0.958,0.938,0.949,2629439.0
1741327200000,0.949,0.951,0.939,0.943,2455207.0
1741330800000,0.944,0.953,0.941,0.953,1682603.0
1741334400000,0.953,0.954,0.939,0.948,2238441.0
1741338000000,0.948,0.97,0.947,0.96,3299501.0
1741341600000,0.959,0.963,0.953,0.963,1813929.0
1741345200000,0.963,0.968,0.959,0.964,1665897.0
1741348800000,0.965,0.966,0.948,0.953,3095974.0
1741352400000,0.954,0.978,0.952,0.956,8885934.0
1741356000000,0.956,0.982,0.949,0.968,7105966.0
1741359600000,0.968,0.975,0.952,0.963,5690458.0
1741363200000,0.962,0.965,0.934,0.944,7858721.0
1741366800000,0.943,0.957,0.935,0.947,4583118.0
1741370400000,0.947,0.99,0.944,0.984,4964676.0
1741374000000,0.984,0.989,0.962,0.97,3788171.0
1741377600000,0.97,0.977,0.952,0.963,4444302.0
1741381200000,0.963,0.964,0.937,0.945,7306122.0
1741384800000,0.945,0.951,0.935,0.946,2588639.0
1741388400000,0.945,0.945,0.921,0.936,3761649.0
1741392000000,0.936,0.943,0.925,0.942,2316132.0
1741395600000,0.941,0.946,0.913,0.92,3413373.0
1741399200000,0.92,0.933,0.918,0.931,1738716.0
1741402800000,0.931,0.932,0.918,0.929,2126394.0
1741406400000,0.928,0.954,0.925,0.952,3848914.0
1741410000000,0.952,0.952,0.92,0.925,4151254.0
1741413600000,0.925,0.932,0.916,0.92,2825827.0
1741417200000,0.92,0.926,0.913,0.915,2071382.0
1741420800000,0.915,0.924,0.906,0.908,3942099.0
1741424400000,0.908,0.919,0.9,0.905,3242243.0
1741428000000,0.904,0.913,0.902,0.909,2512219.0
1741431600000,0.908,0.908,0.888,0.896,7109293.0
1741435200000,0.896,0.907,0.885,0.904,5100818.0
1741438800000,0.905,0.907,0.879,0.897,7754166.0
1741442400000,0.897,0.901,0.887,0.89,3486399.0
1741446000000,0.89,0.895,0.88,0.89,4048317.0
1741449600000,0.889,0.893,0.872,0.884,5137054.0
1741453200000,0.884,0.899,0.88,0.895,3588135.0
1741456800000,0.895,0.899,0.892,0.896,1487678.0
1741460400000,0.897,0.902,0.892,0.898,1835814.0
1741464000000,0.899,0.9,0.892,0.892,1215691.0
1741467600000,0.893,0.9,0.887,0.888,1469492.0
1741471200000,0.888,0.891,0.874,0.888,2642360.0
1741474800000,0.888,0.896,0.884,0.889,2026915.0
1741478400000,0.888,0.893,0.881,0.89,2303032.0
1741482000000,0.891,0.894,0.879,0.885,2013692.0
1741485600000,0.884,0.887,0.878,0.879,2211959.0
1741489200000,0.879,0.892,0.874,0.89,2609286.0
1741492800000,0.89,0.892,0.883,0.891,1532558.0
1741496400000,0.89,0.895,0.884,0.885,1597516.0
1741500000000,0.886,0.887,0.874,0.882,3478390.0
1741503600000,0.882,0.89,0.878,0.887,2007507.0
1741507200000,0.886,0.905,0.88,0.891,6889565.0
1741510800000,0.891,0.893,0.878,0.88,3609844.0
1741514400000,0.881,0.889,0.851,0.859,8888870.0
1741518000000,0.859,0.868,0.856,0.864,3772023.0
1741521600000,0.865,0.872,0.857,0.865,3503924.0
1741525200000,0.865,0.869,0.832,0.834,9223268.0
1741528800000,0.833,0.841,0.817,0.834,17012179.0
1741532400000,0.834,0.838,0.825,0.831,9428793.0
1741536000000,0.83,0.841,0.81,0.816,12485224.0
1741539600000,0.816,0.82,0.798,0.803,9715363.0
1741543200000,0.803,0.808,0.776,0.789,16710551.0
1741546800000,0.789,0.807,0.789,0.802,5771206.0
1741550400000,0.802,0.814,0.8,0.806,3554717.0
1741554000000,0.807,0.81,0.791,0.792,3470863.0
1741557600000,0.793,0.799,0.782,0.793,3417460.0
1741561200000,0.794,0.806,0.787,0.796,4502706.0
1741564800000,0.797,0.82,0.787,0.816,6092663.0
1741568400000,0.815,0.83,0.811,0.815,5746955.0
1741572000000,0.814,0.826,0.808,0.816,3164410.0
1741575600000,0.816,0.823,0.809,0.816,2511418.0
1741579200000,0.816,0.829,0.815,0.828,1826762.0
1741582800000,0.828,0.833,0.823,0.83,1992594.0
1741586400000,0.83,0.839,0.826,0.837,2027503.0
1741590000000,0.837,0.854,0.837,0.849,3490549.0
1741593600000,0.849,0.853,0.833,0.834,4512244.0
1741597200000,0.835,0.876,0.832,0.848,9925993.0
1741600800000,0.848,0.857,0.84,0.843,3579672.0
1741604400000,0.843,0.86,0.828,0.853,7713322.0
1741608000000,0.854,0.859,0.838,0.843,5494727.0
1741611600000,0.843,0.843,0.816,0.818,7086157.0
1741615200000,0.818,0.819,0.785,0.794,14848395.0
1741618800000,0.795,0.814,0.79,0.803,6659854.0
1741622400000,0.803,0.806,0.789,0.794,5528031.0
1741626000000,0.794,0.797,0.753,0.758,13475586.0
1741629600000,0.757,0.773,0.725,0.726,12186588.0
1741633200000,0.727,0.757,0.72,0.752,14114356.0
1741636800000,0.752,0.768,0.748,0.759,7661344.0
1741640400000,0.759,0.769,0.754,0.761,3535254.0
1741644000000,0.761,0.768,0.756,0.76,4460408.0
1741647600000,0.76,0.767,0.754,0.757,4314713.0
1741651200000,0.757,0.766,0.699,0.719,24198176.0
1741654800000,0.719,0.752,0.699,0.752,16863560.0
1741658400000,0.751,0.773,0.748,0.765,7539754.0
1741662000000,0.764,0.774,0.763,0.763,5236149.0
1741665600000,0.763,0.782,0.762,0.772,5166052.0
1741669200000,0.771,0.795,0.771,0.79,6171977.0
1741672800000,0.79,0.807,0.789,0.802,7639893.0
1741676400000,0.802,0.809,0.792,0.797,6159667.0
1741680000000,0.797,0.801,0.787,0.789,5182531.0
1741683600000,0.789,0.804,0.789,0.791,4460421.0
1741687200000,0.792,0.806,0.787,0.797,7902244.0
1741690800000,0.797,0.802,0.789,0.798,3243108.0
1741694400000,0.799,0.803,0.788,0.789,4050738.0
1741698000000,0.789,0.812,0.779,0.797,16291668.0
1741701600000,0.797,0.804,0.764,0.773,15853993.0
1741705200000,0.772,0.81,0.771,0.807,8729254.0
1741708800000,0.807,0.822,0.8,0.808,7185598.0
1741712400000,0.808,0.812,0.786,0.792,7024035.0
1741716000000,0.792,0.83,0.792,0.822,7846167.0
1741719600000,0.822,0.826,0.815,0.821,3811891.0
1741723200000,0.821,0.824,0.812,0.812,1920774.0
1741726800000,0.812,0.818,0.796,0.804,3970740.0
1741730400000,0.803,0.815,0.803,0.81,3548607.0
1741734000000,0.81,0.811,0.794,0.798,4249869.0
1741737600000,0.798,0.806,0.79,0.796,6128743.0
1741741200000,0.796,0.817,0.796,0.807,4557611.0
1741744800000,0.806,0.81,0.788,0.793,6138292.0
1741748400000,0.794,0.795,0.778,0.78,4652025.0
1741752000000,0.78,0.785,0.772,0.78,5659894.0
1741755600000,0.78,0.791,0.779,0.787,3408600.0
1741759200000,0.788,0.794,0.78,0.793,3780236.0
1741762800000,0.793,0.809,0.792,0.802,6694395.0
1741766400000,0.802,0.823,0.797,0.817,7849911.0
1741770000000,0.817,0.826,0.803,0.81,6070952.0
1741773600000,0.81,0.813,0.802,0.81,3413653.0
1741777200000,0.81,0.818,0.809,0.817,2567822.0
1741780800000,0.817,0.845,0.813,0.839,13085135.0
1741784400000,0.839,0.843,0.81,0.815,7976118.0
1741788000000,0.815,0.82,0.796,0.798,7396067.0
1741791600000,0.799,0.807,0.785,0.806,6692085.0
1741795200000,0.806,0.83,0.803,0.819,3808497.0
1741798800000,0.819,0.83,0.816,0.819,2658759.0
1741802400000,0.819,0.829,0.817,0.824,1802096.0
1741806000000,0.825,0.829,0.818,0.825,1537054.0
1741809600000,0.825,0.828,0.82,0.825,904023.0
1741813200000,0.826,0.836,0.825,0.828,1787500.0
1741816800000,0.828,0.842,0.828,0.842,3301220.0
1741820400000,0.842,0.843,0.835,0.841,2483895.0
1741824000000,0.841,0.844,0.83,0.831,4242221.0
1741827600000,0.831,0.836,0.825,0.832,2636855.0
1741831200000,0.833,0.84,0.826,0.827,2260280.0
1741834800000,0.827,0.833,0.822,0.824,2057725.0
1741838400000,0.824,0.828,0.814,0.816,2425228.0
1741842000000,0.817,0.824,0.813,0.816,3374972.0
1741845600000,0.816,0.825,0.81,0.824,5017817.0
1741849200000,0.823,0.832,0.821,0.826,3259698.0
1741852800000,0.825,0.833,0.817,0.832,4275663.0
1741856400000,0.831,0.845,0.831,0.842,4864838.0
1741860000000,0.842,0.87,0.836,0.843,13692401.0
1741863600000,0.843,0.844,0.835,0.843,4972931.0
1741867200000,0.843,0.856,0.832,0.836,8399678.0
1741870800000,0.835,0.846,0.825,0.829,7011365.0
1741874400000,0.828,0.842,0.825,0.836,4289955.0
1741878000000,0.836,0.838,0.825,0.833,4036131.0
1741881600000,0.833,0.836,0.815,0.82,5077611.0
1741885200000,0.821,0.823,0.808,0.811,3809687.0
1741888800000,0.812,0.824,0.81,0.819,2593101.0
1741892400000,0.818,0.822,0.81,0.814,1728542.0
1741896000000,0.813,0.817,0.804,0.807,1833655.0
1741899600000,0.808,0.813,0.804,0.811,1418912.0
1741903200000,0.812,0.831,0.811,0.83,2887902.0
1741906800000,0.829,0.842,0.829,0.838,3884657.0
1741910400000,0.839,0.856,0.836,0.847,4633417.0
1741914000000,0.847,0.85,0.837,0.842,3348207.0
1741917600000,0.843,0.847,0.839,0.844,2016869.0
1741921200000,0.845,0.845,0.837,0.84,1741317.0
1741924800000,0.84,0.843,0.832,0.836,2064547.0
1741928400000,0.837,0.842,0.833,0.84,2015104.0
1741932000000,0.841,0.848,0.836,0.845,2150918.0
1741935600000,0.845,0.851,0.843,0.845,1868917.0
1741939200000,0.844,0.853,0.841,0.85,2633635.0
1741942800000,0.85,0.856,0.846,0.852,3041768.0
1741946400000,0.851,0.855,0.848,0.848,1946755.0
1741950000000,0.848,0.852,0.846,0.85,1429033.0
1741953600000,0.85,0.855,0.845,0.85,2318698.0
1741957200000,0.849,0.859,0.845,0.854,3329338.0
1741960800000,0.854,0.864,0.847,0.86,6274295.0
1741964400000,0.86,0.885,0.858,0.874,12047912.0
1741968000000,0.874,0.888,0.871,0.887,4687872.0
1741971600000,0.887,0.893,0.874,0.88,4968979.0
1741975200000,0.88,0.883,0.874,0.878,1497844.0
1741978800000,0.878,0.887,0.874,0.877,1765029.0
1741982400000,0.876,0.878,0.868,0.871,2503905.0
1741986000000,0.871,0.879,0.864,0.876,1567168.0
1741989600000,0.876,0.886,0.875,0.882,1885339.0
1741993200000,0.882,0.883,0.869,0.87,2363471.0
1741996800000,0.869,0.875,0.868,0.87,1692623.0
1742000400000,0.869,0.871,0.862,0.867,1733052.0
1742004000000,0.868,0.872,0.861,0.87,1771692.0
1742007600000,0.871,0.878,0.869,0.878,1643301.0
1742011200000,0.878,0.88,0.871,0.876,1591938.0
1742014800000,0.876,0.877,0.87,0.871,1308491.0
1742018400000,0.871,0.875,0.868,0.873,1001540.0
1742022000000,0.873,0.875,0.866,0.868,1438087.0
1742025600000,0.868,0.872,0.861,0.872,1992534.0
1742029200000,0.871,0.876,0.867,0.875,1623387.0
1742032800000,0.875,0.875,0.868,0.871,921776.0
1742036400000,0.871,0.881,0.869,0.88,1455115.0
1742040000000,0.88,0.881,0.871,0.872,1098690.0
1742043600000,0.871,0.88,0.871,0.878,1082669.0
1742047200000,0.878,0.884,0.873,0.873,1733317.0
1742050800000,0.873,0.88,0.873,0.88,1170577.0
1742054400000,0.88,0.882,0.872,0.877,1955257.0
1742058000000,0.877,0.884,0.873,0.879,1674425.0
1742061600000,0.878,0.881,0.868,0.871,1499700.0
1742065200000,0.872,0.873,0.866,0.873,1285709.0
1742068800000,0.873,0.884,0.873,0.883,1538025.0
1742072400000,0.884,0.888,0.881,0.885,1240775.0
1742076000000,0.885,0.886,0.881,0.882,881994.0
1742079600000,0.882,0.883,0.875,0.877,1589414.0
1742083200000,0.878,0.878,0.87,0.87,1809900.0
1742086800000,0.871,0.874,0.862,0.863,2041883.0
1742090400000,0.863,0.867,0.856,0.862,3116277.0
1742094000000,0.863,0.872,0.861,0.87,1350874.0
1742097600000,0.869,0.872,0.865,0.869,1065569.0
1742101200000,0.869,0.874,0.867,0.874,1197512.0
1742104800000,0.873,0.884,0.872,0.882,1704275.0
1742108400000,0.882,0.89,0.876,0.881,2348278.0
1742112000000,0.882,0.912,0.874,0.889,10485485.0
1742115600000,0.889,0.896,0.879,0.885,4170191.0
1742119200000,0.885,0.892,0.876,0.876,2249394.0
1742122800000,0.876,0.876,0.846,0.849,7047958.0
1742126400000,0.849,0.859,0.848,0.85,2924040.0
1742130000000,0.849,0.858,0.833,0.837,5682834.0
1742133600000,0.837,0.849,0.832,0.849,2872904.0
1742137200000,0.849,0.853,0.842,0.849,2376079.0
1742140800000,0.848,0.879,0.845,0.866,6319647.0
1742144400000,0.865,0.874,0.85,0.858,2276455.0
1742148000000,0.858,0.86,0.846,0.85,1858109.0
1742151600000,0.849,0.85,0.834,0.837,3203548.0
1742155200000,0.837,0.846,0.834,0.841,1328441.0
1742158800000,0.841,0.847,0.836,0.839,1745049.0
1742162400000,0.838,0.842,0.822,0.822,2590871.0
1742166000000,0.823,0.835,0.818,0.832,2410943.0
1742169600000,0.832,0.848,0.831,0.845,2520348.0
1742173200000,0.845,0.857,0.84,0.853,2255042.0
1742176800000,0.853,0.859,0.85,0.851,2780530.0
1742180400000,0.85,0.86,0.85,0.856,2347969.0
1742184000000,0.857,0.864,0.853,0.856,2249967.0
1742187600000,0.855,0.857,0.847,0.847,1698826.0
1742191200000,0.847,0.853,0.834,0.845,2042096.0
1742194800000,0.845,0.854,0.844,0.852,1203462.0
1742198400000,0.853,0.858,0.843,0.8535,1337512.0
1742202000000,0.8535,0.8623,0.839,0.8599,2580350.0
1742205600000,0.8599,0.8615,0.8497,0.8527,1281561.0
1742209200000,0.8526,0.8593,0.8471,0.8562,1135205.0
1742212800000,0.8561,0.877,0.8494,0.8511,5152985.0
1742216400000,0.8511,0.8581,0.8458,0.8488,9777993.0
1742220000000,0.8487,0.8604,0.8421,0.8536,4120599.0
1742223600000,0.8537,0.8628,0.8466,0.8615,2119363.0
1742227200000,0.8616,0.8731,0.8529,0.8613,3942745.0
1742230800000,0.8612,0.875,0.859,0.8746,2081196.0
1742234400000,0.8746,0.8953,0.8725,0.8925,2421406.0
1742238000000,0.8926,0.8967,0.8856,0.8884,1851573.0
1742241600000,0.8885,0.8901,0.8783,0.8801,1246279.0
1742245200000,0.88,0.882,0.8756,0.8772,1095001.0
1742248800000,0.8771,0.8853,0.8766,0.8811,1220981.0
1742252400000,0.8811,0.8812,0.8676,0.8717,2450794.0
1742256000000,0.8718,0.8732,0.861,0.8667,2681659.0
1742259600000,0.8668,0.871,0.8404,0.8462,5211355.0
1742263200000,0.8463,0.8564,0.8458,0.8518,2789686.0
1742266800000,0.8519,0.8522,0.832,0.8324,3350735.0
1742270400000,0.8323,0.8414,0.8295,0.8376,2185031.0
1742274000000,0.8378,0.8441,0.8366,0.8401,1131550.0
1742277600000,0.8401,0.841,0.8241,0.8303,2469768.0
1742281200000,0.8302,0.8419,0.827,0.8369,2731108.0
1742284800000,0.8369,0.8439,0.8322,0.8395,1560717.0
1742288400000,0.8393,0.8422,0.8333,0.8345,1255085.0
1742292000000,0.8346,0.8387,0.8273,0.8313,1320887.0
1742295600000,0.8313,0.8313,0.8214,0.823,2317004.0
1742299200000,0.8229,0.8279,0.8189,0.8239,1535247.0
1742302800000,0.824,0.8328,0.8169,0.824,2765592.0
1742306400000,0.8239,0.8357,0.8211,0.832,2017861.0
1742310000000,0.832,0.8323,0.816,0.8191,1965003.0
1742313600000,0.8193,0.8244,0.8139,0.8227,2178930.0
1742317200000,0.8229,0.8251,0.8109,0.8132,2088515.0
1742320800000,0.8131,0.8218,0.8107,0.8201,1091280.0
1742324400000,0.82,0.8285,0.8187,0.8277,1062237.0
1742328000000,0.8276,0.8293,0.8221,0.8257,666848.0
1742331600000,0.8255,0.8298,0.823,0.8267,543653.0
1742335200000,0.8267,0.8335,0.825,0.8303,1891609.0
1742338800000,0.8303,0.8387,0.8303,0.837,2267095.0
1742342400000,0.8369,0.8507,0.8359,0.8444,3369700.0
1742346000000,0.8444,0.8459,0.8369,0.837,1976798.0
1742349600000,0.8371,0.8465,0.8347,0.846,1280270.0
1742353200000,0.8461,0.8523,0.8435,0.8517,1206745.0
1742356800000,0.8518,0.853,0.846,0.8478,1480248.0
1742360400000,0.8477,0.8518,0.8442,0.8507,947709.0
1742364000000,0.8507,0.8543,0.848,0.8504,1019785.0
1742367600000,0.8504,0.8517,0.8421,0.8429,1235757.0
1742371200000,0.843,0.849,0.8428,0.846,6363450.0
1742374800000,0.8461,0.8543,0.8449,0.8483,1068402.0
1742378400000,0.8483,0.8619,0.8462,0.8555,2620628.0
1742382000000,0.8556,0.878,0.8537,0.8763,3727484.0
1742385600000,0.8764,0.8769,0.8616,0.8664,2762320.0
1742389200000,0.8663,0.882,0.8618,0.8742,6520086.0
1742392800000,0.8742,0.8854,0.8738,0.8796,2753827.0
1742396400000,0.8795,0.8847,0.8732,0.8821,2146254.0
1742400000000,0.8822,0.8834,0.8703,0.8745,2032154.0
1742403600000,0.8746,0.877,0.8587,0.8668,3030180.0
1742407200000,0.8668,0.8876,0.857,0.8845,4354526.0
1742410800000,0.8846,0.8959,0.8791,0.8833,2339062.0
1742414400000,0.8834,0.892,0.8816,0.8855,1175071.0
1742418000000,0.8854,0.892,0.885,0.887,932131.0
1742421600000,0.8871,0.8987,0.887,0.8926,1101032.0
1742425200000,0.8925,0.8979,0.8867,0.8965,1933711.0
1742428800000,0.8965,0.9033,0.8835,0.887,2584554.0
1742432400000,0.887,0.8879,0.879,0.8855,1620322.0
1742436000000,0.8856,0.8866,0.8806,0.8842,1402073.0
1742439600000,0.8843,0.889,0.8782,0.8811,1211720.0
1742443200000,0.8811,0.8829,0.8756,0.8777,1112787.0
1742446800000,0.8778,0.8807,0.8736,0.8805,1053245.0
1742450400000,0.8804,0.8983,0.8776,0.8933,2756794.0
1742454000000,0.8932,0.9086,0.8901,0.8998,4980584.0
1742457600000,0.8996,0.9198,0.8975,0.91,5028077.0
1742461200000,0.9101,0.9123,0.8955,0.8974,2981200.0
1742464800000,0.8974,0.8984,0.8744,0.8807,5068630.0
1742468400000,0.8807,0.8893,0.88,0.8847,2395481.0
1742472000000,0.8847,0.889,0.8811,0.8852,1473601.0
1742475600000,0.8853,0.8857,0.8741,0.8775,3025211.0
1742479200000,0.8774,0.8906,0.8771,0.8893,3487265.0
1742482800000,0.8893,0.8902,0.8621,0.8659,4623738.0
1742486400000,0.8657,0.8704,0.8488,0.8519,4444230.0
1742490000000,0.852,0.8616,0.8505,0.8576,2633758.0
1742493600000,0.8577,0.8642,0.8553,0.857,740477.0
1742497200000,0.857,0.8601,0.8541,0.8578,623191.0
1742500800000,0.8578,0.8629,0.8566,0.8591,836554.0
1742504400000,0.8591,0.8634,0.8551,0.8578,660517.0
1742508000000,0.8577,0.8608,0.8547,0.8563,3478180.0
1742511600000,0.8564,0.8579,0.8518,0.8574,3943699.0
1742515200000,0.8574,0.8686,0.8557,0.8679,3216919.0
1742518800000,0.8679,0.8723,0.8644,0.8715,2757243.0
1742522400000,0.8716,0.8727,0.8615,0.8626,1246314.0
1742526000000,0.8627,0.8627,0.8547,0.8559,2339492.0
1742529600000,0.8558,0.861,0.854,0.858,1856436.0
1742533200000,0.858,0.8584,0.8465,0.8515,4259871.0
1742536800000,0.8514,0.8517,0.843,0.8447,3028535.0
1742540400000,0.8445,0.8463,0.8348,0.8405,4355801.0
1742544000000,0.8405,0.8442,0.8302,0.8336,4336416.0
1742547600000,0.8334,0.8391,0.8262,0.8335,4362501.0
1742551200000,0.8335,0.8352,0.8215,0.8284,5601176.0
1742554800000,0.8285,0.8293,0.8234,0.8275,2034921.0
1742558400000,0.8276,0.8319,0.8206,0.8238,3562426.0
1742562000000,0.8238,0.8347,0.823,0.8327,4103146.0
1742565600000,0.8328,0.8379,0.8263,0.8305,4467445.0
1742569200000,0.8306,0.8316,0.8228,0.8274,3106059.0
1742572800000,0.8273,0.8327,0.8226,0.8327,2808455.0
1742576400000,0.8327,0.8327,0.8256,0.8287,2005890.0
1742580000000,0.8287,0.832,0.8226,0.8251,3359407.0
1742583600000,0.8252,0.8278,0.8204,0.8242,2408367.0
1742587200000,0.8242,0.8306,0.8226,0.8294,1164129.0
1742590800000,0.8294,0.8365,0.8271,0.8309,2049311.0
1742594400000,0.8309,0.8312,0.8061,0.8179,6596069.0
1742598000000,0.8179,0.8198,0.8127,0.8163,2178409.0
1742601600000,0.8162,0.8268,0.8145,0.8253,2331019.0
1742605200000,0.8253,0.8279,0.8196,0.8201,1686723.0
1742608800000,0.82,0.8251,0.817,0.8223,1535648.0
1742612400000,0.8223,0.8269,0.8192,0.8253,1307891.0
1742616000000,0.8253,0.8293,0.8238,0.8282,965312.0
1742619600000,0.8283,0.8355,0.8271,0.8336,1722053.0
1742623200000,0.8337,0.8393,0.8321,0.8346,1850348.0
1742626800000,0.8346,0.8402,0.834,0.8355,1824710.0
1742630400000,0.8355,0.8402,0.8353,0.8393,1488388.0
1742634000000,0.8394,0.8457,0.8371,0.84,1733358.0
1742637600000,0.8399,0.8422,0.8341,0.8377,9483935.0
1742641200000,0.8379,0.8383,0.8304,0.8343,2056447.0
1742644800000,0.8342,0.8348,0.8257,0.8293,2064744.0
1742648400000,0.8293,0.8318,0.8259,0.8282,1116986.0
1742652000000,0.8282,0.8282,0.8213,0.8224,2087337.0
1742655600000,0.8223,0.8318,0.8221,0.8311,1448209.0
1742659200000,0.8312,0.836,0.8302,0.8314,1798037.0
1742662800000,0.8316,0.8379,0.8316,0.8363,714827.0
1742666400000,0.8364,0.8389,0.8334,0.8348,810501.0
1742670000000,0.8349,0.839,0.8336,0.8382,13854607.0
1742673600000,0.8381,0.8415,0.8363,0.8365,818684.0
1742677200000,0.8366,0.8379,0.825,0.8286,2604159.0
1742680800000,0.8287,0.833,0.827,0.8284,1329367.0
1742684400000,0.8284,0.8284,0.8225,0.826,1817822.0
1742688000000,0.8259,0.8277,0.8217,0.8242,1887315.0
1742691600000,0.8242,0.8294,0.8224,0.827,1308624.0
1742695200000,0.827,0.8337,0.8243,0.833,1538446.0
1742698800000,0.833,0.841,0.8308,0.8408,1917883.0
1742702400000,0.8407,0.8434,0.8292,0.8304,2156675.0
1742706000000,0.8304,0.8316,0.8248,0.8314,6402730.0
1742709600000,0.8316,0.8321,0.8262,0.8293,1067394.0
1742713200000,0.8294,0.8354,0.8284,0.832,1041073.0
1742716800000,0.832,0.8341,0.825,0.8253,1409512.0
1742720400000,0.8254,0.8309,0.8249,0.8294,1332789.0
1742724000000,0.8296,0.836,0.8296,0.8331,2015122.0
1742727600000,0.8331,0.8395,0.8328,0.8349,1883223.0
1742731200000,0.835,0.8371,0.8261,0.8268,1671153.0
1742734800000,0.8268,0.8304,0.8147,0.8288,5299290.0
1742738400000,0.8289,0.8289,0.8166,0.8169,3837442.0
1742742000000,0.8169,0.8246,0.8154,0.8226,2474966.0
1742745600000,0.8226,0.824,0.8158,0.8173,1421828.0
1742749200000,0.8172,0.8212,0.8079,0.8137,2643161.0
1742752800000,0.8136,0.8207,0.8116,0.8181,8329775.0
1742756400000,0.818,0.8207,0.8172,0.8199,622325.0
1742760000000,0.82,0.823,0.8175,0.8177,941528.0
1742763600000,0.8177,0.8231,0.8152,0.8222,779617.0
1742767200000,0.8221,0.8286,0.8198,0.8243,1916712.0
1742770800000,0.8244,0.8296,0.8226,0.8296,1023017.0
1742774400000,0.8296,0.8379,0.8241,0.8294,2651787.0
1742778000000,0.8295,0.8299,0.8151,0.8167,2470712.0
1742781600000,0.8166,0.8235,0.8155,0.8221,1210856.0
1742785200000,0.822,0.8439,0.8213,0.8399,4825136.0
1742788800000,0.8399,0.8526,0.8398,0.8484,3619910.0
1742792400000,0.8485,0.8539,0.846,0.8501,2424085.0
1742796000000,0.8503,0.8589,0.8496,0.8562,2797073.0
1742799600000,0.8563,0.8589,0.8507,0.8534,1835139.0
1742803200000,0.8534,0.8666,0.8534,0.8633,2337613.0
1742806800000,0.8633,0.867,0.8612,0.8651,2095625.0
1742810400000,0.865,0.8724,0.8642,0.8684,1849140.0
1742814000000,0.8683,0.8707,0.8626,0.8669,1705055.0
1742817600000,0.867,0.8767,0.8637,0.8717,3169209.0
1742821200000,0.8718,0.9531,0.8638,0.9328,25490729.0
1742824800000,0.9328,0.9532,0.8908,0.8948,23597346.0
1742828400000,0.8948,0.9241,0.8941,0.9198,8449427.0
1742832000000,0.9199,0.9328,0.9113,0.9225,10070323.0
1742835600000,0.9225,0.9357,0.92,0.9226,9975070.0
1742839200000,0.9227,0.9435,0.921,0.9264,9326700.0
1742842800000,0.9265,0.9281,0.9123,0.9143,3822770.0
1742846400000,0.9142,0.9165,0.9092,0.9138,2576965.0
1742850000000,0.9138,0.9183,0.91,0.917,2464439.0
1742853600000,0.9171,0.9176,0.8967,0.9006,3128623.0
1742857200000,0.9005,0.9054,0.8935,0.9043,3365362.0
1742860800000,0.9043,0.9229,0.8993,0.9215,3682612.0
1742864400000,0.9216,0.929,0.9056,0.9157,4886782.0
1742868000000,0.9158,0.9215,0.9124,0.9164,1799260.0
1742871600000,0.9164,0.9245,0.9111,0.9179,3304305.0
1742875200000,0.9176,0.9278,0.9064,0.9203,4078564.0
1742878800000,0.9203,0.925,0.9161,0.9165,2532370.0
1742882400000,0.9165,0.9187,0.9084,0.9105,2271881.0
1742886000000,0.9106,0.9186,0.9092,0.9141,1802867.0
1742889600000,0.9142,0.9224,0.9136,0.9194,1777111.0
1742893200000,0.9195,0.9298,0.915,0.9259,2743797.0
1742896800000,0.926,0.9359,0.9207,0.933,3054274.0
1742900400000,0.9331,0.9429,0.9285,0.9386,3220106.0
1742904000000,0.9386,0.9465,0.9188,0.922,5892969.0
1742907600000,0.922,0.933,0.916,0.9204,6194648.0
1742911200000,0.9203,0.9318,0.9149,0.9302,3755692.0
1742914800000,0.9304,0.9338,0.9163,0.9186,10429775.0
1742918400000,0.9186,0.9251,0.9136,0.9223,2283176.0
1742922000000,0.9224,0.9391,0.9219,0.9345,2132434.0
1742925600000,0.9345,0.9371,0.9238,0.9252,1935717.0
1742929200000,0.9251,0.9312,0.9248,0.9296,1201135.0
1742932800000,0.9296,0.9383,0.9292,0.9303,1551870.0
1742936400000,0.9303,0.9382,0.9303,0.9335,1293186.0
1742940000000,0.9335,0.9352,0.9268,0.9299,1207067.0
1742943600000,0.9297,0.935,0.9221,0.9331,2001797.0
1742947200000,0.9332,0.9417,0.9287,0.94,2102807.0
1742950800000,0.9399,0.9495,0.9383,0.946,3113468.0
1742954400000,0.9461,0.9477,0.9264,0.9282,3035716.0
1742958000000,0.9281,0.9342,0.9231,0.9249,2071313.0
1742961600000,0.9249,0.9557,0.9234,0.9435,4087838.0
1742965200000,0.9435,0.9493,0.928,0.9471,3845048.0
1742968800000,0.9472,0.961,0.9439,0.9586,4277503.0
1742972400000,0.9586,0.9737,0.9563,0.9698,4870558.0
1742976000000,0.9698,0.9789,0.9621,0.9655,3282791.0
1742979600000,0.9656,0.9677,0.9546,0.9601,2490932.0
1742983200000,0.96,0.9722,0.9589,0.9678,2418658.0
1742986800000,0.9678,0.9745,0.9629,0.9693,1783759.0
1742990400000,0.9694,0.9712,0.9523,0.9619,3232544.0
1742994000000,0.9619,0.962,0.9368,0.9373,4340920.0
1742997600000,0.937,0.9463,0.9253,0.9337,5018926.0
1743001200000,0.9337,0.9468,0.927,0.9436,2625727.0
1743004800000,0.9434,0.954,0.9367,0.9424,11705852.0
1743008400000,0.9422,0.9504,0.933,0.9415,3278694.0
1743012000000,0.9415,0.9452,0.9318,0.9336,1496895.0
1743015600000,0.9337,0.9486,0.9238,0.9388,3024012.0
1743019200000,0.9386,0.9503,0.9377,0.944,1505271.0
1743022800000,0.9439,0.9493,0.9282,0.939,2156614.0
1743026400000,0.9389,0.9409,0.9279,0.9324,1235116.0
1743030000000,0.9325,0.9364,0.9245,0.9294,2977517.0
1743033600000,0.9294,0.9504,0.9278,0.9492,2843389.0
1743037200000,0.9493,0.9639,0.9484,0.9626,4100766.0
1743040800000,0.9625,0.9752,0.9617,0.9679,3464056.0
1743044400000,0.968,0.9728,0.959,0.9699,2951466.0
1743048000000,0.97,0.9746,0.9638,0.9704,2280713.0
1743051600000,0.9703,0.9707,0.9555,0.958,8438947.0
1743055200000,0.958,0.9869,0.958,0.9756,5728215.0
1743058800000,0.9755,0.9799,0.9636,0.9671,3406056.0
1743062400000,0.967,0.9723,0.9582,0.9657,3075260.0
1743066000000,0.9656,0.9662,0.9564,0.9608,2157137.0
1743069600000,0.9609,0.966,0.9494,0.9504,2342314.0
1743073200000,0.9504,0.9529,0.9375,0.9403,3188967.0
1743076800000,0.9403,0.9536,0.9363,0.9464,3918409.0
1743080400000,0.9463,0.9521,0.9327,0.9505,5013741.0
1743084000000,0.9505,0.9707,0.9478,0.9651,18448223.0
1743087600000,0.9654,0.9665,0.9393,0.9451,3715127.0
1743091200000,0.9449,0.9514,0.9311,0.9339,3212749.0
1743094800000,0.934,0.9381,0.9258,0.9282,2404815.0
1743098400000,0.9281,0.9428,0.9278,0.9402,1198557.0
1743102000000,0.9402,0.9463,0.9354,0.9409,1634941.0
1743105600000,0.9409,0.9496,0.9376,0.9472,1226068.0
1743109200000,0.9472,0.9574,0.9449,0.9557,1588069.0
1743112800000,0.9556,0.9605,0.9523,0.9528,1586256.0
1743116400000,0.9528,0.9538,0.9451,0.9487,1765286.0
1743120000000,0.9484,0.9516,0.9375,0.9482,2255492.0
1743123600000,0.9483,0.9558,0.9388,0.9502,2589747.0
1743127200000,0.9503,0.9547,0.9411,0.9431,2048193.0
1743130800000,0.9432,0.9433,0.9259,0.9312,3848622.0
1743134400000,0.9312,0.9349,0.9004,0.9056,13427288.0
1743138000000,0.9055,0.9055,0.8843,0.8846,5105970.0
1743141600000,0.8845,0.8935,0.8781,0.8838,4434473.0
1743145200000,0.8838,0.8916,0.8753,0.8775,3932223.0
1743148800000,0.8776,0.8858,0.8728,0.8742,2595252.0
1743152400000,0.8741,0.876,0.869,0.8724,2354905.0
1743156000000,0.8724,0.8747,0.8658,0.8677,1867305.0
1743159600000,0.8678,0.8766,0.8615,0.8761,4691678.0
1743163200000,0.876,0.8785,0.8609,0.8613,4165740.0
1743166800000,0.8613,0.8711,0.8551,0.8574,3391073.0
1743170400000,0.8577,0.8627,0.8512,0.8582,4012757.0
1743174000000,0.8582,0.863,0.852,0.8532,2392400.0
1743177600000,0.8534,0.8559,0.841,0.8425,3477194.0
1743181200000,0.8424,0.8478,0.8389,0.8442,1905774.0
1743184800000,0.8441,0.8471,0.8409,0.844,1127595.0
1743188400000,0.844,0.8471,0.8364,0.8402,1525096.0
1743192000000,0.8401,0.8457,0.8323,0.8341,2077546.0
1743195600000,0.8342,0.843,0.8287,0.8389,1812387.0
1743199200000,0.8389,0.8438,0.8381,0.8437,919187.0
1743202800000,0.8437,0.8448,0.8377,0.8407,1098699.0
1743206400000,0.8407,0.8476,0.8382,0.8396,1764013.0
1743210000000,0.8396,0.8457,0.8367,0.8451,1529564.0
1743213600000,0.8451,0.8496,0.8316,0.8331,2427311.0
1743217200000,0.8332,0.8404,0.8225,0.8355,3716463.0
1743220800000,0.8356,0.8378,0.8253,0.829,2044394.0
1743224400000,0.829,0.8298,0.8164,0.821,3342693.0
1743228000000,0.821,0.8213,0.8111,0.8147,2923523.0
1743231600000,0.8148,0.8175,0.8045,0.8094,3458648.0
1743235200000,0.8094,0.8182,0.8062,0.8131,2730810.0
1743238800000,0.813,0.8154,0.7957,0.8066,5540456.0
1743242400000,0.8067,0.8076,0.7938,0.7971,8147916.0
1743246000000,0.797,0.7979,0.7778,0.784,8717062.0
1743249600000,0.7841,0.7918,0.7806,0.7873,2837915.0
1743253200000,0.7872,0.7968,0.7868,0.7963,2927532.0
1743256800000,0.7963,0.7963,0.7828,0.7844,2126531.0
1743260400000,0.7844,0.7898,0.7831,0.7857,1202665.0
1743264000000,0.7856,0.7886,0.7722,0.7738,5340836.0
1743267600000,0.7737,0.783,0.7645,0.7726,7373546.0
1743271200000,0.7725,0.7802,0.7714,0.7748,2540189.0
1743274800000,0.775,0.7795,0.7722,0.7795,1294269.0
1743278400000,0.7796,0.7796,0.7654,0.7674,2264176.0
1743282000000,0.7674,0.7759,0.7663,0.772,1418964.0
1743285600000,0.7719,0.7743,0.7685,0.7722,663102.0
1743289200000,0.7721,0.7806,0.77,0.7792,1202225.0
1743292800000,0.7792,0.7792,0.7626,0.7741,2910132.0
1743296400000,0.774,0.7905,0.7737,0.7838,3578152.0
1743300000000,0.7838,0.7998,0.7838,0.7928,3359896.0
1743303600000,0.7928,0.796,0.7892,0.7901,1892147.0
1743307200000,0.7901,0.7979,0.7901,0.7942,1784669.0
1743310800000,0.794,0.7983,0.7902,0.7912,1570421.0
1743314400000,0.7911,0.7967,0.7814,0.7928,17229955.0
1743318000000,0.7927,0.7976,0.7898,0.7918,1497455.0
1743321600000,0.7919,0.8043,0.7919,0.8025,2014382.0
1743325200000,0.8026,0.8044,0.7968,0.7974,2088670.0
1743328800000,0.7974,0.7999,0.7876,0.7884,2604708.0
1743332400000,0.7882,0.7958,0.7866,0.7903,1724320.0
1743336000000,0.7904,0.7954,0.7865,0.7906,1557828.0
1743339600000,0.7907,0.7926,0.7778,0.7791,5204262.0
1743343200000,0.779,0.7871,0.7754,0.7826,2531216.0
1743346800000,0.7827,0.7886,0.7796,0.7816,1501631.0
1743350400000,0.7815,0.7832,0.7667,0.7706,8535355.0
1743354000000,0.7705,0.782,0.7692,0.779,1630247.0
1743357600000,0.779,0.7911,0.779,0.7911,1628729.0
1743361200000,0.791,0.7962,0.7853,0.7863,1209194.0
1743364800000,0.7863,0.7878,0.7813,0.7826,848015.0
1743368400000,0.7828,0.7891,0.7761,0.7796,898902.0
1743372000000,0.7795,0.7892,0.7659,0.783,2735104.0
1743375600000,0.783,0.7841,0.7734,0.7795,1263400.0
1743379200000,0.7796,0.7825,0.7645,0.7705,2619117.0
1743382800000,0.7706,0.7897,0.7692,0.7847,2603308.0
1743386400000,0.7848,0.7885,0.7764,0.7801,1985352.0
1743390000000,0.7801,0.7829,0.7692,0.7712,2748276.0
1743393600000,0.7713,0.7776,0.7676,0.7748,1627871.0
1743397200000,0.7748,0.7846,0.774,0.7768,1336358.0
1743400800000,0.7769,0.7789,0.7683,0.7713,1702075.0
1743404400000,0.7714,0.7761,0.7559,0.7638,4729222.0
1743408000000,0.7637,0.7731,0.7607,0.7618,3038549.0
1743411600000,0.7619,0.7642,0.7472,0.753,7427469.0
1743415200000,0.753,0.7664,0.7435,0.7636,4574235.0
1743418800000,0.7638,0.7755,0.7607,0.7696,2561773.0
1743422400000,0.7695,0.7832,0.7661,0.7759,3737042.0
1743426000000,0.7759,0.777,0.7581,0.7695,4653152.0
1743429600000,0.7698,0.7874,0.7698,0.7827,7467140.0
1743433200000,0.7828,0.7896,0.7809,0.784,2453295.0
1743436800000,0.7842,0.7889,0.7782,0.7784,1692967.0
1743440400000,0.7783,0.7841,0.7673,0.7725,2432598.0
1743444000000,0.7728,0.7848,0.7718,0.7804,1462678.0
1743447600000,0.7803,0.784,0.7706,0.7725,1515016.0
1743451200000,0.7725,0.7768,0.7673,0.7683,868865.0
1743454800000,0.7683,0.7756,0.7633,0.7653,1568018.0
1743458400000,0.7652,0.7687,0.7626,0.7686,1609440.0
1743462000000,0.7686,0.7746,0.7671,0.769,1554110.0
1743465600000,0.769,0.778,0.7666,0.7753,2279355.0
1743469200000,0.7752,0.7761,0.7685,0.7708,1285079.0
1743472800000,0.7708,0.7865,0.77,0.7841,1779643.0
1743476400000,0.784,0.7885,0.7779,0.7795,1912255.0
1743480000000,0.7796,0.7823,0.7774,0.7819,1271392.0
1743483600000,0.7818,0.7873,0.7788,0.7794,1580362.0
1743487200000,0.7793,0.7882,0.7757,0.7842,2782376.0
1743490800000,0.7841,0.7909,0.7809,0.7816,3237396.0
1743494400000,0.7816,0.8027,0.7815,0.8013,4313723.0
1743498000000,0.8012,0.8062,0.7996,0.8021,2256463.0
1743501600000,0.8021,0.8035,0.788,0.7893,15399505.0
1743505200000,0.7892,0.7908,0.783,0.7868,2475750.0
1743508800000,0.7868,0.7914,0.7795,0.7846,2114121.0
1743512400000,0.7846,0.8009,0.7813,0.7993,3032887.0
1743516000000,0.7993,0.814,0.7842,0.8102,6535601.0
1743519600000,0.8102,0.8416,0.81,0.8401,8151449.0
1743523200000,0.8402,0.8454,0.8262,0.8322,3862400.0
1743526800000,0.8322,0.8362,0.8278,0.829,1488790.0
1743530400000,0.8291,0.8301,0.8171,0.8187,2207286.0
1743534000000,0.8186,0.8202,0.8117,0.8153,1312695.0
1743537600000,0.8154,0.8156,0.8056,0.8137,2048695.0
1743541200000,0.8138,0.8195,0.8108,0.8129,1730529.0
1743544800000,0.813,0.818,0.8097,0.8112,1174554.0
1743548400000,0.8112,0.8115,0.7996,0.8026,2803237.0
1743552000000,0.8026,0.8033,0.7877,0.7903,4104643.0
1743555600000,0.7904,0.7967,0.7833,0.7918,2883920.0
1743559200000,0.792,0.7924,0.7714,0.7792,4195192.0
1743562800000,0.7792,0.7962,0.7786,0.7911,3897589.0
1743566400000,0.7912,0.7944,0.7808,0.7854,2912942.0
1743570000000,0.7855,0.7856,0.7683,0.7717,3181757.0
1743573600000,0.7716,0.7783,0.7697,0.7701,2617620.0
1743577200000,0.7702,0.7848,0.7698,0.7777,3395703.0
1743580800000,0.7776,0.7868,0.7728,0.7757,3274857.0
1743584400000,0.7756,0.7901,0.775,0.7835,3227881.0
1743588000000,0.7836,0.7899,0.7752,0.7789,2400216.0
1743591600000,0.7789,0.7865,0.7778,0.7809,1624064.0
1743595200000,0.781,0.7869,0.7761,0.7863,3114832.0
1743598800000,0.7862,0.7903,0.7667,0.7759,6540282.0
1743602400000,0.7758,0.7836,0.7718,0.7771,3440262.0
1743606000000,0.777,0.8039,0.7756,0.7934,9348340.0
1743609600000,0.7935,0.8003,0.7859,0.7879,3532565.0
1743613200000,0.7878,0.7918,0.7681,0.775,4315484.0
1743616800000,0.7751,0.7857,0.7701,0.7833,7369358.0
1743620400000,0.7833,0.7866,0.7774,0.7854,1743674.0
1743624000000,0.7856,0.8114,0.7643,0.7778,26053443.0
1743627600000,0.778,0.78,0.7517,0.7616,5199738.0
1743631200000,0.7616,0.7616,0.7123,0.7152,10921577.0
1743634800000,0.715,0.7296,0.711,0.7241,4941905.0
1743638400000,0.7241,0.7434,0.7217,0.7425,3907331.0
1743642000000,0.7426,0.7503,0.7409,0.744,3753964.0
1743645600000,0.7439,0.761,0.7439,0.7543,2665221.0
1743649200000,0.7542,0.7547,0.7475,0.7523,2054391.0
1743652800000,0.7523,0.7636,0.7514,0.7623,1995203.0
1743656400000,0.7624,0.7654,0.7531,0.7533,1956538.0
1743660000000,0.7534,0.7562,0.7442,0.7458,2209224.0
1743663600000,0.7458,0.7515,0.7396,0.7459,3208804.0
1743667200000,0.7459,0.7509,0.7431,0.7469,1835687.0
1743670800000,0.7469,0.7473,0.7355,0.7362,1887652.0
1743674400000,0.7362,0.7404,0.7185,0.7212,4304983.0
1743678000000,0.721,0.7303,0.7193,0.727,2759424.0
1743681600000,0.727,0.7302,0.7045,0.7065,6381809.0
1743685200000,0.7065,0.7253,0.7055,0.7217,4026404.0
1743688800000,0.7216,0.7221,0.7042,0.7077,7797577.0
1743692400000,0.7076,0.72,0.7072,0.72,2270453.0
1743696000000,0.7199,0.7252,0.7182,0.7218,2471037.0
1743699600000,0.722,0.7344,0.722,0.7335,2022190.0
1743703200000,0.7334,0.754,0.7307,0.7474,3458102.0
1743706800000,0.7473,0.756,0.7426,0.7554,2355231.0
1743710400000,0.7555,0.756,0.7438,0.7539,1601753.0
1743714000000,0.7539,0.7593,0.749,0.7562,1328088.0
1743717600000,0.7562,0.7588,0.7506,0.7534,1442612.0
1743721200000,0.7534,0.7559,0.75,0.7518,1076503.0
1743724800000,0.7519,0.7563,0.7505,0.7523,1599150.0
1743728400000,0.7524,0.7597,0.7497,0.7517,1906226.0
1743732000000,0.7518,0.7621,0.7518,0.753,2064977.0
1743735600000,0.753,0.7566,0.7472,0.7557,1464667.0
1743739200000,0.7556,0.7626,0.7556,0.7573,1868996.0
1743742800000,0.7573,0.7657,0.7537,0.7635,1894271.0
1743746400000,0.7635,0.7672,0.7585,0.7588,1554459.0
1743750000000,0.7588,0.7659,0.7576,0.7629,1652099.0
1743753600000,0.7628,0.7724,0.7623,0.767,2568012.0
1743757200000,0.767,0.7672,0.7606,0.7632,1946697.0
1743760800000,0.7634,0.7648,0.7369,0.7389,5863408.0
1743764400000,0.7388,0.7409,0.726,0.7386,4888811.0
1743768000000,0.7385,0.7451,0.7291,0.7451,5826029.0
1743771600000,0.7452,0.7551,0.7341,0.7518,4182189.0
1743775200000,0.7517,0.7551,0.7436,0.7522,2935264.0
1743778800000,0.7521,0.772,0.7509,0.753,5027030.0
1743782400000,0.7532,0.7569,0.7469,0.7533,2576488.0
1743786000000,0.7532,0.7679,0.7464,0.765,2966427.0
1743789600000,0.765,0.7667,0.7552,0.7563,2159589.0
1743793200000,0.7563,0.7591,0.7537,0.7566,619216.0
1743796800000,0.7567,0.7652,0.7551,0.7612,1069376.0
1743800400000,0.7613,0.767,0.7586,0.7623,727944.0
1743804000000,0.7625,0.7655,0.7599,0.76,633793.0
1743807600000,0.76,0.7605,0.7562,0.7599,849683.0
1743811200000,0.7598,0.7628,0.7568,0.7604,1248152.0
1743814800000,0.7605,0.762,0.7572,0.7579,1077059.0
1743818400000,0.758,0.7582,0.7515,0.7528,1720032.0
1743822000000,0.7529,0.7557,0.7516,0.7543,920621.0
1743825600000,0.7542,0.7562,0.7505,0.7514,1000847.0
1743829200000,0.7513,0.7548,0.7497,0.7514,693926.0
1743832800000,0.7513,0.7543,0.7495,0.7523,694645.0
1743836400000,0.7524,0.7584,0.7496,0.7563,1347973.0
1743840000000,0.7564,0.7594,0.7541,0.7563,792867.0
1743843600000,0.7563,0.7593,0.7551,0.7574,683820.0
1743847200000,0.7575,0.759,0.7543,0.7547,847008.0
1743850800000,0.7547,0.7549,0.7463,0.7497,1610440.0
1743854400000,0.7498,0.7507,0.7445,0.7459,4514439.0
1743858000000,0.7461,0.7475,0.7365,0.7376,5474269.0
1743861600000,0.7376,0.7431,0.7372,0.7413,1830218.0
1743865200000,0.7414,0.7418,0.7325,0.7349,1613353.0
1743868800000,0.7348,0.7375,0.7286,0.7325,2594143.0
1743872400000,0.7325,0.7376,0.7297,0.7351,1037333.0
1743876000000,0.7352,0.7384,0.7341,0.7375,633485.0
1743879600000,0.7375,0.739,0.7308,0.7315,825301.0
1743883200000,0.7316,0.7374,0.7297,0.7349,997806.0
1743886800000,0.7349,0.7366,0.731,0.7321,808637.0
1743890400000,0.7321,0.739,0.732,0.739,459181.0
1743894000000,0.7389,0.7462,0.7383,0.7446,1080024.0
1743897600000,0.7447,0.7454,0.7395,0.7406,1278948.0
1743901200000,0.7404,0.741,0.7342,0.7354,1182680.0
1743904800000,0.7355,0.7361,0.7312,0.7318,943220.0
1743908400000,0.7317,0.7338,0.7281,0.7315,1372877.0
1743912000000,0.7315,0.7336,0.7265,0.7328,1500156.0
1743915600000,0.7328,0.7383,0.7324,0.7372,969265.0
1743919200000,0.7373,0.7381,0.732,0.7321,921483.0
1743922800000,0.7322,0.7361,0.7308,0.7332,1107731.0
1743926400000,0.7333,0.7359,0.7276,0.7353,1338790.0
1743930000000,0.7353,0.7378,0.7335,0.7359,594357.0
1743933600000,0.7358,0.7366,0.7278,0.7304,1076182.0
1743937200000,0.7303,0.7314,0.7222,0.7291,2269966.0
1743940800000,0.729,0.7301,0.7149,0.7169,3340256.0
1743944400000,0.7169,0.7203,0.6963,0.6991,7056246.0
1743948000000,0.699,0.7062,0.6885,0.7044,7508703.0
1743951600000,0.7045,0.7073,0.6963,0.6992,1890604.0
1743955200000,0.699,0.7006,0.6766,0.6793,6809703.0
1743958800000,0.6791,0.6801,0.6521,0.6615,13169479.0
1743962400000,0.6616,0.6638,0.6392,0.6438,12678254.0
1743966000000,0.6439,0.6503,0.6306,0.6393,8215770.0
1743969600000,0.6394,0.6426,0.613,0.6208,9723890.0
1743973200000,0.621,0.6314,0.6195,0.6228,3508837.0
1743976800000,0.6228,0.6367,0.6173,0.6265,4701717.0
1743980400000,0.6264,0.636,0.6175,0.632,4687237.0
1743984000000,0.6321,0.6357,0.6241,0.6313,4421333.0
1743987600000,0.6315,0.6525,0.6315,0.6431,6655385.0
1743991200000,0.643,0.6467,0.6355,0.6374,3117100.0
1743994800000,0.6375,0.6393,0.6139,0.6222,6344075.0
1743998400000,0.6222,0.6324,0.6186,0.6246,6774475.0
1744002000000,0.6246,0.631,0.6173,0.6194,4526253.0
1744005600000,0.6193,0.6265,0.5728,0.5817,22510849.0
1744009200000,0.5818,0.6034,0.5812,0.5893,8067791.0
1744012800000,0.5893,0.6211,0.5846,0.6177,8740564.0
1744016400000,0.6175,0.6307,0.6116,0.6196,5387272.0
1744020000000,0.6196,0.6356,0.6189,0.624,3980563.0
1744023600000,0.6242,0.6322,0.6178,0.6218,2742902.0
1744027200000,0.6219,0.6394,0.6171,0.638,6620147.0
1744030800000,0.6379,0.6607,0.6226,0.6552,13756819.0
1744034400000,0.6551,0.6845,0.6433,0.6538,32678900.0
1744038000000,0.6538,0.6622,0.6446,0.6579,7426886.0
1744041600000,0.6581,0.6633,0.6393,0.641,8637904.0
1744045200000,0.6411,0.6635,0.6411,0.6588,4909626.0
1744048800000,0.6588,0.6616,0.6519,0.6525,1735555.0
1744052400000,0.6525,0.6578,0.649,0.6504,2034814.0
1744056000000,0.6504,0.6648,0.6503,0.6585,1140033.0
1744059600000,0.6584,0.6634,0.6526,0.6589,1039530.0
1744063200000,0.659,0.6632,0.6577,0.6598,1721641.0
1744066800000,0.6597,0.66,0.6478,0.6497,1981570.0
1744070400000,0.6497,0.6534,0.6434,0.6435,2148713.0
1744074000000,0.6435,0.6634,0.6418,0.6627,3700653.0
1744077600000,0.6626,0.6687,0.6569,0.6585,2955895.0
1744081200000,0.6585,0.6605,0.6502,0.653,2408682.0
1744084800000,0.6529,0.6567,0.6499,0.655,1448799.0
1744088400000,0.6547,0.6562,0.6447,0.6492,2359134.0
1744092000000,0.6492,0.6492,0.6414,0.6431,2604020.0
1744095600000,0.6431,0.6452,0.6396,0.6436,2453931.0
1744099200000,0.6435,0.646,0.6376,0.6455,2382759.0
1744102800000,0.6454,0.6491,0.6423,0.6445,2517348.0
1744106400000,0.6446,0.6475,0.6426,0.6432,1258856.0
1744110000000,0.6433,0.6618,0.6423,0.6599,3916918.0
1744113600000,0.6601,0.6618,0.6506,0.6528,2601415.0
1744117200000,0.6527,0.6594,0.648,0.6531,4659896.0
1744120800000,0.653,0.6586,0.6375,0.6377,4448552.0
1744124400000,0.6378,0.6437,0.6361,0.6425,2660383.0
1744128000000,0.6425,0.6433,0.6247,0.627,8276625.0
1744131600000,0.6271,0.6284,0.6122,0.6237,5437439.0
1744135200000,0.6237,0.6301,0.6196,0.6229,2752085.0
1744138800000,0.6229,0.6258,0.6141,0.6177,2471488.0
1744142400000,0.6177,0.626,0.6138,0.6239,1924780.0
1744146000000,0.6241,0.6259,0.6157,0.6215,1575956.0
1744149600000,0.6215,0.6223,0.611,0.6173,3105584.0
1744153200000,0.6172,0.6188,0.6124,0.6176,2179184.0
1744156800000,0.6177,0.6234,0.6132,0.6156,3299267.0
1744160400000,0.6157,0.6206,0.5918,0.6196,9418549.0
1744164000000,0.6195,0.6256,0.6128,0.6135,3048924.0
1744167600000,0.6136,0.6165,0.6062,0.6119,2513611.0
1744171200000,0.6118,0.625,0.6105,0.6204,2986349.0
1744174800000,0.6206,0.6278,0.6188,0.6252,1884179.0
1744178400000,0.6253,0.6344,0.6248,0.6311,2414954.0
1744182000000,0.6311,0.6408,0.6309,0.6386,4007850.0
1744185600000,0.6385,0.6423,0.6342,0.6412,2257847.0
1744189200000,0.6412,0.6427,0.6335,0.636,2055954.0
1744192800000,0.6359,0.6431,0.6323,0.64,2195856.0
1744196400000,0.64,0.6405,0.6207,0.6246,5903612.0
1744200000000,0.6246,0.6298,0.6166,0.6264,3747927.0
1744203600000,0.6264,0.6428,0.6253,0.6369,5607810.0
1744207200000,0.637,0.6428,0.6325,0.6333,3219244.0
1744210800000,0.6333,0.6432,0.6332,0.6389,2275384.0
1744214400000,0.639,0.6473,0.6376,0.6471,2290687.0
1744218000000,0.647,0.7024,0.6409,0.7002,21089644.0
1744221600000,0.7001,0.7101,0.6931,0.6993,6733933.0
1744225200000,0.6994,0.7057,0.6959,0.7026,1827235.0
1744228800000,0.7027,0.7096,0.6992,0.7088,1986485.0
1744232400000,0.7088,0.7121,0.7017,0.7053,1909021.0
1744236000000,0.7052,0.7129,0.7028,0.7099,1981128.0
1744239600000,0.71,0.7117,0.7063,0.711,1286061.0
1744243200000,0.711,0.7121,0.6954,0.7016,2674569.0
1744246800000,0.7016,0.7043,0.6979,0.6993,1599135.0
1744250400000,0.6993,0.7048,0.6966,0.7026,1452790.0
1744254000000,0.7025,0.7046,0.6871,0.6967,3248169.0
1744257600000,0.6968,0.701,0.6907,0.6999,2353039.0
1744261200000,0.7,0.7082,0.6983,0.707,2541218.0
1744264800000,0.707,0.7156,0.7049,0.7131,3549930.0
1744268400000,0.7131,0.7234,0.7078,0.7083,5767503.0
1744272000000,0.7083,0.7094,0.7,0.7066,3544696.0
1744275600000,0.7066,0.7172,0.703,0.7148,3719516.0
1744279200000,0.7148,0.716,0.7053,0.7105,2136709.0
1744282800000,0.7107,0.7121,0.7023,0.7069,2094650.0
1744286400000,0.7069,0.7264,0.7039,0.7131,7279973.0
1744290000000,0.7133,0.7228,0.7006,0.7064,5367540.0
1744293600000,0.7063,0.7164,0.7035,0.7052,3522924.0
1744297200000,0.7052,0.7063,0.6787,0.6807,8151711.0
1744300800000,0.6805,0.6899,0.6759,0.6878,5576015.0
1744304400000,0.6877,0.6923,0.6767,0.6865,4509011.0
1744308000000,0.6864,0.6897,0.6794,0.6862,2339508.0
1744311600000,0.6862,0.6912,0.6827,0.6872,1695061.0
1744315200000,0.6871,0.6956,0.6869,0.6934,1601153.0
1744318800000,0.6936,0.6983,0.689,0.6923,1188407.0
1744322400000,0.6923,0.6981,0.6909,0.6933,806626.0
1744326000000,0.6934,0.6965,0.6902,0.6946,1328235.0
1744329600000,0.6946,0.7034,0.6932,0.6933,2452370.0
1744333200000,0.6934,0.7059,0.6931,0.7053,2922278.0
1744336800000,0.7053,0.7119,0.7011,0.7051,2277189.0
1744340400000,0.7051,0.7078,0.7024,0.7045,1494933.0
1744344000000,0.7044,0.7079,0.702,0.7034,948352.0
1744347600000,0.7035,0.7137,0.7025,0.7127,1965689.0
1744351200000,0.7127,0.7222,0.7122,0.72,2663206.0
1744354800000,0.7201,0.724,0.7139,0.7222,2114995.0
1744358400000,0.7223,0.7266,0.7088,0.7104,3596145.0
1744362000000,0.7104,0.7189,0.7069,0.7174,2394879.0
1744365600000,0.7174,0.7243,0.7114,0.7173,2488533.0
1744369200000,0.7171,0.719,0.7117,0.7137,961210.0
1744372800000,0.7138,0.719,0.7107,0.7134,2157355.0
1744376400000,0.7134,0.7262,0.711,0.7221,2381160.0
1744380000000,0.722,0.7231,0.7132,0.7184,3320533.0
1744383600000,0.7183,0.7269,0.714,0.7243,2139112.0
1744387200000,0.7243,0.7288,0.7177,0.723,1966422.0
1744390800000,0.7231,0.7346,0.7223,0.7324,2140521.0
1744394400000,0.7325,0.7415,0.7316,0.7377,2179084.0
1744398000000,0.7377,0.7434,0.7318,0.7331,1081577.0
1744401600000,0.7331,0.7409,0.7314,0.7402,776126.0
1744405200000,0.7403,0.7498,0.7401,0.7426,1296494.0
1744408800000,0.7426,0.7465,0.7413,0.743,1028415.0
1744412400000,0.7431,0.7439,0.7377,0.7399,1163595.0
1744416000000,0.7398,0.7436,0.7346,0.7398,2073492.0
1744419600000,0.7397,0.7423,0.7369,0.7397,1209118.0
1744423200000,0.7397,0.7431,0.7334,0.7337,1822395.0
1744426800000,0.7337,0.7383,0.729,0.7326,1723541.0
1744430400000,0.7326,0.7403,0.7278,0.7395,1746173.0
1744434000000,0.7397,0.7443,0.7375,0.7423,1038959.0
1744437600000,0.7422,0.7573,0.7405,0.752,4132791.0
1744441200000,0.752,0.7568,0.7491,0.7525,1445287.0
1744444800000,0.7526,0.7672,0.7498,0.7621,3312784.0
1744448400000,0.7621,0.7665,0.7516,0.7523,2201700.0
1744452000000,0.7522,0.7539,0.7461,0.7529,1941883.0
1744455600000,0.7529,0.7652,0.7529,0.7582,1815262.0
1744459200000,0.7582,0.7691,0.755,0.7625,2303509.0
1744462800000,0.7625,0.7735,0.7591,0.7697,2784786.0
1744466400000,0.7696,0.7889,0.7673,0.7846,4144266.0
1744470000000,0.7848,0.7888,0.779,0.7848,2609724.0
1744473600000,0.7847,0.7885,0.7792,0.7836,1583505.0
1744477200000,0.7837,0.7855,0.7747,0.7753,1087989.0
1744480800000,0.7751,0.7811,0.7741,0.7797,760559.0
1744484400000,0.7797,0.7806,0.7731,0.7763,725235.0
1744488000000,0.7763,0.7813,0.7741,0.7776,1051089.0
1744491600000,0.7774,0.7836,0.7762,0.7793,865838.0
1744495200000,0.7792,0.789,0.7779,0.7841,1452011.0
1744498800000,0.7842,0.7847,0.7794,0.7813,1140399.0
1744502400000,0.7812,0.7875,0.7791,0.7851,1394062.0
1744506000000,0.7852,0.7861,0.7724,0.7746,1872913.0
1744509600000,0.7746,0.776,0.7701,0.773,1715313.0
1744513200000,0.7729,0.7741,0.7671,0.7727,1961454.0
1744516800000,0.7727,0.773,0.7664,0.7686,1679640.0
1744520400000,0.7686,0.7707,0.7631,0.7646,1410208.0
1744524000000,0.7647,0.7739,0.7638,0.7734,1317191.0
1744527600000,0.7734,0.7809,0.7707,0.7724,1593988.0
1744531200000,0.7724,0.7796,0.7701,0.7773,1123258.0
1744534800000,0.7773,0.7919,0.7743,0.7909,1878431.0
1744538400000,0.7909,0.7916,0.7801,0.7814,2044651.0
1744542000000,0.7815,0.7825,0.7716,0.7812,1641468.0
1744545600000,0.781,0.785,0.7768,0.7788,1770956.0
1744549200000,0.7786,0.7838,0.7616,0.7654,3003498.0
1744552800000,0.7654,0.7689,0.7589,0.7658,3012117.0
1744556400000,0.7657,0.766,0.7595,0.7647,1664325.0
1744560000000,0.7646,0.7712,0.762,0.7673,1725601.0
1744563600000,0.767,0.787,0.7649,0.7836,2795575.0
1744567200000,0.7836,0.788,0.7772,0.7799,3003331.0
1744570800000,0.7799,0.7813,0.7418,0.7535,6151233.0
1744574400000,0.7536,0.7608,0.7433,0.7455,2653974.0
1744578000000,0.7453,0.746,0.7289,0.7361,3722680.0
1744581600000,0.7361,0.7412,0.7286,0.7304,2025203.0
1744585200000,0.7306,0.7449,0.7287,0.7435,1724918.0
1744588800000,0.7435,0.7606,0.7396,0.7483,3332689.0
1744592400000,0.7483,0.7576,0.7474,0.7576,1624440.0
1744596000000,0.7577,0.7795,0.7513,0.7615,3566722.0
1744599600000,0.7614,0.762,0.7524,0.7548,1717743.0
1744603200000,0.755,0.7642,0.7515,0.7629,1572406.0
1744606800000,0.7631,0.7644,0.7482,0.7513,1477124.0
1744610400000,0.7513,0.7529,0.7462,0.7484,1721053.0
1744614000000,0.7483,0.7523,0.7432,0.7508,2353458.0
1744617600000,0.7508,0.7579,0.7472,0.7535,1798767.0
1744621200000,0.7535,0.7581,0.7476,0.7524,1363408.0
1744624800000,0.7523,0.7687,0.7522,0.7669,3033443.0
1744628400000,0.767,0.7726,0.7642,0.7656,1800563.0
1744632000000,0.7658,0.7671,0.7603,0.7644,1205194.0
1744635600000,0.7645,0.7663,0.7444,0.7472,2957241.0
1744639200000,0.7471,0.7742,0.7453,0.7698,4752157.0
1744642800000,0.7697,0.771,0.7349,0.7378,5604953.0
1744646400000,0.7379,0.7451,0.7333,0.7393,2700820.0
1744650000000,0.7394,0.7514,0.7392,0.7506,1784537.0
1744653600000,0.7507,0.7549,0.7498,0.7523,1045652.0
1744657200000,0.7522,0.7565,0.7489,0.752,1080787.0
1744660800000,0.7521,0.7554,0.7468,0.7484,676296.0
1744664400000,0.7484,0.7497,0.7396,0.7464,1036696.0
1744668000000,0.7465,0.7465,0.7381,0.7405,678698.0
1744671600000,0.7406,0.7439,0.7382,0.7403,754742.0
1744675200000,0.7405,0.7415,0.733,0.7371,1489195.0
1744678800000,0.7366,0.7386,0.7259,0.7376,2479587.0
1744682400000,0.7378,0.7394,0.7276,0.7358,1663517.0
1744686000000,0.736,0.7474,0.7353,0.7436,2222802.0
1744689600000,0.7437,0.7453,0.7358,0.7429,1286718.0
1744693200000,0.7428,0.7494,0.7418,0.7444,1337803.0
1744696800000,0.7443,0.7449,0.7374,0.7424,2006072.0
1744700400000,0.7425,0.75,0.7416,0.7476,1362358.0
1744704000000,0.7475,0.7481,0.7434,0.7457,1247135.0
1744707600000,0.7456,0.7524,0.7429,0.7524,1546379.0
1744711200000,0.7523,0.7534,0.7363,0.7395,2191484.0
1744714800000,0.7395,0.74,0.7327,0.7379,1359884.0
1744718400000,0.7379,0.7425,0.7286,0.7385,2412681.0
1744722000000,0.7386,0.7498,0.7339,0.7359,2929143.0
1744725600000,0.7359,0.7402,0.7201,0.7304,4174551.0
1744729200000,0.7306,0.7417,0.7297,0.7312,3614802.0
1744732800000,0.7313,0.7369,0.7292,0.7314,1800017.0
1744736400000,0.7316,0.7348,0.7181,0.7222,2404198.0
1744740000000,0.7221,0.7249,0.7144,0.7212,1580449.0
1744743600000,0.7213,0.7239,0.7163,0.7192,1101333.0
1744747200000,0.719,0.7254,0.7125,0.716,884459.0
1744750800000,0.716,0.7201,0.7082,0.7184,1119245.0
1744754400000,0.7183,0.7194,0.7064,0.7104,1582195.0
1744758000000,0.7104,0.713,0.7059,0.7087,1045567.0
1744761600000,0.7087,0.7145,0.7029,0.7086,1821216.0
1744765200000,0.7085,0.7197,0.7074,0.7174,1247474.0
1744768800000,0.7174,0.7204,0.7146,0.7165,1099274.0
1744772400000,0.7167,0.7191,0.7128,0.7133,746348.0
1744776000000,0.7132,0.7148,0.7063,0.7115,1560107.0
1744779600000,0.7115,0.7162,0.7041,0.7079,2535600.0
1744783200000,0.7079,0.7134,0.7062,0.712,957251.0
1744786800000,0.712,0.713,0.7016,0.7053,1408927.0
1744790400000,0.7052,0.7143,0.6985,0.7098,2640698.0
1744794000000,0.7097,0.7123,0.7004,0.7014,1885411.0
1744797600000,0.7014,0.7058,0.7002,0.7029,1088601.0
1744801200000,0.7028,0.7037,0.6941,0.6997,2084089.0
1744804800000,0.6997,0.7013,0.6915,0.692,2550971.0
1744808400000,0.6921,0.7012,0.6906,0.6934,1791128.0
1744812000000,0.6933,0.7099,0.6933,0.7046,2269062.0
1744815600000,0.7046,0.7143,0.7011,0.702,2205067.0
1744819200000,0.702,0.7042,0.6867,0.6959,3587277.0
1744822800000,0.6958,0.7096,0.6763,0.6791,7008302.0
1744826400000,0.6793,0.7015,0.6788,0.6933,3439843.0
1744830000000,0.6934,0.702,0.6852,0.6984,2906015.0
1744833600000,0.6982,0.7073,0.6908,0.6914,1502172.0
1744837200000,0.6914,0.7013,0.6898,0.6979,1347395.0
1744840800000,0.698,0.7001,0.6949,0.6975,742620.0
1744844400000,0.6975,0.6978,0.6872,0.6915,1501345.0
1744848000000,0.6914,0.6934,0.6881,0.6924,1043653.0
1744851600000,0.6923,0.6981,0.6899,0.6935,1237595.0
1744855200000,0.6934,0.6934,0.6885,0.6911,1010665.0
1744858800000,0.6912,0.6949,0.6868,0.6908,1295007.0
1744862400000,0.6908,0.6975,0.6891,0.6965,1045582.0
1744866000000,0.6966,0.7073,0.6963,0.7055,2611143.0
1744869600000,0.7055,0.7117,0.7049,0.7082,1750922.0
1744873200000,0.7083,0.713,0.707,0.7079,1478033.0
1744876800000,0.708,0.7093,0.6988,0.6992,2305492.0
1744880400000,0.6993,0.7012,0.6973,0.6981,1823177.0
1744884000000,0.6981,0.6984,0.6919,0.6958,2629353.0
1744887600000,0.6959,0.7038,0.6949,0.7009,1684062.0
1744891200000,0.7009,0.7053,0.6996,0.7013,1882142.0
1744894800000,0.7013,0.7015,0.6939,0.6962,2072088.0
1744898400000,0.6961,0.697,0.6815,0.6849,4622844.0
1744902000000,0.6847,0.6979,0.6844,0.6955,3433881.0
1744905600000,0.6955,0.7116,0.6921,0.7077,4794705.0
1744909200000,0.7077,0.7159,0.7051,0.7124,1834048.0
1744912800000,0.7125,0.7174,0.7086,0.7087,1301447.0
1744916400000,0.7088,0.7098,0.6947,0.7012,2370996.0
1744920000000,0.7012,0.7084,0.7012,0.7063,1402861.0
1744923600000,0.7063,0.7085,0.7024,0.705,830011.0
1744927200000,0.705,0.7071,0.694,0.6945,1386312.0
1744930800000,0.6945,0.7024,0.6943,0.7004,1670465.0
1744934400000,0.7003,0.7022,0.6941,0.6953,1391511.0
1744938000000,0.6953,0.7032,0.692,0.6991,1433734.0
1744941600000,0.6991,0.7042,0.6962,0.7017,878954.0
1744945200000,0.7016,0.7025,0.6963,0.7011,923211.0
1744948800000,0.7011,0.7107,0.7002,0.7088,1410821.0
1744952400000,0.7086,0.7129,0.7055,0.7121,1473991.0
1744956000000,0.7119,0.7144,0.7083,0.7104,1508932.0
1744959600000,0.7104,0.7178,0.7079,0.7163,2539738.0
1744963200000,0.7164,0.7253,0.7159,0.7221,2763569.0
1744966800000,0.7221,0.7233,0.7183,0.7197,1465577.0
1744970400000,0.7196,0.7214,0.7129,0.7143,1393806.0
1744974000000,0.7144,0.7184,0.7131,0.7157,1436422.0
1744977600000,0.7158,0.7222,0.7134,0.7187,1270526.0
1744981200000,0.7186,0.7188,0.7124,0.7145,1504417.0
1744984800000,0.7146,0.7171,0.7077,0.71,1947787.0
1744988400000,0.71,0.7107,0.6992,0.703,3184419.0
1744992000000,0.703,0.707,0.701,0.7044,1772582.0
1744995600000,0.7044,0.7096,0.7021,0.7085,1119045.0
1744999200000,0.7086,0.7098,0.7056,0.7079,1098441.0
1745002800000,0.7079,0.7106,0.7042,0.7061,578162.0
1745006400000,0.706,0.7079,0.7043,0.7069,601983.0
1745010000000,0.707,0.7091,0.7048,0.7081,560469.0
1745013600000,0.7082,0.7085,0.7021,0.7032,811533.0
1745017200000,0.7032,0.71,0.7016,0.7093,910530.0
1745020800000,0.7093,0.7101,0.7056,0.7066,907010.0
1745024400000,0.7068,0.7109,0.7062,0.7094,904510.0
1745028000000,0.7095,0.7156,0.7082,0.7146,1075603.0
1745031600000,0.7147,0.7223,0.7141,0.7176,2028830.0
1745035200000,0.7175,0.7214,0.7155,0.7175,1965225.0
1745038800000,0.7175,0.7176,0.7137,0.714,889715.0
1745042400000,0.714,0.7144,0.7107,0.712,1291750.0
1745046000000,0.712,0.7192,0.712,0.7173,823998.0
1745049600000,0.7173,0.7185,0.7142,0.7164,711007.0
1745053200000,0.7163,0.7198,0.7137,0.714,1782719.0
1745056800000,0.714,0.7164,0.7121,0.715,557479.0
1745060400000,0.7151,0.7296,0.715,0.7209,4324039.0
1745064000000,0.7209,0.7247,0.7162,0.7176,2089452.0
1745067600000,0.7175,0.7239,0.7161,0.7232,1310517.0
1745071200000,0.7233,0.7261,0.7214,0.7243,1122218.0
1745074800000,0.7243,0.7288,0.7212,0.7236,1137087.0
1745078400000,0.7236,0.7277,0.7217,0.7231,1101640.0
1745082000000,0.7232,0.7401,0.7232,0.7399,2777479.0
1745085600000,0.7398,0.7612,0.7392,0.7612,5261123.0
1745089200000,0.7611,0.7688,0.7466,0.7512,4734565.0
1745092800000,0.7513,0.7646,0.7488,0.7631,1836002.0
1745096400000,0.7631,0.7675,0.7605,0.7658,1797477.0
1745100000000,0.7658,0.7737,0.7634,0.7661,1761087.0
1745103600000,0.7662,0.7695,0.7616,0.769,1345157.0
1745107200000,0.7691,0.7702,0.7536,0.754,2288782.0
1745110800000,0.754,0.7611,0.7538,0.759,1153838.0
1745114400000,0.759,0.7619,0.756,0.7582,845671.0
1745118000000,0.7584,0.7632,0.7566,0.759,1068462.0
1745121600000,0.7591,0.7622,0.7559,0.7606,1102659.0
1745125200000,0.7605,0.7641,0.7565,0.7572,861670.0
1745128800000,0.7571,0.7671,0.7551,0.7663,1598782.0
1745132400000,0.7664,0.767,0.7533,0.755,2545337.0
1745136000000,0.7549,0.7567,0.7491,0.7517,2196084.0
1745139600000,0.7517,0.7526,0.744,0.7488,2337812.0
1745143200000,0.7485,0.7537,0.7391,0.744,3932674.0
1745146800000,0.7439,0.7469,0.7388,0.745,1644110.0
1745150400000,0.7449,0.7547,0.7447,0.7498,2024646.0
1745154000000,0.7497,0.7596,0.7488,0.7571,1715642.0
1745157600000,0.7572,0.7703,0.7555,0.7691,3416437.0
1745161200000,0.7691,0.7737,0.7591,0.7624,2580443.0
1745164800000,0.7624,0.7832,0.762,0.7755,4399126.0
1745168400000,0.7754,0.7756,0.767,0.773,1338580.0
1745172000000,0.7729,0.7774,0.769,0.7773,3081184.0
1745175600000,0.7773,0.7845,0.7761,0.7821,1265821.0
1745179200000,0.7821,0.7894,0.7794,0.7833,1439937.0
1745182800000,0.7835,0.784,0.7789,0.7819,799491.0
1745186400000,0.7818,0.7832,0.7767,0.7774,762192.0
1745190000000,0.7773,0.7814,0.7744,0.7773,863564.0
1745193600000,0.7773,0.7925,0.7758,0.7899,3661894.0
1745197200000,0.7899,0.7949,0.7858,0.7909,2138803.0
1745200800000,0.791,0.7931,0.7815,0.7836,2012096.0
1745204400000,0.7836,0.7866,0.7795,0.7808,1243938.0
1745208000000,0.7809,0.785,0.7792,0.7837,968200.0
1745211600000,0.7835,0.7898,0.7813,0.7872,1380058.0
1745215200000,0.7872,0.7996,0.7869,0.7938,2415667.0
1745218800000,0.7937,0.7937,0.7852,0.7907,1680098.0
1745222400000,0.7907,0.7927,0.788,0.7922,935293.0
1745226000000,0.7922,0.7944,0.7861,0.7906,1458516.0
1745229600000,0.7906,0.7966,0.7891,0.795,1763612.0
1745233200000,0.7951,0.7952,0.7834,0.7885,1640557.0
1745236800000,0.7884,0.7929,0.7859,0.7918,1231476.0
1745240400000,0.7917,0.7971,0.7865,0.7871,2238505.0
1745244000000,0.7871,0.8022,0.7849,0.7959,3201161.0
1745247600000,0.7957,0.7962,0.7865,0.7919,1391922.0
1745251200000,0.7918,0.7973,0.7806,0.7815,2268284.0
1745254800000,0.7816,0.7818,0.7689,0.777,3808373.0
1745258400000,0.777,0.7773,0.7679,0.7694,1986741.0
1745262000000,0.7693,0.7789,0.7684,0.7757,1192745.0
1745265600000,0.7757,0.7782,0.7698,0.775,691910.0
1745269200000,0.7749,0.775,0.7694,0.7697,526367.0
1745272800000,0.7697,0.7706,0.7625,0.767,1245844.0
1745276400000,0.767,0.7673,0.7611,0.7656,1334462.0
1745280000000,0.7656,0.7672,0.7484,0.7593,3905270.0
1745283600000,0.7593,0.7773,0.757,0.7759,2964920.0
1745287200000,0.7758,0.7809,0.7656,0.7683,2488961.0
1745290800000,0.7683,0.7759,0.7634,0.7733,3052713.0
1745294400000,0.7732,0.779,0.766,0.7665,1677884.0
1745298000000,0.7665,0.7707,0.7652,0.7695,1477580.0
1745301600000,0.7695,0.7736,0.7583,0.7636,2602467.0
1745305200000,0.7637,0.7856,0.7631,0.7848,3269696.0
1745308800000,0.7847,0.7924,0.7808,0.7827,3482537.0
1745312400000,0.7827,0.785,0.7747,0.7785,2174305.0
1745316000000,0.7784,0.7834,0.775,0.781,1155022.0
1745319600000,0.7809,0.7944,0.7809,0.7926,1832457.0
1745323200000,0.7926,0.7958,0.7866,0.7912,1707397.0
1745326800000,0.7913,0.8023,0.7887,0.7957,4039080.0
1745330400000,0.7958,0.8025,0.7906,0.802,3299613.0
1745334000000,0.8021,0.8142,0.7949,0.8003,5747336.0
1745337600000,0.8003,0.8029,0.7893,0.7926,1679492.0
1745341200000,0.7926,0.8023,0.7924,0.7956,2733719.0
1745344800000,0.7956,0.8029,0.7955,0.8029,806871.0
1745348400000,0.8027,0.8028,0.793,0.7996,949906.0
1745352000000,0.7996,0.8052,0.7987,0.8021,787475.0
1745355600000,0.802,0.8332,0.8008,0.8252,2787278.0
1745359200000,0.8254,0.8337,0.823,0.8306,1790153.0
1745362800000,0.8307,0.8417,0.8297,0.8391,3102208.0
1745366400000,0.8392,0.8585,0.836,0.8548,6953751.0
1745370000000,0.855,0.869,0.8478,0.85,6428910.0
1745373600000,0.85,0.8624,0.8494,0.8588,2698469.0
1745377200000,0.8587,0.8662,0.8538,0.8633,2440756.0
1745380800000,0.8633,0.8718,0.8583,0.8708,3287620.0
1745384400000,0.8707,0.8729,0.8618,0.8669,2443941.0
1745388000000,0.867,0.873,0.864,0.866,2002398.0
1745391600000,0.866,0.8685,0.8573,0.862,2273162.0
1745395200000,0.8621,0.8642,0.8546,0.8626,1892901.0
1745398800000,0.8626,0.874,0.8626,0.8647,2652276.0
1745402400000,0.8647,0.873,0.8564,0.8706,3265377.0
1745406000000,0.8706,0.8721,0.8615,0.8655,1524627.0
1745409600000,0.8655,0.8774,0.8635,0.8712,2790376.0
1745413200000,0.8712,0.8829,0.8558,0.8581,6896962.0
1745416800000,0.8582,0.8717,0.8543,0.8556,3881564.0
1745420400000,0.8557,0.8592,0.8371,0.8583,5114541.0
1745424000000,0.8582,0.8667,0.8462,0.8647,3495002.0
1745427600000,0.8645,0.873,0.8619,0.8679,3109877.0
1745431200000,0.8679,0.8764,0.8661,0.867,1472167.0
1745434800000,0.867,0.869,0.8534,0.8561,1985457.0
1745438400000,0.856,0.8657,0.856,0.8646,629688.0
1745442000000,0.8644,0.8678,0.8543,0.8578,1240168.0
1745445600000,0.858,0.8683,0.8563,0.8674,933943.0
1745449200000,0.8674,0.8695,0.8603,0.8633,1010581.0
1745452800000,0.8632,0.8969,0.857,0.8864,8894266.0
1745456400000,0.8862,0.8914,0.8649,0.873,4483308.0
1745460000000,0.873,0.8862,0.8672,0.8687,3998404.0
1745463600000,0.8689,0.8716,0.8489,0.85,4595335.0
1745467200000,0.8499,0.8658,0.8477,0.8651,3562127.0
1745470800000,0.8653,0.8705,0.8614,0.8674,2089918.0
1745474400000,0.8674,0.8727,0.8515,0.853,2794091.0
1745478000000,0.8531,0.8581,0.8352,0.8372,4068357.0
1745481600000,0.8372,0.8578,0.8372,0.8462,6511211.0
1745485200000,0.8463,0.855,0.8445,0.854,1852831.0
1745488800000,0.854,0.8587,0.8484,0.8571,1498521.0
1745492400000,0.857,0.8631,0.852,0.8573,1605713.0
1745496000000,0.8573,0.8628,0.8527,0.8593,1745793.0
1745499600000,0.8592,0.8826,0.8575,0.8741,5190169.0
1745503200000,0.874,0.9107,0.8734,0.9039,9496639.0
1745506800000,0.9038,0.9263,0.8961,0.9085,6625742.0
1745510400000,0.9085,0.9091,0.8977,0.9025,3383024.0
1745514000000,0.9024,0.9066,0.8804,0.8868,5295914.0
1745517600000,0.8866,0.8957,0.8817,0.8869,1854786.0
1745521200000,0.887,0.8919,0.8822,0.8881,1389705.0
1745524800000,0.8881,0.8945,0.885,0.8875,1180263.0
1745528400000,0.8874,0.8882,0.8763,0.8836,1838311.0
1745532000000,0.8836,0.9056,0.8798,0.8933,2640453.0
1745535600000,0.8932,0.9215,0.8912,0.9203,3223387.0
1745539200000,0.9203,0.9229,0.9068,0.9114,2105652.0
1745542800000,0.9113,0.9246,0.9002,0.9084,4524382.0
1745546400000,0.9083,0.9137,0.8985,0.9073,2575540.0
1745550000000,0.9074,0.9157,0.8929,0.8978,4813868.0
1745553600000,0.8977,0.9102,0.8954,0.9037,2104505.0
1745557200000,0.9037,0.9209,0.9013,0.9198,1861464.0
1745560800000,0.9197,0.9428,0.9162,0.9401,5550777.0
1745564400000,0.9403,0.9631,0.932,0.9615,6223386.0
1745568000000,0.9614,0.9834,0.9508,0.9744,7589324.0
1745571600000,0.9745,0.9868,0.9601,0.9801,5895537.0
1745575200000,0.98,0.9828,0.965,0.9724,4709526.0
1745578800000,0.9725,0.9965,0.9724,0.9931,5884261.0
1745582400000,0.9931,1.0025,0.9697,0.9746,7900018.0
1745586000000,0.9744,0.9879,0.9633,0.9751,5337458.0
1745589600000,0.9752,0.9884,0.9748,0.9832,4516752.0
1745593200000,0.9833,0.9946,0.9741,0.9805,4720258.0
1745596800000,0.9805,0.9848,0.9615,0.9731,3321016.0
1745600400000,0.973,0.988,0.9671,0.9683,3131200.0
1745604000000,0.9684,0.9828,0.9641,0.9745,1599140.0
1745607600000,0.9746,0.9834,0.9695,0.9828,799599.0
1745611200000,0.983,1.0314,0.9811,1.0279,7442369.0
1745614800000,1.0279,1.0645,1.0239,1.0338,9432242.0
1745618400000,1.0338,1.0658,1.018,1.0647,5799024.0
1745622000000,1.0647,1.0745,1.043,1.0469,6222859.0
1745625600000,1.047,1.1623,1.047,1.1533,24660342.0
1745629200000,1.1532,1.1963,1.134,1.1765,23790394.0
1745632800000,1.1763,1.1768,1.1502,1.1624,9487643.0
1745636400000,1.1626,1.2008,1.1502,1.1747,12228248.0
1745640000000,1.1747,1.1791,1.1516,1.1637,9579005.0
1745643600000,1.1636,1.1665,1.1234,1.1412,11553981.0
1745647200000,1.1413,1.2039,1.1346,1.1811,11948327.0
1745650800000,1.1811,1.1934,1.1673,1.1745,8639757.0
1745654400000,1.1745,1.1781,1.1343,1.1419,10125972.0
1745658000000,1.1419,1.1436,1.1299,1.141,5759178.0
1745661600000,1.1409,1.1581,1.1341,1.148,5073123.0
1745665200000,1.148,1.1496,1.0858,1.0925,15124087.0
1745668800000,1.0924,1.1097,1.0878,1.0921,6189410.0
1745672400000,1.0921,1.1001,1.0737,1.0809,7459425.0
1745676000000,1.0809,1.0991,1.0703,1.0921,6425002.0
1745679600000,1.0922,1.1161,1.0917,1.109,5370577.0
1745683200000,1.1088,1.1358,1.1019,1.1254,6630598.0
1745686800000,1.1254,1.1492,1.1251,1.1332,7127058.0
1745690400000,1.1331,1.1557,1.1316,1.1508,3225137.0
1745694000000,1.1506,1.1855,1.1464,1.1816,7170906.0
1745697600000,1.1814,1.1847,1.1559,1.1643,4878818.0
1745701200000,1.1644,1.1826,1.162,1.1678,3520321.0
1745704800000,1.1676,1.2087,1.1666,1.2029,5340731.0
1745708400000,1.2032,1.2586,1.1964,1.2157,16260419.0
1745712000000,1.2159,1.228,1.1873,1.198,10441379.0
1745715600000,1.1978,1.211,1.1502,1.1572,12392875.0
1745719200000,1.1572,1.1845,1.1541,1.1788,5834751.0
1745722800000,1.1788,1.2267,1.1787,1.2197,9368046.0
1745726400000,1.2197,1.2359,1.1758,1.1909,12849363.0
1745730000000,1.1907,1.2137,1.1865,1.2003,7686378.0
1745733600000,1.2004,1.2235,1.1772,1.1789,9401843.0
1745737200000,1.179,1.2058,1.1785,1.2048,6127639.0
1745740800000,1.2048,1.2054,1.1715,1.1896,6309296.0
1745744400000,1.1897,1.1924,1.1708,1.1798,4484810.0
1745748000000,1.1796,1.1898,1.1727,1.1852,3294800.0
1745751600000,1.1852,1.194,1.1562,1.1661,6746481.0
1745755200000,1.1659,1.1695,1.135,1.1466,8607293.0
1745758800000,1.1467,1.1627,1.1328,1.1613,7684824.0
1745762400000,1.1613,1.1668,1.1363,1.1386,5823081.0
1745766000000,1.1386,1.1407,1.122,1.1362,5268063.0
1745769600000,1.1362,1.1405,1.1156,1.1197,6031176.0
1745773200000,1.1195,1.1354,1.1083,1.1241,4409897.0
1745776800000,1.1239,1.1351,1.1185,1.1258,1891174.0
1745780400000,1.126,1.152,1.1213,1.139,3891833.0
1745784000000,1.1389,1.1402,1.1277,1.1288,1603786.0
1745787600000,1.129,1.1516,1.1244,1.1376,2210906.0
1745791200000,1.1374,1.1437,1.1252,1.1407,2683081.0
1745794800000,1.1403,1.1413,1.1221,1.1229,2156844.0
1745798400000,1.123,1.138,1.1057,1.1127,8162189.0
1745802000000,1.1127,1.1181,1.0618,1.0941,15657402.0
1745805600000,1.0941,1.1173,1.0795,1.1125,5543837.0
1745809200000,1.1125,1.1206,1.103,1.1139,2936587.0
1745812800000,1.1137,1.1196,1.1026,1.1128,3085051.0
1745816400000,1.1129,1.1211,1.1109,1.1159,3674093.0
1745820000000,1.1157,1.1863,1.1123,1.1507,13008331.0
1745823600000,1.1508,1.1691,1.1457,1.1605,6145687.0
1745827200000,1.1606,1.1818,1.1404,1.1475,8238087.0
1745830800000,1.1475,1.1614,1.1413,1.1573,4488399.0
1745834400000,1.1574,1.1747,1.1406,1.1582,6985453.0
1745838000000,1.1581,1.1646,1.1351,1.1376,4989789.0
1745841600000,1.1375,1.1379,1.1104,1.1205,8373667.0
1745845200000,1.1206,1.1765,1.1191,1.1258,14896444.0
1745848800000,1.1259,1.1379,1.1011,1.11,8745488.0
1745852400000,1.1099,1.1258,1.0951,1.1106,7874597.0
1745856000000,1.1106,1.1185,1.0954,1.1097,5563662.0
1745859600000,1.1096,1.1398,1.1095,1.1362,3656807.0
1745863200000,1.136,1.1388,1.1126,1.1253,2501942.0
1745866800000,1.1251,1.147,1.1227,1.1454,2757387.0
1745870400000,1.1452,1.1475,1.1267,1.1311,1594545.0
1745874000000,1.131,1.1344,1.1135,1.1336,2003424.0
1745877600000,1.1334,1.1453,1.1247,1.1425,1992408.0
1745881200000,1.1426,1.143,1.1267,1.1283,2035065.0
1745884800000,1.1284,1.1346,1.1107,1.12,4143853.0
1745888400000,1.1199,1.1364,1.1126,1.1164,4208759.0
1745892000000,1.1163,1.1504,1.1068,1.1449,6019134.0
1745895600000,1.1451,1.1628,1.13,1.1535,5241251.0
1745899200000,1.1536,1.1716,1.1347,1.1536,7560599.0
1745902800000,1.1536,1.1733,1.1381,1.1639,5411120.0
1745906400000,1.164,1.1876,1.1352,1.1513,11113618.0
1745910000000,1.1514,1.1718,1.1457,1.1651,5363086.0
1745913600000,1.1651,1.1703,1.1505,1.1529,3252733.0
1745917200000,1.153,1.1562,1.1389,1.145,3340370.0
1745920800000,1.1447,1.1499,1.1167,1.1216,5494855.0
1745924400000,1.1215,1.131,1.1189,1.1252,3173771.0
1745928000000,1.1253,1.128,1.0785,1.0928,9939240.0
1745931600000,1.0929,1.1008,1.0887,1.0967,3604522.0
1745935200000,1.097,1.1072,1.0924,1.1024,4384771.0
1745938800000,1.1024,1.1205,1.0985,1.1022,3542465.0
1745942400000,1.1022,1.1093,1.0908,1.0945,3045819.0
1745946000000,1.0944,1.0976,1.0772,1.0926,3727816.0
1745949600000,1.0927,1.1003,1.0893,1.0917,1621613.0
1745953200000,1.0915,1.0931,1.0756,1.0821,2520468.0
1745956800000,1.0821,1.1074,1.0674,1.099,5684428.0
1745960400000,1.099,1.1096,1.0894,1.1074,2579366.0
1745964000000,1.1076,1.1077,1.0791,1.0822,2701524.0
1745967600000,1.0818,1.0905,1.0702,1.086,3344469.0
1745971200000,1.0859,1.0989,1.0794,1.0835,2712134.0
1745974800000,1.0835,1.0867,1.0638,1.0716,3365405.0
1745978400000,1.0717,1.082,1.0683,1.0781,2002746.0
1745982000000,1.0781,1.0847,1.0698,1.0811,1591632.0
1745985600000,1.0809,1.0933,1.0744,1.0885,2139170.0
1745989200000,1.0886,1.0899,1.0726,1.0778,2019924.0
1745992800000,1.0778,1.102,1.0751,1.0915,3289511.0
1745996400000,1.0914,1.0918,1.0721,1.0766,3703996.0
1746000000000,1.0764,1.0816,1.0725,1.0748,1672925.0
1746003600000,1.0749,1.0882,1.0748,1.079,2026163.0
1746007200000,1.0792,1.081,1.0666,1.0794,2715262.0
1746010800000,1.0797,1.0832,1.0728,1.0751,1991637.0
1746014400000,1.0751,1.0752,1.0322,1.0501,12205298.0
1746018000000,1.0501,1.0517,1.0043,1.0067,10381770.0
1746021600000,1.0065,1.046,1.0036,1.0403,6710789.0
1746025200000,1.0403,1.0698,1.0394,1.0649,4728645.0
1746028800000,1.065,1.12,1.0501,1.1116,22608038.0
1746032400000,1.1114,1.158,1.1033,1.1395,19590666.0
1746036000000,1.1395,1.1549,1.114,1.1299,9359712.0
1746039600000,1.1299,1.1323,1.1141,1.1195,4000736.0
1746043200000,1.1197,1.1522,1.1184,1.1421,6163296.0
1746046800000,1.142,1.1449,1.1262,1.134,1869528.0
1746050400000,1.1339,1.1699,1.1339,1.1391,4908731.0
1746054000000,1.139,1.1512,1.1168,1.1269,5880156.0
1746057600000,1.1272,1.1582,1.1215,1.1508,4905479.0
1746061200000,1.1512,1.1654,1.1056,1.1122,10251225.0
1746064800000,1.1124,1.1166,1.018,1.0577,37214310.0
1746068400000,1.0578,1.0727,1.0319,1.0343,8763799.0
1746072000000,1.0344,1.0395,1.0118,1.0297,12392458.0
1746075600000,1.0298,1.0534,1.0269,1.0452,6000517.0
1746079200000,1.0452,1.0513,1.0233,1.0428,6129466.0
1746082800000,1.0428,1.0578,1.0422,1.052,4257799.0
1746086400000,1.052,1.0749,1.0486,1.0707,6360743.0
1746090000000,1.0706,1.0896,1.0688,1.0879,6440752.0
1746093600000,1.088,1.104,1.0715,1.0808,9005261.0
1746097200000,1.0809,1.095,1.0723,1.0918,4999425.0
1746100800000,1.0918,1.0951,1.0758,1.0827,3816793.0
1746104400000,1.0827,1.0869,1.0458,1.0495,8896839.0
1746108000000,1.0495,1.0794,1.0494,1.0735,7512199.0
1746111600000,1.0733,1.0893,1.0674,1.0762,9487877.0
1746115200000,1.0764,1.0877,1.0621,1.0649,4290163.0
1746118800000,1.0649,1.0883,1.0573,1.0677,4653846.0
1746122400000,1.0677,1.0707,1.0546,1.0658,2955832.0
1746126000000,1.0659,1.068,1.0582,1.0596,1138466.0
1746129600000,1.0595,1.0701,1.0469,1.0535,3304592.0
1746133200000,1.0538,1.0613,1.0514,1.0534,1497936.0
1746136800000,1.0537,1.0578,1.0488,1.0562,1768720.0
1746140400000,1.0564,1.059,1.0362,1.0486,4132133.0
1746144000000,1.0486,1.0626,1.0455,1.0594,2721907.0
1746147600000,1.0592,1.0649,1.0489,1.0581,2636754.0
1746151200000,1.0581,1.0655,1.0522,1.0608,2825764.0
1746154800000,1.0611,1.0632,1.038,1.0475,4479341.0
1746158400000,1.0475,1.0493,1.033,1.0389,2851018.0
1746162000000,1.0389,1.0454,1.0332,1.0434,2767649.0
1746165600000,1.0435,1.0463,1.0257,1.0383,3588147.0
1746169200000,1.0384,1.0448,1.0294,1.0316,3139558.0
1746172800000,1.0315,1.0519,1.0307,1.0476,3353943.0
1746176400000,1.0474,1.0477,1.0328,1.0346,2763222.0
1746180000000,1.0347,1.0384,1.018,1.0218,4439902.0
1746183600000,1.0219,1.0337,1.02,1.0234,3226412.0
1746187200000,1.0233,1.036,1.0211,1.0349,3427047.0
1746190800000,1.0348,1.0353,1.0232,1.0325,3173630.0
1746194400000,1.0324,1.0448,1.0303,1.0421,3595147.0
1746198000000,1.0422,1.0461,1.0166,1.0274,6083475.0
1746201600000,1.0272,1.0454,1.0272,1.0307,4326719.0
1746205200000,1.0308,1.0372,1.0232,1.0247,2660995.0
1746208800000,1.0248,1.0309,1.0201,1.023,1776687.0
1746212400000,1.0231,1.0245,1.0102,1.0153,3220969.0
1746216000000,1.0153,1.0248,1.0125,1.0209,1453221.0
1746219600000,1.0212,1.0275,1.0138,1.0193,1770253.0
1746223200000,1.0193,1.0257,1.0164,1.022,1797781.0
1746226800000,1.0219,1.0326,1.0214,1.0306,1499316.0
1746230400000,1.0306,1.0315,1.0168,1.0214,2161336.0
1746234000000,1.0214,1.0251,1.0064,1.0093,4166591.0
1746237600000,1.0095,1.0195,1.006,1.0171,2895629.0
1746241200000,1.0171,1.0252,1.0168,1.0216,1994215.0
1746244800000,1.0214,1.0234,1.0165,1.0229,1197295.0
1746248400000,1.0229,1.0234,1.014,1.0179,1298065.0
1746252000000,1.0179,1.0179,1.0092,1.0114,1933089.0
1746255600000,1.0113,1.0171,1.0058,1.0107,2745179.0
1746259200000,1.0107,1.0188,1.007,1.0135,1853838.0
1746262800000,1.0135,1.0192,0.9904,0.9956,5717424.0
1746266400000,0.9956,0.9975,0.9808,0.9837,5991211.0
1746270000000,0.9838,0.991,0.9824,0.9829,2168192.0
1746273600000,0.9829,0.9973,0.9816,0.9919,2177291.0
1746277200000,0.992,0.9955,0.9821,0.9889,2319934.0
1746280800000,0.9888,0.9905,0.9801,0.9852,2115827.0
1746284400000,0.9852,0.9911,0.9747,0.9782,3005512.0
1746288000000,0.9783,0.9847,0.9673,0.9721,6516746.0
1746291600000,0.9723,0.9728,0.9507,0.9654,8077208.0
1746295200000,0.9655,0.9697,0.9516,0.9588,2633068.0
1746298800000,0.9584,0.9684,0.9552,0.9675,1769528.0
1746302400000,0.9675,0.97,0.9571,0.9608,1471703.0
1746306000000,0.9609,0.9691,0.953,0.957,1969033.0
1746309600000,0.9571,0.9649,0.9515,0.9613,1569781.0
1746313200000,0.9613,0.9624,0.9533,0.9539,1671497.0
1746316800000,0.9541,0.9607,0.9404,0.9445,5454356.0
1746320400000,0.9446,0.9529,0.9356,0.9512,3747018.0
1746324000000,0.9512,0.9632,0.9491,0.9576,2919795.0
1746327600000,0.9575,0.9601,0.9481,0.9546,2138548.0
1746331200000,0.9546,0.9599,0.9481,0.9499,1926237.0
1746334800000,0.9499,0.9638,0.9462,0.958,2438837.0
1746338400000,0.9581,0.9629,0.9482,0.9557,1989734.0
1746342000000,0.9557,0.9561,0.9464,0.9516,1392601.0
1746345600000,0.9517,0.9528,0.9381,0.9428,3087799.0
1746349200000,0.9429,0.946,0.9281,0.9334,4861490.0
1746352800000,0.9333,0.9416,0.9327,0.9371,2344608.0
1746356400000,0.9372,0.9468,0.9371,0.9415,1515670.0
1746360000000,0.9415,0.9485,0.9375,0.9399,1855921.0
1746363600000,0.94,0.9425,0.9252,0.9371,3180476.0
1746367200000,0.9369,0.9479,0.9352,0.9469,2220976.0
1746370800000,0.9466,0.9515,0.9353,0.9424,2963438.0
1746374400000,0.9423,0.9474,0.9321,0.9347,2836727.0
1746378000000,0.9348,0.9397,0.9235,0.9352,2677928.0
1746381600000,0.9353,0.9389,0.9207,0.9247,1694416.0
1746385200000,0.9247,0.9329,0.9237,0.9289,1312795.0
1746388800000,0.9291,0.9394,0.9268,0.936,1331188.0
1746392400000,0.9361,0.9371,0.9271,0.9352,1085253.0
1746396000000,0.9351,0.9353,0.9132,0.9247,3819369.0
1746399600000,0.9246,0.926,0.9148,0.9225,2411908.0
1746403200000,0.9224,0.9317,0.9195,0.9297,1809924.0
1746406800000,0.9297,0.9317,0.9143,0.9177,3311926.0
1746410400000,0.9177,0.9447,0.9144,0.9379,4382282.0
1746414000000,0.9381,0.9442,0.9362,0.9397,1899946.0
1746417600000,0.9398,0.9583,0.9358,0.9573,3938746.0
1746421200000,0.9572,0.9579,0.9462,0.9542,2817054.0
1746424800000,0.9542,0.9562,0.9441,0.9504,2383511.0
1746428400000,0.9506,0.9564,0.9445,0.9549,2423599.0
1746432000000,0.9547,0.9629,0.9527,0.9541,3081002.0
1746435600000,0.9541,0.957,0.9401,0.9428,3420091.0
1746439200000,0.9427,0.9436,0.9144,0.9232,6587023.0
1746442800000,0.9233,0.9287,0.9053,0.9179,7136583.0
1746446400000,0.9179,0.9254,0.9071,0.9136,4079517.0
1746450000000,0.9135,0.9165,0.9031,0.9134,4371322.0
1746453600000,0.9135,0.9211,0.9052,0.9085,3758066.0
1746457200000,0.9084,0.9094,0.8829,0.8888,9487245.0
1746460800000,0.8888,0.8948,0.874,0.8777,6306952.0
1746464400000,0.8777,0.8843,0.8655,0.8813,6798874.0
1746468000000,0.8815,0.8894,0.8769,0.8829,3289080.0
1746471600000,0.8829,0.8865,0.8681,0.871,3622199.0
1746475200000,0.8713,0.872,0.8506,0.8608,6782915.0
1746478800000,0.8608,0.8764,0.8595,0.8695,2471364.0
1746482400000,0.8693,0.8827,0.8683,0.8779,2184767.0
1746486000000,0.8779,0.8795,0.8683,0.8698,1882992.0
1746489600000,0.8699,0.8717,0.8601,0.8683,3276488.0
1746493200000,0.8683,0.8794,0.8651,0.8707,3655764.0
1746496800000,0.8706,0.8755,0.8632,0.8737,2863733.0
1746500400000,0.8736,0.8873,0.8723,0.8859,2992790.0
1746504000000,0.886,0.8898,0.8836,0.8866,2605158.0
1746507600000,0.8867,0.8879,0.8768,0.88,2617664.0
1746511200000,0.88,0.8927,0.8797,0.8918,2296183.0
1746514800000,0.8919,0.8988,0.8816,0.8844,4827950.0
1746518400000,0.8846,0.8859,0.87,0.8831,5412756.0
1746522000000,0.8831,0.8849,0.8724,0.8781,2770733.0
1746525600000,0.8781,0.8781,0.8663,0.8734,3807785.0
1746529200000,0.8734,0.8796,0.8606,0.8684,4630963.0
1746532800000,0.8682,0.8789,0.864,0.8781,2722606.0
1746536400000,0.8781,0.8784,0.8638,0.8715,3292759.0
1746540000000,0.8715,0.8926,0.8714,0.8806,4842888.0
1746543600000,0.8804,0.8917,0.8765,0.8804,2749343.0
1746547200000,0.8805,0.8916,0.8741,0.8818,3468891.0
1746550800000,0.8818,0.8989,0.8814,0.8958,4131682.0
1746554400000,0.8958,0.912,0.8958,0.9097,5864872.0
1746558000000,0.9095,0.91,0.893,0.8971,2819049.0
1746561600000,0.8972,0.9038,0.8868,0.8891,2034109.0
1746565200000,0.889,0.8931,0.8747,0.8885,3105267.0
1746568800000,0.8886,0.914,0.8881,0.9124,5628001.0
1746572400000,0.9124,0.936,0.9118,0.9274,7672323.0
1746576000000,0.9274,0.944,0.9245,0.9426,4969682.0
1746579600000,0.9423,0.957,0.9421,0.9494,5521524.0
1746583200000,0.9495,0.9529,0.9344,0.9371,5010236.0
1746586800000,0.9371,0.9553,0.9305,0.9538,5253190.0
1746590400000,0.9539,0.9618,0.9452,0.9495,5274992.0
1746594000000,0.9495,0.9543,0.9391,0.941,3415334.0
1746597600000,0.9408,0.9506,0.9392,0.9472,2685791.0
1746601200000,0.947,0.9728,0.9465,0.9667,5445744.0
1746604800000,0.9666,0.9667,0.9467,0.9572,5467404.0
1746608400000,0.9571,0.9601,0.95,0.9551,3039000.0
1746612000000,0.9552,0.9562,0.9373,0.9385,4155822.0
1746615600000,0.9385,0.9396,0.9264,0.9359,4731318.0
1746619200000,0.9358,0.9358,0.9251,0.9291,3747723.0
1746622800000,0.929,0.9327,0.917,0.9299,6397653.0
1746626400000,0.9295,0.938,0.9207,0.9258,3903994.0
1746630000000,0.9258,0.9275,0.9142,0.916,3218678.0
1746633600000,0.9159,0.9213,0.9056,0.9203,5556990.0
1746637200000,0.9202,0.924,0.9102,0.9175,2998643.0
1746640800000,0.9175,0.934,0.9116,0.9205,4773215.0
1746644400000,0.9206,0.9226,0.9082,0.9118,2611434.0
1746648000000,0.9118,0.9158,0.9033,0.9125,2576063.0
1746651600000,0.9126,0.9228,0.9063,0.9176,1651013.0
1746655200000,0.9177,0.9343,0.9161,0.9277,2242827.0
1746658800000,0.9277,0.9332,0.9227,0.9287,3090247.0
1746662400000,0.9288,0.9445,0.923,0.9419,3320242.0
1746666000000,0.9418,0.9537,0.939,0.9437,4114163.0
1746669600000,0.9437,0.961,0.941,0.9517,3912725.0
1746673200000,0.9517,0.9713,0.9496,0.9706,4557637.0
1746676800000,0.9705,0.9839,0.9673,0.9707,5993653.0
1746680400000,0.9707,0.9754,0.9626,0.9655,3035627.0
1746684000000,0.9655,0.9759,0.9627,0.9745,2493333.0
1746687600000,0.9745,0.9913,0.9745,0.9815,5960963.0
1746691200000,0.9815,0.9999,0.9812,0.9947,4955844.0
1746694800000,0.9948,1.0121,0.9902,1.0104,4519390.0
1746698400000,1.0104,1.0174,0.9935,1.0088,5839461.0
1746702000000,1.0087,1.0102,0.9949,0.999,4191042.0
1746705600000,0.999,1.0149,0.9945,0.9999,4308247.0
1746709200000,0.9999,1.0046,0.9941,0.9952,3247840.0
1746712800000,0.9953,1.0124,0.9883,1.0004,5516822.0
1746716400000,1.0004,1.0466,0.9981,1.0238,13303980.0
1746720000000,1.0239,1.0327,1.0185,1.0322,4920293.0
1746723600000,1.0322,1.0337,1.0162,1.022,2812536.0
1746727200000,1.022,1.0363,1.0204,1.0274,3049371.0
1746730800000,1.0274,1.0417,1.0191,1.0362,3737078.0
1746734400000,1.0363,1.0688,1.0335,1.067,5001767.0
1746738000000,1.067,1.0813,1.0425,1.0462,4962051.0
1746741600000,1.0462,1.0548,1.0408,1.048,2549727.0
1746745200000,1.048,1.064,1.0435,1.0629,2312602.0
1746748800000,1.063,1.079,1.0526,1.0681,3842642.0
1746752400000,1.0681,1.1069,1.0664,1.0877,8358035.0
1746756000000,1.0877,1.0919,1.0783,1.0919,2348053.0
1746759600000,1.0918,1.1075,1.0725,1.075,5277858.0
1746763200000,1.0751,1.0882,1.0741,1.0822,2757732.0
1746766800000,1.0822,1.1023,1.0798,1.1017,2807186.0
1746770400000,1.1018,1.1112,1.0968,1.1091,3931790.0
1746774000000,1.1089,1.1521,1.1083,1.1272,9751501.0
1746777600000,1.1273,1.1707,1.1188,1.1294,14046520.0
1746781200000,1.1295,1.1445,1.1028,1.1209,8702208.0
1746784800000,1.1209,1.1521,1.1135,1.1518,3779380.0
1746788400000,1.1519,1.1649,1.1246,1.1262,7298903.0
1746792000000,1.1262,1.1379,1.1126,1.1338,4391795.0
1746795600000,1.1336,1.1579,1.129,1.1527,5170556.0
1746799200000,1.1526,1.1537,1.1082,1.1249,7944647.0
1746802800000,1.125,1.1459,1.1172,1.141,4157059.0
1746806400000,1.1412,1.1446,1.1174,1.127,5325426.0
1746810000000,1.1271,1.179,1.1239,1.17,7389571.0
1746813600000,1.1698,1.1718,1.1478,1.1486,3185393.0
1746817200000,1.1487,1.1523,1.1301,1.1319,2409841.0
1746820800000,1.1321,1.1593,1.1304,1.158,2126690.0
1746824400000,1.1578,1.1713,1.1375,1.1468,2612433.0
1746828000000,1.1468,1.1555,1.1345,1.1348,1870862.0
1746831600000,1.1349,1.1434,1.1331,1.1396,1398119.0
1746835200000,1.1398,1.1677,1.1324,1.1388,4897064.0
1746838800000,1.139,1.1641,1.1378,1.1517,3544919.0
1746842400000,1.1518,1.1713,1.145,1.1656,4070895.0
1746846000000,1.1655,1.1873,1.1644,1.1778,4632973.0
1746849600000,1.1774,1.1774,1.1491,1.1546,4344968.0
1746853200000,1.1546,1.1725,1.1507,1.1711,2407285.0
1746856800000,1.1711,1.1844,1.1633,1.1811,4456457.0
1746860400000,1.181,1.2183,1.1781,1.2037,8157723.0
1746864000000,1.204,1.2147,1.1736,1.1838,6620838.0
1746867600000,1.1837,1.195,1.1667,1.1885,4605468.0
1746871200000,1.1889,1.1911,1.1629,1.1636,3179568.0
1746874800000,1.1635,1.173,1.1456,1.1523,6408396.0
1746878400000,1.1523,1.169,1.1505,1.1584,4186641.0
1746882000000,1.1585,1.1754,1.1541,1.1655,2972233.0
1746885600000,1.1657,1.1682,1.1542,1.1629,2074642.0
1746889200000,1.163,1.163,1.1357,1.1462,4362484.0
1746892800000,1.1463,1.1686,1.14,1.1686,4002148.0
1746896400000,1.1686,1.1887,1.1651,1.1716,5316639.0
1746900000000,1.1715,1.184,1.1681,1.1816,1993856.0
1746903600000,1.1817,1.1977,1.1753,1.1875,1790863.0
1746907200000,1.1876,1.1991,1.1743,1.1896,1639146.0
1746910800000,1.1896,1.2091,1.1878,1.2062,1434181.0
1746914400000,1.206,1.2314,1.2001,1.2262,3685743.0
1746918000000,1.226,1.2553,1.2226,1.2543,6241529.0
1746921600000,1.2541,1.2702,1.2106,1.2542,11300468.0
1746925200000,1.2544,1.3335,1.2485,1.3084,14583053.0
1746928800000,1.3086,1.3507,1.2934,1.3126,15066923.0
1746932400000,1.3128,1.3416,1.2972,1.3278,6972149.0
1746936000000,1.3279,1.3533,1.3137,1.3414,6070345.0
1746939600000,1.3411,1.3622,1.311,1.3137,6866965.0
1746943200000,1.3136,1.3288,1.2853,1.289,6047511.0
1746946800000,1.289,1.2917,1.2462,1.254,10762741.0
1746950400000,1.2539,1.2769,1.2489,1.2536,4443083.0
1746954000000,1.2534,1.2742,1.2533,1.2666,2929158.0
1746957600000,1.2666,1.2698,1.2553,1.2677,2484104.0
1746961200000,1.2676,1.2851,1.2601,1.2811,3183939.0
1746964800000,1.2812,1.2874,1.259,1.2759,4811706.0
1746968400000,1.276,1.2829,1.2261,1.227,7245383.0
1746972000000,1.2271,1.2506,1.2263,1.2407,4101031.0
1746975600000,1.241,1.2622,1.221,1.2325,3886908.0
1746979200000,1.2326,1.2421,1.2132,1.232,4894322.0
1746982800000,1.232,1.2535,1.2231,1.2502,3197587.0
1746986400000,1.2502,1.2655,1.2356,1.2608,2827550.0
1746990000000,1.2608,1.3185,1.2586,1.2945,7749507.0
1746993600000,1.2945,1.3046,1.2683,1.2792,4640307.0
1746997200000,1.2788,1.2814,1.2604,1.2792,2473802.0
1747000800000,1.2792,1.2886,1.2526,1.2633,2357364.0
1747004400000,1.2634,1.2755,1.2545,1.2621,1498740.0
1747008000000,1.2622,1.2966,1.2576,1.2887,6158257.0
1747011600000,1.2892,1.3038,1.252,1.2757,6073566.0
1747015200000,1.2758,1.3203,1.275,1.3079,7577478.0
1747018800000,1.3077,1.3152,1.2934,1.3152,4018663.0
1747022400000,1.3152,1.3173,1.2858,1.3045,3295073.0
1747026000000,1.3045,1.3134,1.2713,1.2831,4277330.0
1747029600000,1.283,1.3121,1.2766,1.3119,3741452.0
1747033200000,1.3119,1.3505,1.2869,1.2953,13067987.0
1747036800000,1.2957,1.3229,1.2744,1.3193,6868157.0
1747040400000,1.3194,1.3344,1.3098,1.3142,3958925.0
1747044000000,1.3143,1.3287,1.291,1.327,5033442.0
1747047600000,1.3269,1.3308,1.2822,1.2844,5504985.0
1747051200000,1.2843,1.3163,1.2843,1.3099,3632123.0
1747054800000,1.3099,1.316,1.2805,1.3105,5297999.0
1747058400000,1.3106,1.3247,1.2618,1.2726,9033967.0
1747062000000,1.2729,1.2963,1.2528,1.2868,8237585.0
1747065600000,1.2868,1.3097,1.2777,1.2864,5694602.0
1747069200000,1.2865,1.297,1.26,1.2637,4154100.0
1747072800000,1.2638,1.2725,1.2028,1.2218,11975762.0
1747076400000,1.2217,1.253,1.2195,1.2479,4463007.0
1747080000000,1.2478,1.2529,1.2324,1.2496,1777364.0
1747083600000,1.2497,1.258,1.2394,1.2465,1219717.0
1747087200000,1.2464,1.2765,1.238,1.2727,2153208.0
1747090800000,1.2729,1.29,1.2695,1.2837,2728311.0
1747094400000,1.2837,1.2896,1.2485,1.2512,4270759.0
1747098000000,1.2512,1.2574,1.2124,1.2173,6431283.0
1747101600000,1.2175,1.23,1.1915,1.2054,7517939.0
1747105200000,1.2052,1.2135,1.1734,1.178,7563336.0
1747108800000,1.1779,1.2206,1.1761,1.2191,5331078.0
1747112400000,1.2192,1.2312,1.207,1.217,3868002.0
1747116000000,1.2171,1.2373,1.2165,1.227,3177779.0
1747119600000,1.2269,1.2496,1.2237,1.2432,3055817.0
1747123200000,1.2436,1.2749,1.2304,1.2606,6129173.0
1747126800000,1.2606,1.2825,1.2565,1.2662,7079927.0
1747130400000,1.2661,1.2677,1.2513,1.2565,3202234.0
1747134000000,1.2566,1.2753,1.249,1.2628,3356534.0
1747137600000,1.2625,1.2774,1.2405,1.264,6860119.0
1747141200000,1.2644,1.2858,1.2567,1.2655,4413451.0
1747144800000,1.2656,1.2725,1.2458,1.2582,4451708.0
1747148400000,1.2585,1.2808,1.2523,1.2798,2347214.0
1747152000000,1.2799,1.3193,1.2745,1.3102,6209137.0
1747155600000,1.3103,1.3258,1.2928,1.2963,4322040.0
1747159200000,1.2962,1.3139,1.2938,1.3112,3537139.0
1747162800000,1.3114,1.3282,1.2999,1.3129,2571865.0
1747166400000,1.3128,1.3232,1.2986,1.3229,1675449.0
1747170000000,1.3228,1.3389,1.3101,1.3251,1972138.0
1747173600000,1.3251,1.3271,1.3005,1.3021,1937335.0
1747177200000,1.3022,1.3138,1.2919,1.2982,1864766.0
1747180800000,1.298,1.3023,1.2796,1.289,3239973.0
1747184400000,1.2889,1.3145,1.283,1.2991,3765101.0
1747188000000,1.2993,1.3084,1.272,1.2994,4894481.0
1747191600000,1.2994,1.3082,1.2834,1.3023,2497223.0
1747195200000,1.3025,1.3078,1.2859,1.3076,2030681.0
1747198800000,1.3078,1.3181,1.2987,1.3113,2255215.0
1747202400000,1.3112,1.3207,1.3015,1.3119,2254211.0
1747206000000,1.3118,1.3119,1.2824,1.288,3498448.0
1747209600000,1.2883,1.2974,1.248,1.2516,7426916.0
1747213200000,1.2513,1.2735,1.2455,1.2709,3236936.0
1747216800000,1.271,1.2961,1.2709,1.2815,4088066.0
1747220400000,1.2816,1.2975,1.2816,1.2878,2178596.0
1747224000000,1.2879,1.3093,1.2749,1.2808,3162149.0
1747227600000,1.2807,1.2909,1.2524,1.2651,5953206.0
1747231200000,1.265,1.2682,1.2327,1.2389,6265534.0
1747234800000,1.239,1.2463,1.2275,1.245,3324559.0
1747238400000,1.2448,1.2551,1.2304,1.2397,3757074.0
1747242000000,1.2397,1.2401,1.2183,1.2383,2756083.0
1747245600000,1.2381,1.2499,1.2348,1.2411,1789574.0
1747249200000,1.2409,1.247,1.2364,1.2454,914542.0
1747252800000,1.2456,1.2561,1.2396,1.2469,1704008.0
1747256400000,1.2467,1.2567,1.2353,1.2552,2159995.0
1747260000000,1.2553,1.2568,1.2257,1.2325,1686384.0
1747263600000,1.2324,1.2432,1.2215,1.2391,2063496.0
1747267200000,1.2391,1.2654,1.2357,1.2627,2360834.0
1747270800000,1.2625,1.2688,1.2213,1.2272,4308324.0
1747274400000,1.2271,1.2456,1.2252,1.2394,2661298.0
1747278000000,1.2395,1.2517,1.2194,1.2245,2794235.0
1747281600000,1.2245,1.2413,1.2214,1.2331,2499206.0
1747285200000,1.2328,1.2376,1.1873,1.1917,6097276.0
1747288800000,1.1917,1.2032,1.1776,1.1908,5071519.0
1747292400000,1.1908,1.1945,1.1576,1.1584,7018502.0
1747296000000,1.1584,1.1954,1.1583,1.1948,4537931.0
1747299600000,1.1945,1.1971,1.1645,1.178,5104166.0
1747303200000,1.178,1.1792,1.1545,1.1698,4075883.0
1747306800000,1.1698,1.1859,1.1689,1.1737,2627002.0
1747310400000,1.1734,1.1936,1.1689,1.1796,5000845.0
1747314000000,1.1797,1.1896,1.1459,1.1589,6493262.0
1747317600000,1.1589,1.166,1.133,1.1481,8423263.0
1747321200000,1.148,1.1988,1.1472,1.1961,5397049.0
1747324800000,1.1959,1.2025,1.1754,1.2021,4571228.0
1747328400000,1.2019,1.2183,1.1943,1.205,2762345.0
1747332000000,1.2048,1.2063,1.1605,1.1683,3569104.0
1747335600000,1.1685,1.1818,1.1575,1.1699,1972423.0
1747339200000,1.1701,1.1792,1.1513,1.1577,3692997.0
1747342800000,1.1575,1.1592,1.128,1.1488,3564520.0
1747346400000,1.1487,1.1665,1.1388,1.1402,2060017.0
1747350000000,1.14,1.1474,1.1136,1.1454,4973076.0
1747353600000,1.1454,1.1654,1.1374,1.1538,3036578.0
1747357200000,1.1539,1.1655,1.1416,1.1571,2764793.0
1747360800000,1.1571,1.1763,1.1566,1.1688,4246271.0
1747364400000,1.1687,1.1764,1.1649,1.1723,1458466.0
1747368000000,1.1724,1.18,1.1572,1.1688,2086753.0
1747371600000,1.1688,1.1821,1.1687,1.172,1434112.0
1747375200000,1.1721,1.1867,1.1673,1.1762,2078719.0
1747378800000,1.1764,1.1837,1.1673,1.1726,1869676.0
1747382400000,1.1727,1.176,1.146,1.1579,3557031.0
1747386000000,1.158,1.177,1.1569,1.1729,2347578.0
1747389600000,1.173,1.179,1.1655,1.1779,1700303.0
1747393200000,1.178,1.185,1.1646,1.1668,2203706.0
1747396800000,1.167,1.1697,1.1577,1.1609,2066172.0
1747400400000,1.1609,1.1778,1.1578,1.1764,2558812.0
1747404000000,1.1765,1.1765,1.1434,1.152,3818500.0
1747407600000,1.1521,1.18,1.1521,1.1702,3077409.0
1747411200000,1.1701,1.1778,1.1414,1.158,3787858.0
1747414800000,1.1577,1.164,1.1399,1.1443,2328821.0
1747418400000,1.1441,1.1531,1.1437,1.149,1259503.0
1747422000000,1.1489,1.1594,1.1406,1.1553,2665948.0
1747425600000,1.1552,1.1579,1.1292,1.1396,2787557.0
1747429200000,1.1396,1.1437,1.1285,1.132,1504894.0
1747432800000,1.1319,1.1325,1.0934,1.1061,4890688.0
1747436400000,1.1061,1.1181,1.1053,1.109,2177882.0
1747440000000,1.1088,1.1123,1.0888,1.0946,4058254.0
1747443600000,1.0944,1.0951,1.0524,1.0708,8059547.0
1747447200000,1.0709,1.0783,1.0592,1.0777,3947326.0
1747450800000,1.0778,1.0892,1.0656,1.0889,2885283.0
1747454400000,1.0889,1.1012,1.0867,1.095,2429567.0
1747458000000,1.0949,1.0972,1.0743,1.0771,2223817.0
1747461600000,1.0771,1.0847,1.0694,1.0831,1873995.0
1747465200000,1.0832,1.0912,1.0718,1.0795,2589094.0
1747468800000,1.0795,1.0833,1.0696,1.0707,2067625.0
1747472400000,1.0709,1.0785,1.0637,1.0735,2766218.0
1747476000000,1.0734,1.0831,1.0708,1.077,1276723.0
1747479600000,1.077,1.0815,1.0666,1.0766,1574457.0
1747483200000,1.0767,1.081,1.072,1.0728,1281467.0
1747486800000,1.0729,1.0799,1.0587,1.0628,3524128.0
1747490400000,1.0628,1.0866,1.0628,1.0847,2769011.0
1747494000000,1.0848,1.0874,1.074,1.075,1457259.0
1747497600000,1.0749,1.0792,1.0546,1.068,3082390.0
1747501200000,1.0681,1.0794,1.0646,1.0653,1786508.0
1747504800000,1.0652,1.0816,1.0649,1.0667,2451183.0
1747508400000,1.0666,1.0777,1.0635,1.0689,798313.0
1747512000000,1.0688,1.0879,1.0663,1.0859,1738016.0
1747515600000,1.086,1.0877,1.075,1.0815,970934.0
1747519200000,1.0815,1.0827,1.0617,1.0701,1524050.0
1747522800000,1.0701,1.0782,1.0683,1.0733,1091556.0
1747526400000,1.0732,1.0793,1.067,1.0766,1614556.0
1747530000000,1.0766,1.0825,1.0697,1.0792,1158923.0
1747533600000,1.0789,1.0813,1.0716,1.0736,1028701.0
1747537200000,1.0738,1.08,1.0654,1.0713,1789615.0
1747540800000,1.0708,1.0801,1.0701,1.0781,988928.0
1747544400000,1.0781,1.1156,1.0781,1.1126,3960483.0
1747548000000,1.1125,1.1133,1.0964,1.0984,2568588.0
1747551600000,1.0984,1.1222,1.0967,1.1207,2408111.0
1747555200000,1.1207,1.1416,1.1189,1.1338,3640652.0
1747558800000,1.1339,1.1419,1.1233,1.1299,2323774.0
1747562400000,1.1298,1.1367,1.123,1.132,1476395.0
1747566000000,1.132,1.1443,1.1274,1.1291,2074106.0
1747569600000,1.1289,1.1368,1.118,1.1354,1913282.0
1747573200000,1.1356,1.1512,1.128,1.1491,2895035.0
1747576800000,1.1493,1.1799,1.1403,1.168,4760406.0
1747580400000,1.1681,1.19,1.1624,1.1844,3874379.0
1747584000000,1.1845,1.1876,1.1692,1.1827,3862715.0
1747587600000,1.1828,1.184,1.1408,1.1418,5020266.0
1747591200000,1.142,1.1444,1.1078,1.1163,7809665.0
1747594800000,1.1162,1.1247,1.0874,1.0883,3485888.0
1747598400000,1.0883,1.0998,1.0605,1.0984,7582871.0
1747602000000,1.0985,1.1238,1.0985,1.1096,1921065.0
1747605600000,1.1097,1.1473,1.0978,1.1461,2741690.0
1747609200000,1.1462,1.1837,1.136,1.175,3451608.0
1747612800000,1.1752,1.189,1.1476,1.1494,5373765.0
1747616400000,1.1496,1.159,1.1356,1.1391,4689525.0
1747620000000,1.1391,1.1465,1.1172,1.1192,4418080.0
1747623600000,1.1195,1.1262,1.1105,1.1211,3542395.0
1747627200000,1.1213,1.1276,1.0918,1.0986,6211566.0
1747630800000,1.0987,1.1093,1.0932,1.1039,3847939.0
1747634400000,1.1044,1.1169,1.0819,1.0855,4495073.0
1747638000000,1.0855,1.1145,1.0842,1.1054,4095077.0
1747641600000,1.1054,1.1066,1.0906,1.0974,2509680.0
1747645200000,1.0973,1.1038,1.0791,1.0812,3774360.0
1747648800000,1.0814,1.0887,1.076,1.0823,2980410.0
1747652400000,1.0824,1.0889,1.077,1.0843,1414476.0
1747656000000,1.0842,1.0874,1.0667,1.0729,3754622.0
1747659600000,1.0729,1.1115,1.072,1.1013,5007443.0
1747663200000,1.1011,1.1143,1.093,1.1098,3957563.0
1747666800000,1.1098,1.1225,1.1055,1.1074,3316950.0
1747670400000,1.1076,1.1262,1.0937,1.1239,3335120.0
1747674000000,1.1239,1.1471,1.1211,1.126,4147323.0
1747677600000,1.1258,1.1319,1.1067,1.1132,1851814.0
1747681200000,1.1134,1.1242,1.108,1.1193,1234240.0
1747684800000,1.1192,1.125,1.1154,1.1205,1206995.0
1747688400000,1.1207,1.1228,1.1084,1.1221,922531.0
1747692000000,1.122,1.122,1.1083,1.1175,838185.0
1747695600000,1.1174,1.1318,1.1154,1.1254,1447283.0
1747699200000,1.1255,1.1477,1.1173,1.1186,3236839.0
1747702800000,1.1185,1.1541,1.1159,1.1471,2619962.0
1747706400000,1.1472,1.16,1.1387,1.1416,3053409.0
1747710000000,1.1417,1.1448,1.1244,1.1283,3608591.0
1747713600000,1.1287,1.138,1.1215,1.1356,1997445.0
1747717200000,1.1356,1.1494,1.1323,1.1356,2762483.0
1747720800000,1.1357,1.1398,1.1278,1.1342,2057908.0
1747724400000,1.1343,1.1363,1.1136,1.1161,3244623.0
1747728000000,1.1161,1.1193,1.1027,1.1077,3865212.0
1747731600000,1.1075,1.1114,1.1012,1.1044,2378401.0
1747735200000,1.1044,1.1057,1.0845,1.0918,3990927.0
1747738800000,1.0919,1.1028,1.0837,1.0968,2504521.0
1747742400000,1.0967,1.0967,1.0827,1.0902,2122668.0
1747746000000,1.0902,1.0978,1.0857,1.0904,2455146.0
1747749600000,1.09,1.0967,1.0769,1.0809,4037149.0
1747753200000,1.0806,1.1,1.0796,1.098,2953392.0
1747756800000,1.0981,1.1088,1.0828,1.0846,2945179.0
1747760400000,1.0847,1.1033,1.0835,1.09,3468219.0
1747764000000,1.09,1.0939,1.0606,1.0634,4611780.0
1747767600000,1.0634,1.1014,1.0611,1.0975,3112536.0
1747771200000,1.0975,1.1225,1.0891,1.1178,3527195.0
1747774800000,1.1179,1.1274,1.1101,1.1178,2124624.0
1747778400000,1.1178,1.1216,1.1001,1.1111,1546943.0
1747782000000,1.1112,1.1233,1.1073,1.1139,1884397.0
1747785600000,1.1139,1.1237,1.1069,1.1108,2296925.0
1747789200000,1.1107,1.1219,1.1024,1.1041,1929374.0
1747792800000,1.1041,1.1111,1.0888,1.1048,4440726.0
1747796400000,1.1045,1.1211,1.1022,1.1147,2553136.0
1747800000000,1.1148,1.1312,1.1059,1.121,3917722.0
1747803600000,1.121,1.1394,1.1208,1.1341,3951376.0
1747807200000,1.1341,1.1445,1.1254,1.1404,2671822.0
1747810800000,1.1406,1.1431,1.1052,1.1118,5266321.0
1747814400000,1.1119,1.1187,1.1061,1.1091,2341999.0
1747818000000,1.1093,1.1145,1.0991,1.1048,2177407.0
1747821600000,1.1047,1.1098,1.1008,1.1052,1591341.0
1747825200000,1.1053,1.1324,1.1046,1.1216,2808788.0
1747828800000,1.1213,1.1338,1.1131,1.1212,1593338.0
1747832400000,1.1213,1.1381,1.1103,1.1282,3280358.0
1747836000000,1.1283,1.142,1.1135,1.1403,3628390.0
1747839600000,1.14,1.1604,1.1279,1.1572,8375767.0
1747843200000,1.1573,1.2913,1.1527,1.2034,37286094.0
1747846800000,1.2034,1.214,1.1327,1.1537,19393652.0
1747850400000,1.1538,1.172,1.1463,1.1533,4890037.0
1747854000000,1.1533,1.1726,1.1426,1.17,2916433.0
1747857600000,1.1699,1.1766,1.1521,1.1656,2019299.0
1747861200000,1.1655,1.1765,1.1587,1.1624,1647007.0
1747864800000,1.1622,1.188,1.162,1.1854,1863503.0
1747868400000,1.1856,1.2176,1.1831,1.1924,6138011.0
1747872000000,1.1925,1.2269,1.1903,1.2239,5562549.0
1747875600000,1.224,1.2347,1.2129,1.2153,5383136.0
1747879200000,1.2152,1.2257,1.2111,1.221,3743440.0
1747882800000,1.221,1.247,1.2121,1.2364,5652313.0
1747886400000,1.2364,1.2674,1.2321,1.2644,5294375.0
1747890000000,1.2642,1.2707,1.2414,1.2431,4287338.0
1747893600000,1.2432,1.2642,1.2345,1.2512,4928317.0
1747897200000,1.2512,1.2686,1.2484,1.2605,4486330.0
1747900800000,1.2606,1.2736,1.2546,1.2646,5679237.0
1747904400000,1.2648,1.2878,1.2564,1.2697,6690246.0
1747908000000,1.2699,1.2835,1.2616,1.2703,3768427.0
1747911600000,1.2702,1.2765,1.2479,1.2672,4212386.0
1747915200000,1.2671,1.282,1.2628,1.2773,3277046.0
1747918800000,1.2774,1.2976,1.2661,1.2886,7331737.0
1747922400000,1.2888,1.435,1.2885,1.4296,34634365.0
1747926000000,1.4297,1.4921,1.4141,1.4419,34650656.0
1747929600000,1.4415,1.5498,1.44,1.5152,42135302.0
1747933200000,1.5153,1.5926,1.4923,1.5865,28938625.0
1747936800000,1.5864,1.619,1.5463,1.6107,21111695.0
1747940400000,1.6106,1.6479,1.5416,1.5689,26454685.0
1747944000000,1.569,1.6076,1.5313,1.5445,13840958.0
1747947600000,1.5445,1.552,1.476,1.4856,16792591.0
1747951200000,1.4857,1.529,1.4758,1.4981,6798257.0
1747954800000,1.4981,1.5277,1.4796,1.5141,6469255.0
1747958400000,1.5142,1.5537,1.4972,1.5242,9014327.0
1747962000000,1.524,1.5539,1.5119,1.5319,6768060.0
1747965600000,1.5316,1.5903,1.5236,1.5635,9255239.0
1747969200000,1.5644,1.5977,1.5639,1.5753,6806076.0
1747972800000,1.5753,1.5786,1.514,1.5483,11271965.0
1747976400000,1.5481,1.5764,1.52,1.5743,8314459.0
1747980000000,1.5743,1.5763,1.5137,1.5438,11819140.0
1747983600000,1.5438,1.5855,1.5315,1.5428,9816270.0
1747987200000,1.5429,1.5483,1.521,1.5381,6296770.0
1747990800000,1.5383,1.5669,1.525,1.5617,6043851.0
1747994400000,1.5618,1.5733,1.536,1.563,7155712.0
1747998000000,1.5626,1.5754,1.4389,1.4527,24999955.0
1748001600000,1.4526,1.4847,1.4073,1.4507,29496753.0
1748005200000,1.4506,1.5026,1.4384,1.4944,13127923.0
1748008800000,1.4943,1.571,1.4901,1.5488,19030941.0
1748012400000,1.5489,1.5636,1.5007,1.5136,12573474.0
1748016000000,1.5134,1.5493,1.5012,1.5304,12199307.0
1748019600000,1.5303,1.5613,1.5137,1.5206,8436374.0
1748023200000,1.5207,1.5355,1.4941,1.4988,6355437.0
1748026800000,1.4991,1.5227,1.4769,1.4785,6772604.0
1748030400000,1.4785,1.4832,1.4056,1.4172,11346274.0
1748034000000,1.4174,1.4338,1.4002,1.4103,7371202.0
1748037600000,1.4103,1.4186,1.3514,1.3588,10388654.0
1748041200000,1.3592,1.3728,1.3365,1.3533,10568007.0
1748044800000,1.3533,1.4024,1.3458,1.3857,10473729.0
1748048400000,1.3858,1.4001,1.3702,1.3785,5856662.0
1748052000000,1.3784,1.3906,1.3726,1.3895,3775120.0
1748055600000,1.3894,1.4309,1.3838,1.4251,6518720.0
1748059200000,1.425,1.4343,1.4141,1.422,5251916.0
1748062800000,1.4219,1.4284,1.4036,1.4246,5134789.0
1748066400000,1.4245,1.4344,1.4082,1.4137,4695059.0
1748070000000,1.4137,1.4222,1.4039,1.4126,4095832.0
1748073600000,1.4127,1.4212,1.3891,1.4146,6451262.0
1748077200000,1.4147,1.4653,1.4085,1.4415,11656812.0
1748080800000,1.4412,1.4854,1.4357,1.4791,9393092.0
1748084400000,1.4788,1.4932,1.4627,1.4661,7410409.0
1748088000000,1.4661,1.5207,1.4551,1.5136,14943329.0
1748091600000,1.5134,1.5147,1.4661,1.4677,10613576.0
1748095200000,1.4677,1.5045,1.465,1.4902,7061067.0
1748098800000,1.4902,1.5035,1.4535,1.4626,10783426.0
1748102400000,1.4622,1.472,1.4463,1.4573,8999714.0
1748106000000,1.4573,1.474,1.3845,1.4216,20055531.0
1748109600000,1.4217,1.4373,1.4085,1.413,5341635.0
1748113200000,1.4128,1.4241,1.4077,1.4127,3277710.0
1748116800000,1.4128,1.4258,1.4025,1.4068,2964714.0
1748120400000,1.4069,1.4079,1.3806,1.3903,5218142.0
1748124000000,1.3905,1.3975,1.3816,1.393,2460613.0
1748127600000,1.3929,1.4152,1.3854,1.4051,4569727.0
1748131200000,1.405,1.4178,1.3744,1.3829,6897783.0
1748134800000,1.3828,1.3892,1.3667,1.3746,6589499.0
1748138400000,1.3743,1.3907,1.3611,1.3808,6148535.0
1748142000000,1.3807,1.4098,1.3798,1.4025,6656981.0
1748145600000,1.4026,1.4046,1.3835,1.3942,7750062.0
1748149200000,1.3942,1.4033,1.3859,1.4006,3597221.0
1748152800000,1.4005,1.4032,1.3826,1.3842,3152589.0
1748156400000,1.3842,1.3853,1.3572,1.3607,6856087.0
1748160000000,1.3607,1.3691,1.3505,1.3572,6494853.0
1748163600000,1.3571,1.3741,1.3413,1.3689,7714870.0
1748167200000,1.369,1.3739,1.3504,1.3535,3657493.0
1748170800000,1.3535,1.367,1.3501,1.3615,2491088.0
1748174400000,1.3617,1.3843,1.3504,1.3832,6009688.0
1748178000000,1.3832,1.3855,1.3713,1.3722,4651678.0
1748181600000,1.3723,1.3766,1.3523,1.3577,5208495.0
1748185200000,1.3579,1.3639,1.3111,1.3424,18284480.0
1748188800000,1.3427,1.3429,1.3129,1.3281,7045626.0
1748192400000,1.3282,1.3368,1.3221,1.3295,2316775.0
1748196000000,1.3296,1.345,1.3258,1.3338,2316038.0
1748199600000,1.3336,1.3676,1.3306,1.3547,3003788.0
1748203200000,1.3547,1.3565,1.3392,1.3414,2226828.0
1748206800000,1.3413,1.3522,1.3279,1.3443,2836652.0
1748210400000,1.3444,1.4134,1.3398,1.4128,10473659.0
1748214000000,1.4126,1.4281,1.3933,1.4192,9771242.0
1748217600000,1.4192,1.4527,1.4142,1.4448,9926325.0
1748221200000,1.4446,1.465,1.4258,1.4426,7502833.0
1748224800000,1.4427,1.4457,1.4207,1.424,4666953.0
1748228400000,1.4242,1.4478,1.4108,1.4217,7252807.0
1748232000000,1.4216,1.4359,1.4174,1.4268,2899497.0
1748235600000,1.4267,1.4455,1.4213,1.4368,2845251.0
1748239200000,1.4367,1.4584,1.4332,1.4543,5734880.0
1748242800000,1.4541,1.4694,1.4251,1.4456,7177584.0
1748246400000,1.4455,1.45,1.4027,1.4178,6832435.0
1748250000000,1.4178,1.4217,1.3934,1.4012,8480871.0
1748253600000,1.4011,1.4026,1.3806,1.387,5996118.0
1748257200000,1.387,1.3949,1.3769,1.3823,5020904.0
1748260800000,1.3822,1.3898,1.3686,1.3847,6793583.0
1748264400000,1.3847,1.3925,1.354,1.3589,8579979.0
1748268000000,1.359,1.3656,1.3454,1.3531,7095523.0
1748271600000,1.3532,1.3871,1.3478,1.3804,8654743.0
1748275200000,1.3806,1.388,1.3424,1.3568,9836631.0
1748278800000,1.3567,1.3634,1.3454,1.3509,3654424.0
1748282400000,1.3508,1.3648,1.3431,1.3443,4203824.0
1748286000000,1.3443,1.3491,1.3372,1.344,3510513.0
1748289600000,1.344,1.36,1.3398,1.3543,3417267.0
1748293200000,1.3542,1.3617,1.3413,1.356,2314170.0
1748296800000,1.356,1.3711,1.3517,1.3589,2758560.0
1748300400000,1.359,1.3688,1.3551,1.3657,2072945.0
1748304000000,1.3658,1.3757,1.3447,1.3483,5607197.0
1748307600000,1.3483,1.3505,1.3269,1.3468,9506370.0
1748311200000,1.3467,1.3765,1.3452,1.3643,5241475.0
1748314800000,1.3644,1.395,1.3644,1.382,7062850.0
1748318400000,1.3821,1.3915,1.3722,1.3755,5956934.0
1748322000000,1.3756,1.4435,1.3668,1.4176,14602136.0
1748325600000,1.4178,1.4386,1.4072,1.408,9240500.0
1748329200000,1.4082,1.4289,1.4038,1.4151,6231916.0
1748332800000,1.4152,1.4237,1.4099,1.42,4839592.0
1748336400000,1.4198,1.4477,1.4148,1.4401,7563740.0
1748340000000,1.4402,1.442,1.3983,1.4086,12591280.0
1748343600000,1.4087,1.4114,1.3854,1.4015,7324661.0
1748347200000,1.4016,1.4155,1.4007,1.4103,4065775.0
1748350800000,1.4104,1.4325,1.393,1.3979,9454438.0
1748354400000,1.3979,1.405,1.3686,1.3859,11265141.0
1748358000000,1.3858,1.3963,1.3711,1.3934,8127962.0
1748361600000,1.3936,1.4156,1.3793,1.4147,7798496.0
1748365200000,1.4148,1.4407,1.4136,1.4196,6796482.0
1748368800000,1.4198,1.4274,1.4124,1.4134,2950671.0
1748372400000,1.4133,1.4282,1.4065,1.4116,3510699.0
1748376000000,1.4116,1.4202,1.3948,1.4091,3146746.0
1748379600000,1.4091,1.42,1.3966,1.4067,1805892.0
1748383200000,1.4068,1.4198,1.3855,1.4076,4599021.0
1748386800000,1.4072,1.4146,1.3976,1.4014,3646908.0
1748390400000,1.4015,1.418,1.3806,1.4177,4874330.0
1748394000000,1.4178,1.4214,1.3963,1.4068,3530825.0
1748397600000,1.4066,1.4113,1.381,1.3854,4758780.0
1748401200000,1.3855,1.4064,1.3828,1.4042,2300570.0
1748404800000,1.4041,1.4041,1.3854,1.3905,2197895.0
1748408400000,1.39,1.3977,1.377,1.383,3458037.0
1748412000000,1.3829,1.383,1.3628,1.3642,5976728.0
1748415600000,1.3644,1.375,1.3584,1.3618,3793816.0
1748419200000,1.3617,1.3688,1.3514,1.3651,3451756.0
1748422800000,1.3653,1.3668,1.3441,1.3485,4240024.0
1748426400000,1.3485,1.3587,1.34,1.3564,4827918.0
1748430000000,1.3563,1.3732,1.3528,1.3715,4962833.0
1748433600000,1.3715,1.393,1.3683,1.3798,5628794.0
1748437200000,1.3799,1.3848,1.3475,1.3489,7819513.0
1748440800000,1.3486,1.3531,1.3263,1.3277,9850622.0
1748444400000,1.3277,1.3348,1.3072,1.3164,8982457.0
1748448000000,1.3165,1.3334,1.3147,1.3293,3156177.0
1748451600000,1.3295,1.3435,1.3254,1.3341,3584309.0
1748455200000,1.3342,1.3431,1.3166,1.3189,2849914.0
1748458800000,1.319,1.328,1.3012,1.3069,3524441.0
1748462400000,1.3069,1.3231,1.3064,1.3218,2733588.0
1748466000000,1.3221,1.3488,1.3177,1.3464,3130186.0
1748469600000,1.3462,1.3507,1.3323,1.345,2640831.0
1748473200000,1.3446,1.38,1.3419,1.3572,6697045.0
1748476800000,1.3571,1.3776,1.3465,1.3763,4718648.0
1748480400000,1.3764,1.3807,1.3586,1.37,3906548.0
1748484000000,1.3703,1.3971,1.3635,1.3965,4871879.0
1748487600000,1.3965,1.3988,1.3753,1.3795,3676339.0
1748491200000,1.3794,1.3816,1.3395,1.356,6925682.0
1748494800000,1.3561,1.3647,1.3513,1.355,3444965.0
1748498400000,1.3549,1.3698,1.3543,1.3628,2147487.0
1748502000000,1.3629,1.3658,1.3521,1.3545,2771506.0
1748505600000,1.3545,1.3683,1.3441,1.3645,4233133.0
1748509200000,1.3645,1.3666,1.349,1.3541,3171038.0
1748512800000,1.3542,1.3575,1.3456,1.3508,2777628.0
1748516400000,1.3508,1.3583,1.3455,1.3548,2544397.0
1748520000000,1.3547,1.3548,1.3281,1.3359,4483356.0
1748523600000,1.3359,1.3444,1.3171,1.3259,4893234.0
1748527200000,1.3257,1.3376,1.3069,1.3345,7598739.0
1748530800000,1.3344,1.3366,1.3235,1.325,3634708.0
1748534400000,1.325,1.3373,1.3182,1.3241,2848726.0
1748538000000,1.324,1.3347,1.3211,1.3281,2453360.0
1748541600000,1.3283,1.3406,1.3268,1.3286,3019556.0
1748545200000,1.3286,1.333,1.3121,1.3195,3562118.0
1748548800000,1.3194,1.3275,1.3081,1.3118,2281355.0
1748552400000,1.312,1.3296,1.3104,1.3266,1560290.0
1748556000000,1.3266,1.3274,1.3111,1.3118,1570436.0
1748559600000,1.312,1.3177,1.3034,1.3098,3414675.0
1748563200000,1.3096,1.3237,1.203,1.2233,24602248.0
1748566800000,1.2233,1.2513,1.2193,1.2387,9984144.0
1748570400000,1.2386,1.2596,1.2374,1.2435,5908614.0
1748574000000,1.2435,1.2521,1.2389,1.2464,2440043.0
1748577600000,1.2464,1.247,1.2361,1.2415,1978045.0
1748581200000,1.2416,1.2503,1.2366,1.244,2355009.0
1748584800000,1.2439,1.2445,1.2156,1.2254,7816492.0
1748588400000,1.2252,1.2486,1.2252,1.2371,4585706.0
1748592000000,1.2372,1.239,1.219,1.2213,5052443.0
1748595600000,1.2212,1.2374,1.2078,1.2246,8506351.0
1748599200000,1.2246,1.2256,1.2061,1.2127,4629506.0
1748602800000,1.2126,1.2196,1.2079,1.2138,3540697.0
1748606400000,1.2138,1.2324,1.1931,1.2281,10627870.0
1748610000000,1.2282,1.241,1.2096,1.2118,7172581.0
1748613600000,1.2118,1.2199,1.1983,1.2104,6151334.0
1748617200000,1.2102,1.2228,1.208,1.2094,3480842.0
1748620800000,1.2095,1.2187,1.1644,1.1821,13886921.0
1748624400000,1.1822,1.1978,1.1787,1.1927,5737764.0
1748628000000,1.1928,1.2103,1.1872,1.2086,3393849.0
1748631600000,1.2084,1.2155,1.201,1.2095,2112106.0
1748635200000,1.2095,1.2115,1.1983,1.1996,1524269.0
1748638800000,1.1997,1.2072,1.1845,1.1892,2963132.0
1748642400000,1.1892,1.1916,1.134,1.135,9201129.0
1748646000000,1.135,1.1405,1.1049,1.1239,15058368.0
1748649600000,1.124,1.1291,1.0927,1.0961,9141372.0
1748653200000,1.0963,1.1048,1.0701,1.0941,8947946.0
1748656800000,1.0939,1.1042,1.0815,1.0845,4351200.0
1748660400000,1.0846,1.0997,1.0731,1.0982,4332614.0
1748664000000,1.0982,1.115,1.0882,1.1135,3508711.0
1748667600000,1.1133,1.1168,1.1028,1.104,3143599.0
1748671200000,1.1041,1.1206,1.103,1.1175,2754603.0
1748674800000,1.1174,1.1415,1.1167,1.1402,4644654.0
1748678400000,1.1402,1.1583,1.1313,1.154,6708269.0
1748682000000,1.1539,1.1573,1.1354,1.1388,3396445.0
1748685600000,1.1389,1.1458,1.1231,1.1325,5367846.0
1748689200000,1.1324,1.1342,1.1203,1.1264,2117019.0
1748692800000,1.1263,1.1515,1.1217,1.151,3834007.0
1748696400000,1.1511,1.1645,1.1388,1.1436,5420083.0
1748700000000,1.1436,1.1562,1.1423,1.1495,3623832.0
1748703600000,1.1493,1.1712,1.1367,1.1411,5520458.0
1748707200000,1.141,1.1593,1.1344,1.1474,3606035.0
1748710800000,1.1474,1.1508,1.1329,1.1355,2504705.0
1748714400000,1.1355,1.1494,1.1347,1.1451,1594472.0
1748718000000,1.1454,1.1505,1.1396,1.1413,1432635.0
1748721600000,1.1415,1.147,1.1387,1.1458,992426.0
1748725200000,1.146,1.1542,1.1414,1.1479,2090608.0
1748728800000,1.148,1.1492,1.1363,1.1376,1421975.0
1748732400000,1.1374,1.145,1.1311,1.1349,1682747.0
1748736000000,1.1349,1.1428,1.1237,1.1381,3213275.0
1748739600000,1.138,1.1451,1.121,1.1243,2879235.0
1748743200000,1.1242,1.1356,1.1132,1.1295,4404300.0
1748746800000,1.1298,1.1312,1.1171,1.1218,1858010.0
1748750400000,1.1218,1.1389,1.1179,1.1316,2404598.0
1748754000000,1.1316,1.1377,1.1239,1.1295,1959373.0
1748757600000,1.1294,1.1336,1.1225,1.1261,1633913.0
1748761200000,1.126,1.132,1.1219,1.1243,1331268.0
1748764800000,1.1243,1.1264,1.1116,1.1184,2967859.0
1748768400000,1.1184,1.123,1.0963,1.1047,6260131.0
1748772000000,1.1047,1.1128,1.1011,1.111,3011919.0
1748775600000,1.1109,1.1221,1.1071,1.1138,2194615.0
1748779200000,1.1138,1.1182,1.1024,1.1072,2858710.0
1748782800000,1.1071,1.1265,1.1062,1.1209,3143409.0
1748786400000,1.1208,1.1426,1.1206,1.1338,3772568.0
1748790000000,1.1337,1.1395,1.1263,1.1371,5374883.0
1748793600000,1.137,1.1572,1.1364,1.1456,5703638.0
1748797200000,1.1456,1.1488,1.1382,1.1394,2285941.0
1748800800000,1.1395,1.1399,1.1128,1.1281,4863853.0
1748804400000,1.1282,1.141,1.1278,1.1406,1472016.0
1748808000000,1.1406,1.147,1.1322,1.1416,1554861.0
1748811600000,1.1416,1.1547,1.1408,1.1529,1116161.0
1748815200000,1.1528,1.1636,1.1526,1.1623,1984949.0
1748818800000,1.1621,1.1739,1.162,1.1651,2489453.0
1748822400000,1.1652,1.1675,1.154,1.1568,2473947.0
1748826000000,1.1568,1.1667,1.1458,1.1463,3026686.0
1748829600000,1.1463,1.1472,1.1356,1.1369,3147991.0
1748833200000,1.137,1.1405,1.1271,1.1364,2916148.0
1748836800000,1.1364,1.1381,1.1287,1.1304,1891669.0
1748840400000,1.1304,1.1401,1.1226,1.1306,3651489.0
1748844000000,1.1307,1.1427,1.1234,1.1362,3254421.0
1748847600000,1.1361,1.1478,1.1361,1.1392,2193115.0
1748851200000,1.1391,1.1493,1.1243,1.1285,4102830.0
1748854800000,1.1286,1.1291,1.1114,1.1169,4759688.0
1748858400000,1.1168,1.1218,1.1108,1.1169,3536157.0
1748862000000,1.1169,1.1229,1.1113,1.1168,2327863.0
1748865600000,1.117,1.1268,1.1066,1.123,5186646.0
1748869200000,1.1231,1.1429,1.1192,1.1255,6151476.0
1748872800000,1.1252,1.1477,1.1182,1.1353,5499239.0
1748876400000,1.1352,1.1416,1.1242,1.1308,3242488.0
1748880000000,1.1309,1.1314,1.1135,1.1275,3783044.0
1748883600000,1.1276,1.1315,1.1168,1.1277,1722156.0
1748887200000,1.1278,1.1433,1.1249,1.127,2426694.0
1748890800000,1.1269,1.1336,1.11,1.1206,2536026.0
1748894400000,1.1207,1.1473,1.1205,1.1469,2917717.0
1748898000000,1.1468,1.1729,1.1454,1.1714,4159017.0
1748901600000,1.1715,1.1912,1.1708,1.1718,4234478.0
1748905200000,1.1719,1.1918,1.1719,1.1874,3744808.0
1748908800000,1.1875,1.2299,1.1821,1.2126,7498968.0
1748912400000,1.2132,1.2368,1.2063,1.2357,4690222.0
1748916000000,1.2358,1.251,1.2089,1.2175,5471215.0
1748919600000,1.2174,1.2186,1.1911,1.1927,5928850.0
1748923200000,1.1927,1.1937,1.1775,1.1833,4493485.0
1748926800000,1.1836,1.2012,1.1836,1.1988,2995680.0
1748930400000,1.1987,1.2042,1.1865,1.2036,2571398.0
1748934000000,1.2037,1.2067,1.1933,1.1942,2135734.0
1748937600000,1.1943,1.2009,1.1757,1.19,3841552.0
1748941200000,1.1901,1.2048,1.1865,1.1984,3044506.0
1748944800000,1.1984,1.2069,1.1936,1.2054,2302617.0
1748948400000,1.2054,1.2188,1.2054,1.2138,3696309.0
1748952000000,1.214,1.2271,1.2072,1.2248,2992588.0
1748955600000,1.2249,1.2324,1.2087,1.2178,5992950.0
1748959200000,1.2179,1.2249,1.2029,1.2241,5886820.0
1748962800000,1.2242,1.2356,1.2133,1.2305,4466856.0
1748966400000,1.2303,1.2348,1.2085,1.2101,3434022.0
1748970000000,1.2101,1.2306,1.2081,1.2181,2448509.0
1748973600000,1.2182,1.2205,1.205,1.2126,2140165.0
1748977200000,1.2124,1.2493,1.2122,1.2356,5121960.0
1748980800000,1.2357,1.2383,1.1933,1.2084,4564183.0
1748984400000,1.2084,1.2137,1.182,1.1896,3705830.0
1748988000000,1.1897,1.2001,1.1877,1.1925,2306837.0
1748991600000,1.1926,1.1966,1.1858,1.1877,1578540.0
1748995200000,1.1877,1.1944,1.1701,1.1888,5384836.0
1748998800000,1.1888,1.2133,1.1882,1.1971,3821779.0
1749002400000,1.1972,1.2069,1.193,1.1945,1897136.0
1749006000000,1.1946,1.2093,1.1926,1.1962,2429315.0
1749009600000,1.1963,1.1986,1.1853,1.1918,2814706.0
1749013200000,1.1918,1.1955,1.1826,1.1858,2152671.0
1749016800000,1.1857,1.1909,1.1795,1.1836,2419620.0
1749020400000,1.1839,1.1887,1.1763,1.1809,2812640.0
1749024000000,1.1808,1.1917,1.1784,1.1824,3525980.0
1749027600000,1.1824,1.1906,1.1711,1.1887,3643419.0
1749031200000,1.1885,1.1904,1.165,1.1658,5272936.0
1749034800000,1.1658,1.171,1.1539,1.1568,5713052.0
1749038400000,1.1569,1.1585,1.1439,1.1506,6492270.0
1749042000000,1.1505,1.158,1.145,1.1482,4191700.0
1749045600000,1.148,1.1587,1.1345,1.1578,7143965.0
1749049200000,1.1579,1.1769,1.153,1.1734,6109261.0
1749052800000,1.1734,1.1755,1.1591,1.1712,3623502.0
1749056400000,1.1712,1.1716,1.1504,1.1569,3319366.0
1749060000000,1.1569,1.1715,1.1569,1.1622,1997834.0
1749063600000,1.1621,1.1666,1.1512,1.1518,1488698.0
1749067200000,1.1517,1.153,1.1318,1.1444,4417183.0
1749070800000,1.1444,1.1602,1.136,1.1532,2068150.0
1749074400000,1.1533,1.1579,1.143,1.1439,1496392.0
1749078000000,1.1439,1.145,1.127,1.131,3425085.0
1749081600000,1.1311,1.1418,1.124,1.1383,2830782.0
1749085200000,1.1382,1.1463,1.1279,1.1331,2174966.0
1749088800000,1.1332,1.1465,1.1316,1.132,2475287.0
1749092400000,1.1322,1.1353,1.1284,1.1338,1697546.0
1749096000000,1.1339,1.1407,1.1313,1.1334,1200844.0
1749099600000,1.1335,1.1353,1.111,1.1193,4752166.0
1749103200000,1.1193,1.1243,1.1141,1.1199,2566437.0
1749106800000,1.1199,1.1344,1.118,1.1279,3049286.0
1749110400000,1.1281,1.1322,1.1205,1.1227,1893762.0
1749114000000,1.1228,1.1307,1.1176,1.1231,2145475.0
1749117600000,1.123,1.1242,1.105,1.1128,4248237.0
1749121200000,1.1128,1.1161,1.1077,1.1134,2111547.0
1749124800000,1.1134,1.1398,1.1111,1.1364,5733384.0
1749128400000,1.1364,1.1421,1.0965,1.1032,8886333.0
1749132000000,1.1032,1.1176,1.0852,1.1108,8350171.0
1749135600000,1.1107,1.1183,1.1051,1.1067,3443145.0
1749139200000,1.1067,1.108,1.0816,1.0858,6202354.0
1749142800000,1.0859,1.0963,1.0802,1.088,3887552.0
1749146400000,1.0877,1.0891,1.0746,1.084,4431612.0
1749150000000,1.0838,1.0861,1.0404,1.0547,12384704.0
1749153600000,1.0548,1.0575,1.015,1.0171,17312461.0
1749157200000,1.017,1.0376,1.0122,1.0353,7088755.0
1749160800000,1.0352,1.0378,1.0262,1.0345,2966029.0
1749164400000,1.0346,1.0392,1.032,1.0326,2347387.0
1749168000000,1.0326,1.0474,1.0291,1.0456,2726256.0
1749171600000,1.0455,1.05,1.0396,1.042,1554098.0
1749175200000,1.042,1.0439,1.0316,1.043,3440571.0
1749178800000,1.0431,1.0552,1.0377,1.0513,2346801.0
1749182400000,1.0513,1.0575,1.0469,1.0521,1821793.0
1749186000000,1.0521,1.0599,1.0514,1.0559,2129575.0
1749189600000,1.0559,1.0671,1.0528,1.0639,2468533.0
1749193200000,1.0639,1.0658,1.0511,1.0549,2440858.0
1749196800000,1.0548,1.0617,1.0543,1.0562,2174738.0
1749200400000,1.0563,1.064,1.0534,1.0545,2760549.0
1749204000000,1.0546,1.0591,1.0454,1.0501,2933142.0
1749207600000,1.0501,1.0611,1.0456,1.05,2977268.0
1749211200000,1.0502,1.0712,1.0499,1.0533,5349094.0
1749214800000,1.0534,1.0767,1.0533,1.068,5353915.0
1749218400000,1.0681,1.097,1.0653,1.085,5995605.0
1749222000000,1.0849,1.0951,1.0713,1.0823,4946448.0
1749225600000,1.0822,1.0917,1.0724,1.0826,4532096.0
1749229200000,1.0826,1.0845,1.0684,1.0768,4317758.0
1749232800000,1.0768,1.0776,1.0626,1.0655,3127216.0
1749236400000,1.0654,1.0683,1.056,1.0606,3098597.0
1749240000000,1.0607,1.0731,1.0586,1.0653,1711889.0
1749243600000,1.0654,1.0695,1.0584,1.0647,1232040.0
1749247200000,1.0647,1.0686,1.0572,1.0686,1298376.0
1749250800000,1.0685,1.0685,1.0599,1.0623,965738.0
1749254400000,1.0623,1.0816,1.0577,1.0809,2720510.0
1749258000000,1.0809,1.0839,1.0708,1.0754,2368984.0
1749261600000,1.0753,1.0904,1.0715,1.0889,1874110.0
1749265200000,1.0888,1.1076,1.0858,1.1053,3778593.0
1749268800000,1.1053,1.1108,1.0953,1.1102,2592161.0
1749272400000,1.1103,1.1183,1.1042,1.1138,2556207.0
1749276000000,1.1138,1.1284,1.1075,1.1284,3518476.0
1749279600000,1.1284,1.1314,1.1165,1.13,3987622.0
1749283200000,1.1301,1.1345,1.1215,1.1223,2729009.0
1749286800000,1.1226,1.1251,1.1131,1.1171,3900381.0
1749290400000,1.117,1.1398,1.1162,1.1373,4294429.0
1749294000000,1.1372,1.1377,1.1262,1.1289,2340862.0
1749297600000,1.129,1.139,1.1254,1.1283,2448299.0
1749301200000,1.1284,1.1335,1.1216,1.1294,2741771.0
1749304800000,1.1294,1.1311,1.1176,1.1187,3560562.0
1749308400000,1.1186,1.1207,1.111,1.1181,4008738.0
1749312000000,1.1182,1.1211,1.1055,1.1065,3013577.0
1749315600000,1.1065,1.1119,1.0992,1.1007,2613265.0
1749319200000,1.1007,1.1131,1.1001,1.1116,2396343.0
1749322800000,1.1115,1.1231,1.1113,1.1185,1957494.0
1749326400000,1.1185,1.1222,1.1144,1.1177,883900.0
1749330000000,1.1178,1.1265,1.1178,1.1222,1168187.0
1749333600000,1.1222,1.1361,1.1184,1.1254,2092123.0
1749337200000,1.1255,1.1257,1.1184,1.1215,1242921.0
1749340800000,1.1215,1.1216,1.1106,1.115,2446125.0
1749344400000,1.1149,1.1258,1.1108,1.1243,1605466.0
1749348000000,1.1242,1.1246,1.1122,1.1125,1584788.0
1749351600000,1.1125,1.1142,1.1103,1.1116,1373299.0
1749355200000,1.1115,1.1178,1.1091,1.1134,1595105.0
1749358800000,1.1135,1.1139,1.1026,1.1047,2992464.0
1749362400000,1.1047,1.1088,1.1015,1.1019,1990536.0
1749366000000,1.102,1.1052,1.0944,1.0974,2514605.0
1749369600000,1.0975,1.1049,1.097,1.1003,2019759.0
1749373200000,1.1004,1.1018,1.0903,1.096,3361860.0
1749376800000,1.096,1.0993,1.0907,1.0964,1946809.0
1749380400000,1.0964,1.112,1.0959,1.1081,3382939.0
1749384000000,1.108,1.1131,1.0975,1.1017,2343013.0
1749387600000,1.1016,1.1147,1.0933,1.0987,4462342.0
1749391200000,1.0986,1.1099,1.0975,1.1077,2380469.0
1749394800000,1.1077,1.1137,1.1006,1.1027,2036674.0
1749398400000,1.1028,1.1174,1.1012,1.1155,2668115.0
1749402000000,1.1156,1.124,1.1103,1.111,1844410.0
1749405600000,1.1112,1.1155,1.1063,1.1149,1490971.0
1749409200000,1.1149,1.1186,1.1117,1.1182,760336.0
1749412800000,1.1182,1.1244,1.1161,1.1184,1040238.0
1749416400000,1.1184,1.152,1.1184,1.1397,3628123.0
1749420000000,1.1397,1.141,1.1113,1.1124,3978200.0
1749423600000,1.1123,1.1133,1.1002,1.1058,2903549.0
1749427200000,1.1058,1.1154,1.0983,1.108,2833927.0
1749430800000,1.108,1.1109,1.0976,1.101,2624553.0
1749434400000,1.1008,1.1054,1.0921,1.0952,2247385.0
1749438000000,1.0951,1.0977,1.0863,1.0963,2167370.0
1749441600000,1.0963,1.1,1.0817,1.0849,2077744.0
1749445200000,1.0849,1.0868,1.0728,1.0737,3154740.0
1749448800000,1.0737,1.0835,1.067,1.0823,3722766.0
1749452400000,1.0822,1.0824,1.0717,1.081,1878836.0
1749456000000,1.081,1.0904,1.0745,1.0888,2344827.0
1749459600000,1.0889,1.1218,1.0872,1.1181,5828937.0
1749463200000,1.1182,1.1445,1.116,1.1352,8251670.0
1749466800000,1.1353,1.1406,1.1261,1.1365,4279568.0
1749470400000,1.1366,1.1372,1.1227,1.1317,3111520.0
1749474000000,1.1317,1.1319,1.0923,1.0947,6144238.0
1749477600000,1.0946,1.109,1.0858,1.1012,7133761.0
1749481200000,1.1013,1.1182,1.0989,1.105,4081917.0
1749484800000,1.105,1.1292,1.1043,1.1183,4768058.0
1749488400000,1.1182,1.1267,1.1125,1.1169,2513867.0
1749492000000,1.117,1.1223,1.1138,1.1214,1872251.0
1749495600000,1.1212,1.1237,1.1083,1.1127,1691356.0
1749499200000,1.1128,1.1211,1.1128,1.1191,1694873.0
1749502800000,1.1191,1.162,1.1191,1.1516,8262854.0
1749506400000,1.1518,1.1689,1.1498,1.1646,3888304.0
1749510000000,1.1648,1.1689,1.1555,1.1643,2993515.0
1749513600000,1.1644,1.1768,1.1556,1.1585,3876520.0
1749517200000,1.1586,1.1624,1.1536,1.1565,2380039.0
1749520800000,1.1564,1.1565,1.1418,1.1428,5794165.0
1749524400000,1.1429,1.1457,1.1345,1.1407,2903845.0
1749528000000,1.1408,1.1428,1.1293,1.135,3276924.0
1749531600000,1.1348,1.1412,1.1169,1.1221,6346038.0
1749535200000,1.1222,1.1364,1.1154,1.1315,5132688.0
1749538800000,1.1316,1.1466,1.1297,1.1422,3621342.0
1749542400000,1.1423,1.146,1.1252,1.1277,3868416.0
1749546000000,1.1277,1.1487,1.1256,1.148,3348076.0
1749549600000,1.148,1.1482,1.1315,1.1411,2509429.0
1749553200000,1.1411,1.1812,1.1317,1.1798,10417139.0
1749556800000,1.1796,1.192,1.1653,1.1903,6958211.0
1749560400000,1.1904,1.1924,1.1486,1.1649,7990752.0
1749564000000,1.1648,1.167,1.1351,1.141,6021904.0
1749567600000,1.1409,1.1531,1.1234,1.1452,6636739.0
1749571200000,1.1451,1.151,1.1325,1.1332,3616764.0
1749574800000,1.133,1.1451,1.1276,1.1305,3320718.0
1749578400000,1.1306,1.1561,1.1271,1.1528,3091357.0
1749582000000,1.1528,1.1766,1.1473,1.1568,4957342.0
1749585600000,1.1569,1.1628,1.1402,1.1622,3082726.0
1749589200000,1.1623,1.1644,1.1427,1.1533,2364683.0
1749592800000,1.1534,1.1785,1.153,1.1737,3105591.0
1749596400000,1.1738,1.1816,1.1664,1.1792,2112024.0
1749600000000,1.1792,1.1892,1.1625,1.165,4764601.0
1749603600000,1.1649,1.1665,1.1522,1.1552,3728647.0
1749607200000,1.1553,1.1652,1.1493,1.1579,2500761.0
1749610800000,1.1578,1.1818,1.1569,1.1623,4232944.0
1749614400000,1.1622,1.1751,1.1581,1.1598,4061317.0
1749618000000,1.1598,1.1656,1.1573,1.1606,1484078.0
1749621600000,1.1607,1.1722,1.1607,1.1679,2284547.0
1749625200000,1.1679,1.1783,1.1628,1.1675,2686236.0
1749628800000,1.1676,1.1716,1.154,1.156,3030281.0
1749632400000,1.1561,1.1608,1.1385,1.1437,4072816.0
1749636000000,1.1437,1.1498,1.1372,1.1492,3114141.0
1749639600000,1.1493,1.1496,1.1306,1.147,3970257.0
1749643200000,1.1471,1.1732,1.1351,1.1701,7919090.0
1749646800000,1.17,1.1823,1.164,1.174,6226755.0
1749650400000,1.1741,1.2099,1.1724,1.2091,10508112.0
1749654000000,1.2092,1.219,1.1861,1.1972,6374940.0
1749657600000,1.1972,1.2036,1.187,1.1945,4544886.0
1749661200000,1.1944,1.1966,1.1705,1.1709,4250890.0
1749664800000,1.1709,1.1742,1.1558,1.1585,6009502.0
1749668400000,1.1586,1.1596,1.1382,1.1405,4621012.0
1749672000000,1.1404,1.1532,1.1297,1.1439,3049905.0
1749675600000,1.144,1.1598,1.1061,1.1113,8035782.0
1749679200000,1.1112,1.117,1.0963,1.107,6564280.0
1749682800000,1.107,1.1221,1.1058,1.1194,3998938.0
1749686400000,1.1194,1.122,1.0991,1.1156,5782359.0
1749690000000,1.1155,1.1172,1.1027,1.111,3337095.0
1749693600000,1.111,1.1181,1.1013,1.1062,3595477.0
1749697200000,1.1063,1.1106,1.0872,1.1014,6345604.0
1749700800000,1.1015,1.1107,1.0997,1.109,3058499.0
1749704400000,1.1088,1.1217,1.1018,1.1093,6852040.0
1749708000000,1.1092,1.1176,1.0987,1.1086,6071997.0
1749711600000,1.1086,1.1121,1.0961,1.0988,7902833.0
1749715200000,1.0987,1.0998,1.0874,1.0949,6244969.0
1749718800000,1.095,1.0971,1.0896,1.0908,3011756.0
1749722400000,1.0908,1.0908,1.0772,1.0837,6511340.0
1749726000000,1.0838,1.0852,1.0744,1.0771,3736401.0
1749729600000,1.0771,1.0922,1.0711,1.0861,4426091.0
1749733200000,1.086,1.0934,1.0805,1.0878,2742814.0
1749736800000,1.0879,1.1054,1.0874,1.0991,3919588.0
1749740400000,1.099,1.1044,1.0572,1.0644,13244465.0
1749744000000,1.0644,1.0805,1.0626,1.0762,5487929.0
1749747600000,1.0762,1.0929,1.0732,1.0856,3435268.0
1749751200000,1.0856,1.0875,1.0617,1.0701,4370968.0
1749754800000,1.0701,1.0729,1.0411,1.0468,7265652.0
1749758400000,1.0468,1.051,1.0153,1.0216,8029140.0
1749762000000,1.0215,1.0342,1.0172,1.0189,4732205.0
1749765600000,1.0188,1.028,1.0182,1.0257,2345803.0
1749769200000,1.0255,1.0346,1.0245,1.0263,2788827.0
1749772800000,1.0263,1.0285,0.9545,0.9739,32565686.0
1749776400000,0.9738,0.9742,0.9374,0.9498,22315953.0
1749780000000,0.9498,0.954,0.9345,0.9507,8895957.0
1749783600000,0.9506,0.9769,0.9455,0.9691,7466615.0
1749787200000,0.9692,0.9713,0.959,0.9678,4291357.0
1749790800000,0.9679,0.9689,0.9583,0.9584,2946947.0
1749794400000,0.9584,0.9696,0.9512,0.9692,5843544.0
1749798000000,0.9691,0.9716,0.9582,0.9682,4315387.0
1749801600000,0.9681,0.9893,0.9668,0.9768,7685055.0
1749805200000,0.9766,0.9806,0.9692,0.9761,4157047.0
1749808800000,0.9761,0.9791,0.9626,0.9731,4608994.0
1749812400000,0.9732,0.9793,0.9637,0.9769,3411673.0
1749816000000,0.9771,0.9825,0.9631,0.9665,4441937.0
1749819600000,0.9665,0.9801,0.9612,0.9678,5564450.0
1749823200000,0.968,0.9747,0.953,0.9663,8991081.0
1749826800000,0.9664,0.9902,0.9628,0.9831,7344658.0
1749830400000,0.9832,1.0025,0.979,0.9947,6749018.0
1749834000000,0.9946,0.995,0.9785,0.9909,4621940.0
1749837600000,0.9909,0.994,0.9659,0.9754,6580007.0
1749841200000,0.9753,0.9805,0.9688,0.9785,3825002.0
1749844800000,0.9786,0.9946,0.9755,0.9889,3365854.0
1749848400000,0.989,0.9967,0.9822,0.9909,1575303.0
1749852000000,0.991,0.9989,0.9878,0.9924,1860090.0
1749855600000,0.9925,1.0037,0.9898,1.0035,1993316.0
1749859200000,1.0035,1.0073,0.9941,0.9958,4155385.0
1749862800000,0.9959,0.996,0.9851,0.9872,2653367.0
1749866400000,0.987,0.994,0.9856,0.9887,1399729.0
1749870000000,0.9888,0.9961,0.9873,0.99,1357228.0
1749873600000,0.9899,0.998,0.9885,0.993,1616352.0
1749877200000,0.9929,0.996,0.9885,0.9929,1297263.0
1749880800000,0.993,0.997,0.9857,0.9861,2559312.0
1749884400000,0.9861,0.9936,0.9802,0.9898,2461646.0
1749888000000,0.9899,0.9903,0.9825,0.9876,1482046.0
1749891600000,0.9876,0.9905,0.9836,0.9843,936043.0
1749895200000,0.9843,0.9898,0.9818,0.9854,1183319.0
1749898800000,0.9854,0.9919,0.9838,0.9863,1400346.0
1749902400000,0.9862,0.989,0.9772,0.9879,2544499.0
1749906000000,0.9878,0.9935,0.984,0.9885,2444088.0
1749909600000,0.9884,0.9912,0.9823,0.9834,1160394.0
1749913200000,0.9834,0.9856,0.9658,0.9733,5522245.0
1749916800000,0.9731,0.9771,0.9567,0.9603,4969044.0
1749920400000,0.9603,0.9741,0.9579,0.9713,2479025.0
1749924000000,0.9713,0.9784,0.9555,0.9657,3584475.0
1749927600000,0.9656,0.9719,0.9616,0.9619,1507694.0
1749931200000,0.962,0.9663,0.9532,0.9636,2559597.0
1749934800000,0.9637,0.9798,0.9603,0.9774,2012593.0
1749938400000,0.9775,0.9825,0.9728,0.9781,1588104.0
1749942000000,0.9781,0.9801,0.9747,0.9748,908631.0
1749945600000,0.9748,0.9872,0.9748,0.985,1956657.0
1749949200000,0.985,0.9865,0.9752,0.9767,1335388.0
1749952800000,0.9768,0.9826,0.9765,0.9775,970336.0
1749956400000,0.9776,0.9814,0.9761,0.9772,661226.0
1749960000000,0.9774,0.9832,0.9771,0.982,1021955.0
1749963600000,0.9819,0.9892,0.9765,0.9862,5310312.0
1749967200000,0.9863,0.9876,0.9747,0.9752,2087940.0
1749970800000,0.9751,0.9763,0.9692,0.9751,2187995.0
1749974400000,0.9751,0.9765,0.9712,0.9741,1088351.0
1749978000000,0.9739,0.974,0.9653,0.9681,1985585.0
1749981600000,0.9682,0.9804,0.9679,0.9799,1737652.0
1749985200000,0.98,0.9816,0.9717,0.9761,1797993.0
1749988800000,0.9761,0.9817,0.9738,0.9809,1265764.0
1749992400000,0.9809,0.9863,0.9757,0.9851,3134482.0
1749996000000,0.9852,0.9964,0.9767,0.9915,3900640.0
1749999600000,0.9915,0.993,0.9798,0.982,2524357.0
1750003200000,0.982,0.9854,0.9752,0.979,2706904.0
1750006800000,0.9789,0.9811,0.9716,0.9772,2271426.0
1750010400000,0.9772,0.978,0.9696,0.9761,1259504.0
1750014000000,0.976,0.9798,0.9676,0.972,1734416.0
1750017600000,0.9719,0.9722,0.9555,0.9609,3141863.0
1750021200000,0.9609,0.9654,0.954,0.9648,2088867.0
1750024800000,0.9647,0.9831,0.9632,0.9783,3286538.0
1750028400000,0.9784,0.982,0.9747,0.9799,1538581.0
1750032000000,0.9801,0.9805,0.971,0.9752,2421758.0
1750035600000,0.9752,0.9864,0.963,0.9858,3354023.0
1750039200000,0.9857,0.9951,0.9856,0.9865,3589833.0
1750042800000,0.9866,0.991,0.9844,0.9853,1665522.0
1750046400000,0.9855,0.9991,0.9847,0.9947,2527753.0
1750050000000,0.9947,1.0127,0.9922,1.0057,4657871.0
1750053600000,1.0056,1.02,1.0032,1.0125,5073547.0
1750057200000,1.0126,1.0213,1.0109,1.0178,3435691.0
1750060800000,1.0179,1.0183,1.009,1.0155,2013154.0
1750064400000,1.0156,1.0224,1.0117,1.0167,3149816.0
1750068000000,1.0168,1.0192,1.0041,1.0068,3578717.0
1750071600000,1.0069,1.0114,0.9983,1.0067,3463833.0
1750075200000,1.0067,1.0109,0.9996,1.0076,2593946.0
1750078800000,1.0076,1.0185,1.0041,1.0171,3848177.0
1750082400000,1.017,1.0259,1.0116,1.014,5086890.0
1750086000000,1.014,1.016,1.0062,1.0089,2681226.0
1750089600000,1.009,1.0177,1.0071,1.011,2357164.0
1750093200000,1.0109,1.0146,1.0063,1.0086,1796487.0
1750096800000,1.0086,1.0162,1.0069,1.0157,1546119.0
1750100400000,1.0157,1.0248,1.0098,1.0137,2756047.0
1750104000000,1.0137,1.023,1.0092,1.0192,2511050.0
1750107600000,1.0191,1.0216,1.0117,1.0167,1535121.0
1750111200000,1.0166,1.0195,0.9701,0.9806,12492249.0
1750114800000,0.9807,0.9886,0.9562,0.9587,9159476.0
1750118400000,0.9587,0.9587,0.9163,0.9502,25300376.0
1750122000000,0.9502,0.9616,0.9456,0.9493,6587866.0
1750125600000,0.9493,0.9628,0.9421,0.9606,4999956.0
1750129200000,0.9607,0.9669,0.9554,0.9606,3525615.0
1750132800000,0.9606,0.9629,0.952,0.9552,2773748.0
1750136400000,0.955,0.9578,0.945,0.9478,2962766.0
1750140000000,0.9477,0.9506,0.9383,0.9437,3632974.0
1750143600000,0.9437,0.9511,0.9429,0.946,3971120.0
1750147200000,0.9459,0.9467,0.9327,0.9344,5666522.0
1750150800000,0.9345,0.9419,0.9329,0.9368,3524790.0
1750154400000,0.9368,0.938,0.9271,0.9371,5330115.0
1750158000000,0.9371,0.9378,0.9261,0.9306,3405623.0
1750161600000,0.9306,0.9331,0.9239,0.929,4059913.0
1750165200000,0.929,0.9371,0.9244,0.9309,5620557.0
1750168800000,0.9309,0.9452,0.9241,0.925,6380403.0
1750172400000,0.9249,0.9269,0.9062,0.9162,14304393.0
1750176000000,0.9163,0.9179,0.8926,0.8933,11880734.0
1750179600000,0.8932,0.9116,0.8906,0.9065,8086645.0
1750183200000,0.9064,0.914,0.9009,0.9139,4377079.0
1750186800000,0.914,0.9344,0.913,0.9258,5541137.0
1750190400000,0.9257,0.9297,0.9179,0.9193,2755644.0
1750194000000,0.9193,0.9224,0.9107,0.9151,2620868.0
1750197600000,0.9152,0.9164,0.9029,0.9045,2516074.0
1750201200000,0.9047,0.9176,0.9045,0.9101,1781414.0
1750204800000,0.9101,0.9199,0.9075,0.9182,2992001.0
1750208400000,0.9181,0.9238,0.9138,0.9147,2336421.0
1750212000000,0.9148,0.9194,0.9096,0.9137,1839102.0
1750215600000,0.9136,0.9241,0.9133,0.9208,2035761.0
1750219200000,0.9208,0.9315,0.9193,0.9273,2603357.0
1750222800000,0.9274,0.932,0.9241,0.9258,2385487.0
1750226400000,0.9258,0.928,0.9189,0.9207,2506874.0
1750230000000,0.9206,0.9214,0.9171,0.919,2419702.0
1750233600000,0.919,0.9226,0.9056,0.9093,5023465.0
1750237200000,0.9093,0.912,0.8981,0.9019,5819114.0
1750240800000,0.902,0.9023,0.8793,0.8816,11173585.0
1750244400000,0.8816,0.8971,0.879,0.896,6891586.0
1750248000000,0.896,0.8978,0.8866,0.8873,4991019.0
1750251600000,0.8873,0.8899,0.8671,0.889,11723417.0
1750255200000,0.8891,0.9124,0.8856,0.902,14751425.0
1750258800000,0.902,0.9133,0.8967,0.908,5170325.0
1750262400000,0.9079,0.9088,0.8945,0.8995,4061305.0
1750266000000,0.8995,0.9142,0.8906,0.9087,5117266.0
1750269600000,0.9086,0.9192,0.8966,0.8967,7467313.0
1750273200000,0.8966,0.915,0.8945,0.902,6773033.0
1750276800000,0.9019,0.9681,0.8992,0.9491,11199830.0
1750280400000,0.949,0.9537,0.9367,0.9473,6607269.0
1750284000000,0.9473,0.9499,0.9385,0.9474,3058603.0
1750287600000,0.9474,0.9579,0.9446,0.9552,4917067.0
1750291200000,0.9553,0.969,0.9457,0.9573,6768807.0
1750294800000,0.9574,0.9578,0.9401,0.9429,5998075.0
1750298400000,0.9429,0.9463,0.9365,0.937,4320542.0
1750302000000,0.9371,0.9469,0.937,0.9429,2808656.0
1750305600000,0.9429,0.9459,0.9366,0.9457,2692444.0
1750309200000,0.9456,0.9555,0.9418,0.9421,3816395.0
1750312800000,0.942,0.9468,0.9383,0.9408,2690088.0
1750316400000,0.9408,0.9441,0.932,0.9333,3435070.0
1750320000000,0.9334,0.94,0.9331,0.9346,3025375.0
1750323600000,0.9346,0.943,0.9332,0.9386,2931256.0
1750327200000,0.9386,0.9395,0.9262,0.9301,3264872.0
1750330800000,0.93,0.93,0.9209,0.923,6474592.0
1750334400000,0.923,0.9291,0.9191,0.9248,2770825.0
1750338000000,0.9248,0.9291,0.9228,0.9267,3568907.0
1750341600000,0.9268,0.9353,0.9252,0.9317,5977970.0
1750345200000,0.9317,0.9341,0.9262,0.931,3787230.0
1750348800000,0.931,0.9382,0.9207,0.9235,6032687.0
1750352400000,0.9236,0.941,0.9196,0.9353,5930304.0
1750356000000,0.9353,0.9431,0.9264,0.9325,3262201.0
1750359600000,0.9324,0.9363,0.9275,0.9283,1542532.0
1750363200000,0.9284,0.9344,0.9229,0.9265,1633663.0
1750366800000,0.9265,0.9319,0.9235,0.9277,1917167.0
1750370400000,0.9277,0.9382,0.9277,0.9316,2410335.0
1750374000000,0.9318,0.9328,0.9265,0.9307,1344724.0
1750377600000,0.9308,0.9371,0.9308,0.934,1460013.0
1750381200000,0.9341,0.9344,0.9263,0.9339,1819194.0
1750384800000,0.9339,0.9352,0.9258,0.9271,1480067.0
1750388400000,0.927,0.9292,0.9235,0.9246,1923127.0
1750392000000,0.9245,0.9255,0.9116,0.9132,4356582.0
1750395600000,0.9132,0.9195,0.9095,0.9179,3442187.0
1750399200000,0.9179,0.9269,0.9174,0.924,2911481.0
1750402800000,0.924,0.9454,0.9217,0.9415,8915674.0
1750406400000,0.9416,0.9489,0.9345,0.9389,6445177.0
1750410000000,0.9388,0.9415,0.9323,0.9373,2994635.0
1750413600000,0.9372,0.9408,0.9314,0.9358,1889114.0
1750417200000,0.9357,0.9398,0.9324,0.937,1603965.0
1750420800000,0.937,0.9409,0.9327,0.9367,2169696.0
1750424400000,0.9368,0.9395,0.924,0.9288,4131997.0
1750428000000,0.9286,0.9324,0.8985,0.9007,8416533.0
1750431600000,0.9007,0.9634,0.9001,0.9245,32761365.0
1750435200000,0.9245,0.9283,0.8915,0.9005,19660348.0
1750438800000,0.9004,0.9043,0.8711,0.8945,21974914.0
1750442400000,0.8946,0.9063,0.8928,0.8981,6217276.0
1750446000000,0.8981,0.8981,0.8811,0.8874,5026375.0
1750449600000,0.8873,0.9017,0.887,0.8934,3168306.0
1750453200000,0.8935,0.8935,0.8835,0.8841,2422020.0
1750456800000,0.8841,0.8846,0.8704,0.8759,4607814.0
1750460400000,0.8759,0.8851,0.873,0.8849,2549565.0
1750464000000,0.8849,0.8934,0.8821,0.887,2558913.0
1750467600000,0.8869,0.8942,0.8846,0.8897,1800765.0
1750471200000,0.8897,0.8916,0.8852,0.889,1589475.0
1750474800000,0.8889,0.8955,0.8887,0.889,1893190.0
1750478400000,0.889,0.8903,0.8853,0.8879,1382697.0
1750482000000,0.8879,0.8942,0.8861,0.8888,1398569.0
1750485600000,0.8888,0.8899,0.886,0.8869,975762.0
1750489200000,0.8869,0.8908,0.8826,0.8889,2472806.0
1750492800000,0.8887,0.8959,0.8851,0.8954,2006522.0
1750496400000,0.8954,0.8957,0.8858,0.8881,3114466.0
1750500000000,0.8881,0.8893,0.8781,0.8801,4264485.0
1750503600000,0.8801,0.884,0.8785,0.8799,2296447.0
1750507200000,0.8799,0.8832,0.8675,0.869,6012423.0
1750510800000,0.8691,0.8742,0.8563,0.8602,9788753.0
1750514400000,0.8601,0.8642,0.8505,0.8541,7424326.0
1750518000000,0.854,0.8575,0.8441,0.855,7426556.0
1750521600000,0.855,0.8602,0.8469,0.8515,5359892.0
1750525200000,0.8514,0.8547,0.8332,0.839,8354263.0
1750528800000,0.8392,0.845,0.8334,0.8355,5211187.0
1750532400000,0.8355,0.8385,0.8283,0.8331,4717916.0
1750536000000,0.833,0.8466,0.8314,0.8435,4931580.0
1750539600000,0.8436,0.8456,0.7956,0.8178,17463050.0
1750543200000,0.8177,0.8402,0.8168,0.838,6891305.0
1750546800000,0.8381,0.8665,0.834,0.8656,12616463.0
1750550400000,0.8656,0.8814,0.8548,0.8678,16148455.0
1750554000000,0.8678,0.8694,0.8564,0.8576,6130341.0
1750557600000,0.8577,0.862,0.8472,0.8522,6597340.0
1750561200000,0.8521,0.8558,0.8476,0.851,3431456.0
1750564800000,0.851,0.8607,0.8456,0.8467,3899820.0
1750568400000,0.8467,0.8523,0.8443,0.8497,2789199.0
1750572000000,0.8498,0.863,0.8449,0.8567,3701491.0
1750575600000,0.8566,0.8596,0.8464,0.8498,4279166.0
1750579200000,0.8499,0.8533,0.8451,0.8489,2388659.0
1750582800000,0.849,0.8511,0.8302,0.8324,6740508.0
1750586400000,0.8325,0.8448,0.8322,0.8387,2712151.0
1750590000000,0.8388,0.852,0.8353,0.8373,4767515.0
1750593600000,0.8373,0.8421,0.824,0.8355,5127709.0
1750597200000,0.8355,0.8377,0.791,0.8074,21901707.0
1750600800000,0.8073,0.8141,0.7866,0.8122,13995445.0
1750604400000,0.8123,0.8166,0.7946,0.7955,6873803.0
1750608000000,0.7955,0.7997,0.7837,0.79,7344939.0
1750611600000,0.79,0.8015,0.7789,0.7949,8403594.0
1750615200000,0.7949,0.8018,0.7916,0.7942,4345901.0
1750618800000,0.7942,0.8007,0.787,0.793,3825288.0
1750622400000,0.7931,0.8061,0.7708,0.8028,9985255.0
1750626000000,0.8029,0.8109,0.7963,0.7984,3098244.0
1750629600000,0.7985,0.8318,0.7976,0.8296,9477416.0
1750633200000,0.8296,0.8334,0.8257,0.8279,4939360.0
1750636800000,0.828,0.8376,0.8267,0.83,5938428.0
1750640400000,0.8301,0.8337,0.8256,0.8326,2532856.0
1750644000000,0.8327,0.8338,0.8233,0.8247,2451517.0
1750647600000,0.8247,0.8274,0.8192,0.8213,2024884.0
1750651200000,0.8214,0.8262,0.8197,0.8248,2413282.0
1750654800000,0.8249,0.8314,0.8241,0.8287,3496226.0
1750658400000,0.8287,0.8338,0.8247,0.8308,3954213.0
1750662000000,0.8308,0.8389,0.8276,0.8296,3545661.0
1750665600000,0.8296,0.833,0.8238,0.8286,3143026.0
1750669200000,0.8287,0.83,0.8226,0.8267,2356421.0
1750672800000,0.8267,0.8274,0.8183,0.8211,2632872.0
1750676400000,0.8211,0.823,0.8162,0.8228,3173831.0
1750680000000,0.8229,0.8333,0.816,0.833,3822346.0
1750683600000,0.8331,0.8467,0.8171,0.8436,8778153.0
1750687200000,0.8437,0.8517,0.8353,0.8384,8346678.0
1750690800000,0.8384,0.8431,0.823,0.8238,7831999.0
1750694400000,0.8238,0.825,0.7991,0.8095,13173839.0
1750698000000,0.8095,0.85,0.8069,0.8437,14693830.0
1750701600000,0.8437,0.8584,0.8422,0.8519,7431823.0
1750705200000,0.8519,0.8628,0.8516,0.8602,4208296.0
1750708800000,0.8602,0.8873,0.8598,0.8855,8844974.0
1750712400000,0.8856,0.8891,0.8728,0.8749,3898140.0
1750716000000,0.875,0.9211,0.8749,0.9167,12510645.0
1750719600000,0.9168,0.9316,0.9123,0.9236,6833900.0
1750723200000,0.9237,0.9321,0.9109,0.9167,7071487.0
1750726800000,0.9167,0.9302,0.9128,0.93,4102544.0
1750730400000,0.9299,0.9299,0.9182,0.9262,4176328.0
1750734000000,0.9261,0.9369,0.9255,0.9329,4736255.0
1750737600000,0.9328,0.9374,0.928,0.9311,4404746.0
1750741200000,0.9311,0.9557,0.9295,0.9533,7902974.0
1750744800000,0.9533,0.9579,0.9483,0.9514,5904449.0
1750748400000,0.9514,0.9573,0.9322,0.9331,7336839.0
1750752000000,0.9331,0.9409,0.9262,0.9331,7502375.0
1750755600000,0.9329,0.9475,0.9294,0.9346,4639482.0
1750759200000,0.9347,0.9361,0.9229,0.9248,3989622.0
1750762800000,0.9247,0.929,0.9174,0.9246,5205155.0
1750766400000,0.9246,0.9333,0.921,0.9248,3686463.0
1750770000000,0.9247,0.9306,0.9181,0.9224,5139866.0
1750773600000,0.9224,0.9365,0.9208,0.928,5236741.0
1750777200000,0.928,0.9325,0.9154,0.9219,6026032.0
1750780800000,0.922,0.9392,0.921,0.9384,5942117.0
1750784400000,0.9384,0.9392,0.9136,0.9197,5225659.0
1750788000000,0.9198,0.9212,0.9107,0.9118,3199144.0
1750791600000,0.9119,0.9155,0.9041,0.9116,3318796.0
1750795200000,0.9114,0.9243,0.9072,0.9225,2713934.0
1750798800000,0.9224,0.9263,0.9153,0.9256,1277196.0
1750802400000,0.9255,0.9261,0.9187,0.9241,1879656.0
1750806000000,0.924,0.9306,0.9165,0.9301,2307200.0
1750809600000,0.93,0.9345,0.9263,0.9337,3089259.0
1750813200000,0.9336,0.9352,0.9254,0.9304,3655488.0
1750816800000,0.9305,0.9374,0.9245,0.9275,3782798.0
1750820400000,0.9275,0.9345,0.9248,0.9268,2327944.0
1750824000000,0.927,0.9287,0.9195,0.9212,2641881.0
1750827600000,0.9212,0.9218,0.9146,0.915,2726597.0
1750831200000,0.915,0.922,0.9131,0.9196,2308464.0
1750834800000,0.9195,0.9269,0.916,0.9213,3118959.0
1750838400000,0.9214,0.9224,0.9063,0.9118,4396576.0
1750842000000,0.9119,0.9197,0.9003,0.9059,6408126.0
1750845600000,0.9058,0.9105,0.9023,0.9071,2804944.0
1750849200000,0.907,0.9166,0.9036,0.916,3049801.0
1750852800000,0.9159,0.9159,0.9056,0.9078,2492448.0
1750856400000,0.9077,0.9237,0.9062,0.9198,5768613.0
1750860000000,0.9198,0.9219,0.8971,0.9125,8775508.0
1750863600000,0.9124,0.9132,0.8923,0.8954,5971131.0
1750867200000,0.8954,0.9015,0.8853,0.889,4633405.0
1750870800000,0.8889,0.9035,0.8856,0.8963,4965599.0
1750874400000,0.8962,0.8968,0.8879,0.8893,1541053.0
1750878000000,0.8893,0.9003,0.8889,0.8925,2380951.0
1750881600000,0.8925,0.8975,0.8892,0.8969,1551517.0
1750885200000,0.8968,0.9029,0.8837,0.886,2142012.0
1750888800000,0.8861,0.8873,0.8758,0.8797,3745970.0
1750892400000,0.8797,0.885,0.8757,0.884,2111500.0
1750896000000,0.8842,0.8893,0.8802,0.8849,2658575.0
1750899600000,0.8848,0.9049,0.8802,0.8964,4964274.0
1750903200000,0.8964,0.9052,0.8894,0.9033,4253624.0
1750906800000,0.9032,0.9136,0.8893,0.8928,5136170.0
1750910400000,0.8928,0.894,0.8826,0.8888,2741839.0
1750914000000,0.8887,0.8887,0.8804,0.8859,2271200.0
1750917600000,0.8858,0.8938,0.8833,0.8916,2552672.0
1750921200000,0.8915,0.9007,0.8894,0.8951,3354214.0
1750924800000,0.8951,0.8991,0.8875,0.8877,2361497.0
1750928400000,0.8878,0.8895,0.8773,0.881,4805798.0
1750932000000,0.8809,0.8829,0.8763,0.8801,2659372.0
1750935600000,0.8801,0.881,0.8747,0.8766,2749576.0
1750939200000,0.8765,0.878,0.8631,0.8641,5950377.0
1750942800000,0.8642,0.8652,0.8518,0.8559,6835368.0
1750946400000,0.8559,0.8729,0.8523,0.8648,6514584.0
1750950000000,0.8649,0.8718,0.8575,0.8681,5640644.0
1750953600000,0.868,0.8687,0.8562,0.8587,2867845.0
1750957200000,0.8588,0.868,0.8586,0.8589,2365813.0
1750960800000,0.859,0.8703,0.8583,0.8694,2484878.0
1750964400000,0.8695,0.8777,0.8639,0.8738,2536174.0
1750968000000,0.8737,0.893,0.872,0.8808,5223201.0
1750971600000,0.8808,0.8827,0.8647,0.8711,2845919.0
1750975200000,0.871,0.8779,0.8646,0.865,1604836.0
1750978800000,0.8651,0.8674,0.8609,0.8634,1898134.0
1750982400000,0.8634,0.8698,0.8556,0.8559,2919912.0
1750986000000,0.856,0.8705,0.8501,0.8684,5778548.0
1750989600000,0.8685,0.8732,0.8647,0.87,2501543.0
1750993200000,0.8702,0.8716,0.8642,0.8685,2546478.0
1750996800000,0.8683,0.8691,0.8638,0.8661,2065201.0
1751000400000,0.8662,0.8855,0.864,0.8646,8308803.0
1751004000000,0.8645,0.8729,0.862,0.8676,3679435.0
1751007600000,0.8676,0.8747,0.8567,0.8596,3259852.0
1751011200000,0.8596,0.8777,0.859,0.8725,4697699.0
1751014800000,0.8726,0.8749,0.8654,0.8688,4040142.0
1751018400000,0.8687,0.8696,0.8592,0.8599,3001363.0
1751022000000,0.8599,0.865,0.8594,0.864,1575830.0
1751025600000,0.8638,0.8705,0.8554,0.8564,4184402.0
1751029200000,0.8563,0.8667,0.8553,0.8657,3979722.0
1751032800000,0.8657,0.8725,0.8583,0.8599,6026123.0
1751036400000,0.8599,0.8753,0.8575,0.872,4025500.0
1751040000000,0.872,0.888,0.8682,0.875,6429262.0
1751043600000,0.8749,0.8766,0.8575,0.8638,5930270.0
1751047200000,0.8638,0.8653,0.8508,0.8544,3231229.0
1751050800000,0.8543,0.8598,0.8526,0.8569,2107082.0
1751054400000,0.8569,0.8673,0.8552,0.8669,2134184.0
1751058000000,0.867,0.8723,0.8619,0.8694,1819377.0
1751061600000,0.8694,0.8742,0.869,0.8735,864893.0
1751065200000,0.8735,0.874,0.8682,0.8734,1370384.0
1751068800000,0.8737,0.8749,0.8705,0.8732,1240826.0
1751072400000,0.8732,0.884,0.8662,0.8774,8190282.0
1751076000000,0.8775,0.8791,0.8713,0.8731,2751929.0
1751079600000,0.8731,0.8768,0.8719,0.875,1601834.0
1751083200000,0.875,0.8759,0.8701,0.871,1197474.0
1751086800000,0.871,0.879,0.8705,0.8744,2192532.0
1751090400000,0.8745,0.8775,0.8724,0.8771,1612940.0
1751094000000,0.8771,0.8811,0.8739,0.8805,1325726.0
1751097600000,0.8805,0.8835,0.871,0.8719,2982530.0
1751101200000,0.8718,0.8761,0.8681,0.8718,2080184.0
1751104800000,0.8718,0.8732,0.8667,0.8699,2406650.0
1751108400000,0.8699,0.8729,0.8681,0.8687,1493829.0
1751112000000,0.8688,0.875,0.867,0.8731,1656865.0
1751115600000,0.873,0.8749,0.8685,0.8703,1298000.0
1751119200000,0.8703,0.8743,0.8702,0.8725,997363.0
1751122800000,0.8724,0.8813,0.8718,0.8802,1798442.0
1751126400000,0.8801,0.8878,0.8755,0.8784,4523227.0
1751130000000,0.8783,0.8893,0.8753,0.8878,2331109.0
1751133600000,0.8879,0.8896,0.8823,0.8877,2038389.0
1751137200000,0.8877,0.8937,0.8848,0.8861,4269852.0
1751140800000,0.8862,0.8898,0.8834,0.8849,1824764.0
1751144400000,0.885,0.8952,0.8843,0.8934,1539026.0
1751148000000,0.8935,0.9049,0.8909,0.8998,2842334.0
1751151600000,0.8999,0.9023,0.8939,0.8953,1544227.0
1751155200000,0.8953,0.904,0.8926,0.8991,3367611.0
1751158800000,0.8991,0.8997,0.8874,0.8878,2506507.0
1751162400000,0.8878,0.892,0.8852,0.8913,1977685.0
1751166000000,0.8913,0.8956,0.8895,0.8904,2068754.0
1751169600000,0.8905,0.8934,0.8889,0.8928,1381179.0
1751173200000,0.8928,0.8931,0.8874,0.8899,1374995.0
1751176800000,0.89,0.895,0.889,0.8944,1072651.0
1751180400000,0.8944,0.8987,0.8907,0.8987,2270457.0
1751184000000,0.8987,0.9038,0.8946,0.9021,2528550.0
1751187600000,0.9022,0.9075,0.8989,0.9012,2989744.0
1751191200000,0.901,0.9049,0.8977,0.9007,2174339.0
1751194800000,0.9007,0.9034,0.8987,0.9013,1352447.0
1751198400000,0.9011,0.9047,0.8963,0.902,2193896.0
1751202000000,0.9021,0.9089,0.8995,0.9,3989018.0
1751205600000,0.9,0.904,0.8915,0.8916,3754720.0
1751209200000,0.8916,0.893,0.8856,0.8881,4562533.0
1751212800000,0.8881,0.8955,0.8864,0.895,2612267.0
1751216400000,0.8951,0.8965,0.8884,0.895,1680210.0
1751220000000,0.8949,0.9004,0.8904,0.8995,1366302.0
1751223600000,0.8995,0.9041,0.898,0.9029,1458590.0
1751227200000,0.9029,0.9055,0.9006,0.9022,1561905.0
1751230800000,0.9022,0.9203,0.8962,0.9193,3520401.0
1751234400000,0.9194,0.9591,0.919,0.9531,12566345.0
1751238000000,0.9531,0.9566,0.9408,0.941,5499159.0
1751241600000,0.9411,0.9481,0.934,0.9352,6935003.0
1751245200000,0.9353,0.9353,0.9229,0.9246,5090202.0
1751248800000,0.9247,0.9264,0.9163,0.9166,3613860.0
1751252400000,0.9167,0.9235,0.9142,0.9205,4714303.0
1751256000000,0.9205,0.9216,0.9145,0.9152,2307913.0
1751259600000,0.9152,0.9239,0.915,0.9207,2798954.0
1751263200000,0.9206,0.9242,0.9037,0.913,6122420.0
1751266800000,0.9129,0.9271,0.9107,0.9237,5086349.0
1751270400000,0.9237,0.9247,0.9132,0.9141,4175850.0
1751274000000,0.914,0.9191,0.9062,0.9071,3932300.0
1751277600000,0.907,0.9096,0.9033,0.9059,3968149.0
1751281200000,0.9058,0.9092,0.9007,0.9017,3413749.0
1751284800000,0.9017,0.907,0.8911,0.8948,5684195.0
1751288400000,0.8947,0.9016,0.887,0.8898,6741326.0
1751292000000,0.8899,0.898,0.8838,0.8882,8775026.0
1751295600000,0.8883,0.9091,0.8822,0.8989,13013850.0
1751299200000,0.899,0.9082,0.8954,0.9068,5038260.0
1751302800000,0.9068,0.9123,0.9016,0.9036,4684927.0
1751306400000,0.9035,0.9064,0.8955,0.8999,3161375.0
1751310000000,0.8997,0.9221,0.8994,0.9199,4293399.0
1751313600000,0.9199,0.9246,0.9087,0.9095,3241973.0
1751317200000,0.9096,0.9131,0.9019,0.9059,2774795.0
1751320800000,0.9059,0.9093,0.8996,0.8998,2671581.0
1751324400000,0.8999,0.903,0.8951,0.898,2116411.0
1751328000000,0.8979,0.9028,0.8914,0.8957,4082329.0
1751331600000,0.8957,0.9007,0.8892,0.8896,2832037.0
1751335200000,0.8896,0.8928,0.8863,0.8874,3270437.0
1751338800000,0.8874,0.8911,0.8843,0.8891,2290871.0
1751342400000,0.8891,0.8891,0.8765,0.8774,4741327.0
1751346000000,0.8775,0.879,0.8704,0.8781,4188241.0
1751349600000,0.8781,0.8815,0.8723,0.875,3778788.0
1751353200000,0.875,0.8814,0.8689,0.8804,5328449.0
1751356800000,0.8804,0.8805,0.869,0.8728,2874246.0
1751360400000,0.8728,0.8768,0.8696,0.8759,1926393.0
1751364000000,0.8759,0.8779,0.8714,0.8746,2529732.0
1751367600000,0.8745,0.8746,0.8651,0.868,3583515.0
1751371200000,0.8679,0.8693,0.8611,0.8625,3705604.0
1751374800000,0.8626,0.8744,0.8586,0.8705,5644425.0
1751378400000,0.8707,0.8757,0.8618,0.8685,5805072.0
1751382000000,0.8684,0.869,0.8594,0.8622,3097399.0
1751385600000,0.8622,0.8653,0.857,0.8608,3699008.0
1751389200000,0.8608,0.8638,0.8573,0.8635,1544927.0
1751392800000,0.8636,0.8636,0.8486,0.8509,4839869.0
1751396400000,0.8509,0.8563,0.8472,0.8474,3892119.0
1751400000000,0.8475,0.8543,0.8436,0.8526,3285289.0
1751403600000,0.8525,0.8557,0.8452,0.8525,1874258.0
1751407200000,0.8524,0.8549,0.8475,0.8497,1563481.0
1751410800000,0.8497,0.8554,0.8461,0.8538,1864494.0
1751414400000,0.8538,0.8556,0.8486,0.8508,2354403.0
1751418000000,0.8509,0.8575,0.8443,0.8532,3497933.0
1751421600000,0.8532,0.8557,0.8495,0.855,2927644.0
1751425200000,0.8551,0.8629,0.8545,0.8557,2823768.0
1751428800000,0.8557,0.8707,0.8533,0.8674,3641360.0
1751432400000,0.8675,0.8726,0.8645,0.8677,3878055.0
1751436000000,0.8677,0.8766,0.867,0.8764,3555442.0
1751439600000,0.8765,0.892,0.8757,0.8877,10283329.0
1751443200000,0.8878,0.8956,0.8868,0.8928,7048596.0
1751446800000,0.8929,0.8939,0.8823,0.8832,3973490.0
1751450400000,0.8832,0.8915,0.8782,0.8882,3592105.0
1751454000000,0.8881,0.8984,0.883,0.8857,4633041.0
1751457600000,0.8856,0.8933,0.8839,0.8933,3282879.0
1751461200000,0.8934,0.9045,0.8908,0.8923,5047715.0
1751464800000,0.8922,0.9061,0.8908,0.9044,3988426.0
1751468400000,0.9044,0.9163,0.9026,0.9143,5771564.0
1751472000000,0.9143,0.9506,0.9143,0.9454,11478512.0
1751475600000,0.9455,0.9532,0.9357,0.9472,7445392.0
1751479200000,0.9472,0.9597,0.9436,0.9586,8750615.0
1751482800000,0.9585,0.963,0.9508,0.96,3936872.0
1751486400000,0.9599,0.9672,0.9527,0.959,4888399.0
1751490000000,0.9592,0.964,0.9519,0.9585,2947840.0
1751493600000,0.9586,0.9656,0.9539,0.9554,3413596.0
1751497200000,0.9555,0.9566,0.9426,0.9439,4944571.0
1751500800000,0.9439,0.9546,0.9425,0.953,3755841.0
1751504400000,0.953,0.9688,0.9491,0.9664,4478880.0
1751508000000,0.9664,0.9669,0.9577,0.9636,4356756.0
1751511600000,0.9635,0.9656,0.9504,0.9522,4947689.0
1751515200000,0.9522,0.9631,0.9511,0.9626,3930533.0
1751518800000,0.9626,0.9814,0.9624,0.9794,7760950.0
1751522400000,0.9794,0.9833,0.9723,0.9802,4565616.0
1751526000000,0.98,0.9825,0.9674,0.9682,3594377.0
1751529600000,0.9685,0.9765,0.9654,0.9659,3738580.0
1751533200000,0.966,0.9759,0.9627,0.9691,4562531.0
1751536800000,0.9691,0.9709,0.9546,0.9588,5718698.0
1751540400000,0.959,0.9614,0.9495,0.9538,3444089.0
1751544000000,0.9538,0.9695,0.9417,0.9544,9446950.0
1751547600000,0.9542,0.9701,0.9479,0.9652,6257439.0
1751551200000,0.9654,0.9655,0.9403,0.9448,8589432.0
1751554800000,0.9447,0.9466,0.9222,0.9243,9029861.0
1751558400000,0.9243,0.9359,0.9238,0.932,5870140.0
1751562000000,0.9321,0.9414,0.9312,0.9382,3445384.0
1751565600000,0.9382,0.9425,0.9324,0.9402,2699791.0
1751569200000,0.9402,0.9446,0.9374,0.9443,1346922.0
1751572800000,0.9442,0.9499,0.9419,0.9491,1648990.0
1751576400000,0.9492,0.9508,0.9432,0.9491,1255907.0
1751580000000,0.949,0.9496,0.9441,0.9461,1178676.0
1751583600000,0.9461,0.9476,0.9412,0.9436,1567355.0
1751587200000,0.9435,0.9486,0.9396,0.9445,3851173.0
1751590800000,0.9444,0.9522,0.9389,0.9405,3653624.0
1751594400000,0.9404,0.941,0.9287,0.9318,6466517.0
1751598000000,0.9318,0.9388,0.9304,0.9342,2516528.0
1751601600000,0.9341,0.9382,0.924,0.9246,3775155.0
1751605200000,0.9246,0.9326,0.9237,0.9264,2707934.0
1751608800000,0.9263,0.9263,0.9127,0.9143,5957983.0
1751612400000,0.9143,0.9171,0.9027,0.9037,6652868.0
1751616000000,0.9038,0.9071,0.8953,0.906,6593367.0
1751619600000,0.906,0.909,0.8989,0.901,3458852.0
1751623200000,0.901,0.9041,0.8936,0.8951,4047533.0
1751626800000,0.8951,0.9004,0.8931,0.896,3746683.0
1751630400000,0.896,0.9,0.8892,0.8937,3467572.0
1751634000000,0.8936,0.899,0.8857,0.8878,6025367.0
1751637600000,0.8879,0.8893,0.8755,0.8804,9473546.0
1751641200000,0.8804,0.882,0.8701,0.8707,6095783.0
1751644800000,0.8706,0.8723,0.8593,0.8694,8759170.0
1751648400000,0.8694,0.8737,0.864,0.873,4108691.0
1751652000000,0.873,0.873,0.8627,0.8679,2276873.0
1751655600000,0.8679,0.8717,0.8643,0.8662,2077625.0
1751659200000,0.8662,0.873,0.8649,0.8705,1765011.0
1751662800000,0.8705,0.8715,0.8664,0.8706,1813782.0
1751666400000,0.8704,0.8777,0.8693,0.8775,2940451.0
1751670000000,0.8774,0.8774,0.8702,0.8734,1855610.0
1751673600000,0.8734,0.8784,0.8715,0.8758,2125133.0
1751677200000,0.8757,0.8757,0.8693,0.8715,2760297.0
1751680800000,0.8715,0.8767,0.8676,0.8766,3370929.0
1751684400000,0.8766,0.8831,0.8763,0.8769,2554729.0
1751688000000,0.877,0.8794,0.8728,0.8729,1928267.0
1751691600000,0.873,0.8811,0.8715,0.8808,1467866.0
1751695200000,0.8809,0.886,0.8776,0.8858,2369744.0
1751698800000,0.8859,0.8865,0.8789,0.8805,1765657.0
1751702400000,0.8805,0.8847,0.8758,0.8793,2107349.0
1751706000000,0.8791,0.8812,0.8734,0.8801,2334378.0
1751709600000,0.88,0.88,0.8746,0.8748,1097494.0
1751713200000,0.8749,0.879,0.8749,0.8753,1002479.0
1751716800000,0.8752,0.8766,0.8671,0.8702,3238676.0
1751720400000,0.8701,0.8742,0.8676,0.8685,2289873.0
1751724000000,0.8686,0.8748,0.8663,0.8747,2004409.0
1751727600000,0.8746,0.8755,0.8682,0.8698,1323104.0
1751731200000,0.8698,0.8742,0.8662,0.873,3167222.0
1751734800000,0.8731,0.8754,0.8641,0.8678,3637320.0
1751738400000,0.8679,0.8679,0.8546,0.8563,4817348.0
1751742000000,0.8564,0.8656,0.8555,0.8638,1566449.0
1751745600000,0.8639,0.8684,0.8611,0.8669,1228279.0
1751749200000,0.8668,0.8689,0.8624,0.8652,1201984.0
1751752800000,0.8651,0.8679,0.8632,0.8668,1416968.0
1751756400000,0.8669,0.8691,0.8657,0.8683,1405890.0
1751760000000,0.8684,0.8694,0.8648,0.8675,1841842.0
1751763600000,0.8675,0.8681,0.8616,0.8637,1593243.0
1751767200000,0.8638,0.8683,0.8607,0.8609,2600910.0
1751770800000,0.8609,0.8625,0.8594,0.8612,1831427.0
1751774400000,0.8611,0.8661,0.8602,0.8618,2389125.0
1751778000000,0.8617,0.8624,0.8591,0.8602,1552947.0
1751781600000,0.8601,0.8686,0.8597,0.8675,2533222.0
1751785200000,0.8675,0.8749,0.8669,0.8686,3999219.0
1751788800000,0.8686,0.8748,0.8647,0.8716,4375539.0
1751792400000,0.8717,0.874,0.8651,0.8652,2450665.0
1751796000000,0.8653,0.8683,0.8619,0.8645,2770478.0
1751799600000,0.8644,0.8742,0.8627,0.8732,2442081.0
1751803200000,0.8732,0.8769,0.8688,0.8759,3222072.0
1751806800000,0.876,0.8915,0.8735,0.8863,8108378.0
1751810400000,0.8863,0.8903,0.8759,0.8811,6747321.0
1751814000000,0.8811,0.8846,0.8773,0.883,2619262.0
1751817600000,0.8829,0.8899,0.8806,0.8885,3540553.0
1751821200000,0.8886,0.8888,0.8788,0.8849,2826085.0
1751824800000,0.8848,0.8862,0.8753,0.882,3772270.0
1751828400000,0.882,0.8869,0.8818,0.8858,1715438.0
1751832000000,0.8857,0.8955,0.8856,0.8898,2533679.0
1751835600000,0.8897,0.9103,0.8897,0.9031,5213159.0
1751839200000,0.9031,0.9117,0.8994,0.9003,4521661.0
1751842800000,0.9004,0.9011,0.8858,0.8927,5453067.0
1751846400000,0.8927,0.8949,0.8875,0.8922,3112609.0
1751850000000,0.8922,0.8951,0.8879,0.8933,2732125.0
1751853600000,0.8933,0.9091,0.8933,0.8997,4944413.0
1751857200000,0.8996,0.9066,0.897,0.8977,2923401.0
1751860800000,0.8977,0.9017,0.8957,0.8966,2017738.0
1751864400000,0.8965,0.8991,0.8926,0.8947,2179722.0
1751868000000,0.8946,0.8956,0.8865,0.8871,3503398.0
1751871600000,0.8872,0.8929,0.8842,0.8928,4804647.0
1751875200000,0.8927,0.8936,0.8876,0.8903,3621535.0
1751878800000,0.8903,0.8903,0.8821,0.8839,3878169.0
1751882400000,0.8839,0.8839,0.8791,0.8796,5095116.0
1751886000000,0.8797,0.8847,0.8763,0.8812,3497400.0
1751889600000,0.8813,0.8827,0.8754,0.8795,3151930.0
1751893200000,0.8795,0.8877,0.8761,0.8876,4820073.0
1751896800000,0.8875,0.8884,0.8679,0.8723,8124884.0
1751900400000,0.8724,0.8782,0.872,0.8737,3303587.0
1751904000000,0.8736,0.8765,0.8661,0.8677,6749238.0
1751907600000,0.8677,0.8738,0.8645,0.8703,5026105.0
1751911200000,0.8703,0.8717,0.8621,0.8701,4172171.0
1751914800000,0.87,0.8781,0.8677,0.8694,4395013.0
1751918400000,0.8693,0.8693,0.8582,0.8622,4389536.0
1751922000000,0.8622,0.8682,0.859,0.8659,1775002.0
1751925600000,0.8659,0.8679,0.8608,0.8639,1965984.0
1751929200000,0.864,0.8732,0.8637,0.8716,1860725.0
1751932800000,0.8716,0.8762,0.8646,0.8669,5856015.0
1751936400000,0.8668,0.8668,0.8591,0.8621,4006601.0
1751940000000,0.862,0.8656,0.8561,0.8624,6516543.0
1751943600000,0.8623,0.8663,0.8618,0.8619,1823041.0
1751947200000,0.8619,0.8649,0.8591,0.8647,2320214.0
1751950800000,0.8647,0.8667,0.8628,0.8666,2055729.0
1751954400000,0.8665,0.8701,0.8616,0.8617,3428304.0
1751958000000,0.8616,0.8638,0.8592,0.8632,3347317.0
1751961600000,0.8631,0.8632,0.8553,0.8572,4457783.0
1751965200000,0.8572,0.8629,0.8558,0.8605,2504582.0
1751968800000,0.8605,0.8691,0.859,0.8683,2744103.0
1751972400000,0.8684,0.874,0.8664,0.8671,2703864.0
1751976000000,0.867,0.8729,0.8642,0.8726,1979775.0
1751979600000,0.8726,0.8744,0.8646,0.8709,2607501.0
1751983200000,0.8708,0.8714,0.8551,0.8566,5515686.0
1751986800000,0.8565,0.8602,0.8533,0.8581,3486790.0
1751990400000,0.8581,0.8659,0.854,0.8652,2805155.0
1751994000000,0.8653,0.8832,0.8647,0.8794,6402010.0
1751997600000,0.8793,0.8854,0.8789,0.8852,2427890.0
1752001200000,0.8852,0.8872,0.8787,0.8832,2012548.0
1752004800000,0.8832,0.8846,0.8761,0.8761,1318478.0
1752008400000,0.8761,0.8799,0.8734,0.8773,1250108.0
1752012000000,0.8772,0.8801,0.8735,0.8762,1122256.0
1752015600000,0.8761,0.8768,0.8714,0.8744,2157386.0
1752019200000,0.8743,0.8762,0.8687,0.8701,2204063.0
1752022800000,0.87,0.8749,0.8595,0.8622,4603070.0
1752026400000,0.8623,0.8646,0.8609,0.8641,2688564.0
1752030000000,0.8641,0.8676,0.86,0.8619,3338482.0
1752033600000,0.8619,0.8743,0.8605,0.8677,12638342.0
1752037200000,0.8677,0.8768,0.8621,0.8714,7782014.0
1752040800000,0.8714,0.8732,0.8662,0.8714,3599822.0
1752044400000,0.8713,0.8761,0.8696,0.8736,2930177.0
1752048000000,0.8736,0.876,0.8693,0.8718,3315493.0
1752051600000,0.8718,0.8734,0.8666,0.8712,2595378.0
1752055200000,0.8711,0.8736,0.8685,0.8715,1646167.0
1752058800000,0.8716,0.8775,0.8713,0.8736,3204278.0
1752062400000,0.8736,0.885,0.872,0.8806,6137161.0
1752066000000,0.8806,0.8855,0.8756,0.8771,4528934.0
1752069600000,0.877,0.8819,0.8643,0.8717,10630119.0
1752073200000,0.8717,0.8767,0.8678,0.8721,2977456.0
1752076800000,0.8721,0.8809,0.8721,0.8782,3552967.0
1752080400000,0.8781,0.8781,0.8685,0.8728,5464214.0
1752084000000,0.8728,0.8882,0.8722,0.8833,5829822.0
1752087600000,0.8834,0.9123,0.8826,0.9088,9418556.0
1752091200000,0.9087,0.9144,0.8955,0.9057,7215087.0
1752094800000,0.9056,0.9191,0.9041,0.9116,3803317.0
1752098400000,0.9116,0.9185,0.911,0.9153,4709123.0
1752102000000,0.9152,0.9184,0.9115,0.9134,3840303.0
1752105600000,0.9135,0.9163,0.8989,0.9006,5206464.0
1752109200000,0.9006,0.9128,0.9006,0.9094,3622989.0
1752112800000,0.9095,0.918,0.9092,0.918,3618407.0
1752116400000,0.918,0.9219,0.9139,0.918,4340904.0
1752120000000,0.918,0.9254,0.914,0.9241,4162466.0
1752123600000,0.9242,0.9252,0.9158,0.9165,3932363.0
1752127200000,0.9165,0.9246,0.9134,0.9239,3543941.0
1752130800000,0.924,0.9315,0.923,0.9242,5348805.0
1752134400000,0.9241,0.9327,0.9206,0.9316,4804484.0
1752138000000,0.9317,0.9348,0.9246,0.9263,5490231.0
1752141600000,0.9263,0.9367,0.9227,0.9347,4194689.0
1752145200000,0.9346,0.936,0.9297,0.9343,3051597.0
1752148800000,0.9342,0.9353,0.9236,0.9336,4312815.0
1752152400000,0.9335,0.9502,0.9315,0.9427,9108651.0
1752156000000,0.9427,0.9471,0.9323,0.9433,6964429.0
1752159600000,0.9433,0.9435,0.927,0.9302,3945546.0
1752163200000,0.9303,0.9592,0.9281,0.9586,10985176.0
1752166800000,0.9586,0.9827,0.9536,0.9824,10214190.0
1752170400000,0.9825,0.9912,0.9762,0.9907,9150674.0
1752174000000,0.9907,0.9971,0.977,0.9791,6731001.0
1752177600000,0.979,0.9977,0.9785,0.9966,4639859.0
1752181200000,0.9966,1.0597,0.9953,1.0523,21218920.0
1752184800000,1.0522,1.0756,1.0483,1.0627,13802344.0
1752188400000,1.0627,1.0723,1.0509,1.068,8148478.0
1752192000000,1.0681,1.0826,1.0516,1.0776,10897062.0
1752195600000,1.0777,1.0844,1.0606,1.0767,9027205.0
1752199200000,1.0767,1.0948,1.0674,1.0861,8715361.0
1752202800000,1.086,1.0973,1.0795,1.0943,6484672.0
1752206400000,1.0943,1.1111,1.0845,1.1096,9240707.0
1752210000000,1.1096,1.1395,1.1081,1.1236,17505105.0
1752213600000,1.1236,1.138,1.0914,1.0934,17244857.0
1752217200000,1.0934,1.0982,1.0765,1.0789,11984942.0
1752220800000,1.0791,1.1036,1.0791,1.099,7335213.0
1752224400000,1.099,1.1067,1.093,1.0989,6573434.0
1752228000000,1.0988,1.1025,1.0919,1.092,4222430.0
1752231600000,1.0921,1.0938,1.0776,1.0814,5895313.0
1752235200000,1.0816,1.0901,1.073,1.0901,5877928.0
1752238800000,1.0901,1.094,1.0725,1.0891,7982666.0
1752242400000,1.0892,1.1067,1.0817,1.0959,10721819.0
1752246000000,1.0959,1.1011,1.0665,1.0711,18352864.0
1752249600000,1.0712,1.088,1.0635,1.0844,14252241.0
1752253200000,1.0844,1.0969,1.0811,1.0933,6684961.0
1752256800000,1.0933,1.0996,1.0882,1.0943,3573235.0
1752260400000,1.0943,1.1013,1.0866,1.101,4118233.0
1752264000000,1.1008,1.1013,1.0822,1.083,4950298.0
1752267600000,1.0831,1.0852,1.0461,1.0557,9725001.0
1752271200000,1.0558,1.0614,1.0168,1.0322,13535325.0
1752274800000,1.0325,1.0486,1.0325,1.0408,4212037.0
1752278400000,1.0407,1.0466,1.0178,1.03,6793508.0
1752282000000,1.0301,1.0523,1.0299,1.0485,6019817.0
1752285600000,1.0484,1.0572,1.0452,1.0494,3551632.0
1752289200000,1.0493,1.0552,1.0459,1.051,3245566.0
1752292800000,1.0509,1.0528,1.0262,1.028,5492653.0
1752296400000,1.0281,1.0393,1.0201,1.0347,4917201.0
1752300000000,1.0346,1.0427,1.0258,1.0411,4800544.0
1752303600000,1.0411,1.0484,1.0337,1.0392,4694125.0
1752307200000,1.0392,1.0428,1.0294,1.032,2758644.0
1752310800000,1.032,1.0398,1.0297,1.0372,4358940.0
1752314400000,1.0371,1.0429,1.0317,1.0424,2442239.0
1752318000000,1.0424,1.0447,1.0324,1.0336,3048440.0
1752321600000,1.0336,1.039,1.0055,1.0194,9982183.0
1752325200000,1.0192,1.0192,1.0022,1.0167,6551941.0
1752328800000,1.0168,1.0296,1.0121,1.0142,5795103.0
1752332400000,1.0142,1.0151,0.9921,1.0047,12352501.0
1752336000000,1.0046,1.0187,0.999,1.0078,5075488.0
1752339600000,1.0078,1.0249,1.0057,1.0219,3103298.0
1752343200000,1.022,1.0297,1.0193,1.0263,2713474.0
1752346800000,1.0263,1.0304,1.023,1.0286,1947093.0
1752350400000,1.0286,1.0293,1.0111,1.0119,2822740.0
1752354000000,1.0119,1.0234,1.006,1.023,3074944.0
1752357600000,1.0231,1.025,1.0125,1.0231,1598162.0
1752361200000,1.0231,1.0297,1.0185,1.0291,1719390.0
1752364800000,1.0291,1.0344,1.024,1.0315,3282679.0
1752368400000,1.0315,1.0363,1.0269,1.0323,2529400.0
1752372000000,1.0322,1.0352,1.0233,1.0322,2540549.0
1752375600000,1.0321,1.0334,1.0257,1.0311,1808006.0
1752379200000,1.0312,1.0433,1.0265,1.0418,2762677.0
1752382800000,1.0418,1.0453,1.0327,1.0338,3044553.0
1752386400000,1.0339,1.0442,1.0322,1.0374,2668849.0
1752390000000,1.0373,1.0522,1.0351,1.0431,3568860.0
1752393600000,1.0431,1.0449,1.0275,1.0334,4000731.0
1752397200000,1.0335,1.0358,1.0295,1.034,2716776.0
1752400800000,1.0341,1.0399,1.0326,1.0356,1656082.0
1752404400000,1.0357,1.0494,1.0353,1.0492,2791973.0
1752408000000,1.0491,1.0611,1.0433,1.0568,4916327.0
1752411600000,1.0567,1.0627,1.0481,1.0576,3801300.0
1752415200000,1.0577,1.0709,1.0481,1.0548,7090911.0
1752418800000,1.0548,1.0682,1.0494,1.0553,3997762.0
1752422400000,1.0553,1.0698,1.0539,1.0578,5534664.0
1752426000000,1.0578,1.0655,1.0511,1.0609,3832992.0
1752429600000,1.0609,1.0762,1.058,1.069,2477300.0
1752433200000,1.0691,1.0792,1.0645,1.0658,2887163.0
1752436800000,1.0659,1.0753,1.0601,1.0693,2132837.0
1752440400000,1.0694,1.0703,1.0301,1.045,6521692.0
1752444000000,1.0446,1.0482,1.0346,1.0409,4477721.0
1752447600000,1.0408,1.0494,1.0372,1.0452,3130662.0
1752451200000,1.0453,1.0594,1.0391,1.0499,4253921.0
1752454800000,1.0499,1.0621,1.0441,1.0608,3893167.0
1752458400000,1.0608,1.0855,1.0586,1.0702,8024316.0
1752462000000,1.0702,1.0962,1.0678,1.0839,6909647.0
1752465600000,1.0842,1.1138,1.0797,1.1118,7043771.0
1752469200000,1.1118,1.1208,1.0767,1.0946,12950909.0
1752472800000,1.0946,1.0959,1.078,1.0834,7775690.0
1752476400000,1.0832,1.0949,1.0817,1.0914,6222883.0
1752480000000,1.0915,1.093,1.0674,1.0805,7363485.0
1752483600000,1.0807,1.089,1.0724,1.0799,6414061.0
1752487200000,1.0799,1.0846,1.0662,1.079,6067287.0
1752490800000,1.0789,1.0836,1.0668,1.0715,4718670.0
1752494400000,1.0714,1.0757,1.0623,1.074,4257301.0
1752498000000,1.0739,1.0839,1.0614,1.0773,7734703.0
1752501600000,1.0774,1.0828,1.0458,1.0606,13936288.0
1752505200000,1.0607,1.0607,1.0367,1.0459,9560891.0
1752508800000,1.0459,1.0589,1.0397,1.0574,6915915.0
1752512400000,1.0574,1.0577,1.0451,1.0531,3699118.0
1752516000000,1.0531,1.0534,1.035,1.0366,5036644.0
1752519600000,1.0364,1.0404,1.0284,1.0361,5265329.0
1752523200000,1.0361,1.0423,1.0189,1.0359,5901975.0
1752526800000,1.0358,1.0456,1.0339,1.0426,2196108.0
1752530400000,1.0426,1.0512,1.0379,1.0478,1771272.0
1752534000000,1.0478,1.0537,1.0431,1.0522,2301509.0
1752537600000,1.0521,1.0606,1.0377,1.0407,4987587.0
1752541200000,1.0407,1.047,1.0251,1.0343,6289082.0
1752544800000,1.0342,1.0414,1.022,1.0259,6705359.0
1752548400000,1.0259,1.0262,1.0015,1.0122,10915112.0
1752552000000,1.0122,1.0253,1.0007,1.0215,5496368.0
1752555600000,1.0214,1.0247,1.0163,1.0218,4200734.0
1752559200000,1.0217,1.0287,1.0124,1.0188,5084751.0
1752562800000,1.0188,1.027,1.0115,1.0138,3635527.0
1752566400000,1.0139,1.0163,1.0043,1.0106,4117151.0
1752570000000,1.0106,1.0202,1.01,1.0125,3687735.0
1752573600000,1.0125,1.0171,1.0099,1.0132,2239986.0
1752577200000,1.013,1.0177,1.0026,1.012,3480335.0
1752580800000,1.0122,1.0244,0.9975,1.0128,9473061.0
1752584400000,1.0129,1.0391,1.0117,1.0311,11170190.0
1752588000000,1.0312,1.038,0.9915,0.9972,11006046.0
1752591600000,0.9973,1.0342,0.9947,1.0306,9568032.0
1752595200000,1.0306,1.0474,1.0282,1.0428,7359816.0
1752598800000,1.0427,1.0715,1.0383,1.071,7231010.0
1752602400000,1.0712,1.0786,1.0398,1.0508,10199005.0
1752606000000,1.0507,1.0591,1.0319,1.0376,5306335.0
1752609600000,1.0375,1.0565,1.0335,1.0513,4250897.0
1752613200000,1.0512,1.0687,1.0496,1.0655,2615115.0
1752616800000,1.0654,1.068,1.0596,1.0676,2809256.0
1752620400000,1.0677,1.0875,1.0674,1.0853,5614446.0
1752624000000,1.0854,1.0942,1.0784,1.0833,6559456.0
1752627600000,1.0834,1.0865,1.0764,1.0799,3249138.0
1752631200000,1.08,1.0804,1.0487,1.0562,6833405.0
1752634800000,1.0563,1.0644,1.0529,1.0618,2368389.0
1752638400000,1.0619,1.0645,1.0516,1.061,2431640.0
1752642000000,1.061,1.073,1.061,1.065,3411356.0
1752645600000,1.065,1.0749,1.0596,1.0745,2558656.0
1752649200000,1.0745,1.0843,1.0676,1.0788,2756322.0
1752652800000,1.0787,1.0795,1.0719,1.0767,2456487.0
1752656400000,1.0767,1.0835,1.0686,1.0799,4573162.0
1752660000000,1.08,1.0804,1.0666,1.0679,2268451.0
1752663600000,1.068,1.084,1.0661,1.084,3274486.0
1752667200000,1.0839,1.097,1.0791,1.0812,5694986.0
1752670800000,1.0811,1.0858,1.0713,1.0815,4549938.0
1752674400000,1.0814,1.0957,1.0714,1.0936,7972763.0
1752678000000,1.0937,1.1058,1.0834,1.0969,12361436.0
1752681600000,1.097,1.1272,1.0957,1.1236,9294797.0
1752685200000,1.1236,1.1307,1.1115,1.1238,7708910.0
1752688800000,1.1239,1.1371,1.1187,1.1198,5401905.0
1752692400000,1.1198,1.1223,1.1084,1.1154,3675373.0
1752696000000,1.1155,1.1422,1.1153,1.1314,5916074.0
1752699600000,1.1314,1.1506,1.1264,1.1387,4132440.0
1752703200000,1.1387,1.1488,1.1145,1.119,5770544.0
1752706800000,1.119,1.1205,1.1024,1.1077,6568377.0
1752710400000,1.1077,1.1331,1.1029,1.1168,7857260.0
1752714000000,1.1167,1.1283,1.0828,1.0963,10035043.0
1752717600000,1.0963,1.1124,1.0935,1.1088,5720455.0
1752721200000,1.1089,1.1102,1.0823,1.0909,7273496.0
1752724800000,1.0908,1.098,1.085,1.0979,4464130.0
1752728400000,1.0978,1.11,1.0902,1.1091,5998084.0
1752732000000,1.1092,1.1225,1.0975,1.1176,9077617.0
1752735600000,1.1176,1.1222,1.101,1.1168,7792611.0
1752739200000,1.1168,1.1266,1.1108,1.1177,7909359.0
1752742800000,1.1177,1.132,1.1127,1.1249,10020794.0
1752746400000,1.1248,1.1276,1.114,1.122,8045898.0
1752750000000,1.1221,1.1279,1.1092,1.112,5811619.0
1752753600000,1.112,1.125,1.0992,1.1212,9675117.0
1752757200000,1.1211,1.1299,1.0965,1.1172,15104239.0
1752760800000,1.1171,1.1265,1.1039,1.1239,8143208.0
1752764400000,1.124,1.1273,1.1038,1.1121,7088936.0
1752768000000,1.112,1.1153,1.0677,1.0846,24383267.0
1752771600000,1.0847,1.096,1.079,1.0953,8664091.0
1752775200000,1.0953,1.1009,1.0878,1.0932,4425515.0
1752778800000,1.0932,1.1047,1.0704,1.0718,6411467.0
1752782400000,1.0717,1.08,1.0557,1.0788,9701228.0
1752786000000,1.0788,1.1186,1.078,1.1001,10669412.0
1752789600000,1.1,1.1249,1.0949,1.116,6474346.0
1752793200000,1.1161,1.1328,1.102,1.1074,7277183.0
1752796800000,1.1074,1.1293,1.1005,1.1262,8468871.0
1752800400000,1.1263,1.1614,1.1219,1.1534,13148743.0
1752804000000,1.1534,1.1539,1.1316,1.1432,7828760.0
1752807600000,1.1434,1.1531,1.1385,1.1488,5208554.0
1752811200000,1.1489,1.188,1.1435,1.1786,7448110.0
1752814800000,1.1786,1.2119,1.1745,1.1993,22194765.0
1752818400000,1.1994,1.2036,1.1805,1.1985,8332100.0
1752822000000,1.1984,1.2021,1.1685,1.1705,9207873.0
1752825600000,1.1707,1.189,1.1536,1.1632,10480716.0
1752829200000,1.1634,1.1784,1.1559,1.1769,8230181.0
1752832800000,1.1772,1.1773,1.1513,1.1655,5980426.0
1752836400000,1.1655,1.168,1.1419,1.1568,6790754.0
1752840000000,1.1568,1.198,1.1568,1.1923,10490561.0
1752843600000,1.1922,1.1965,1.1747,1.1834,9822548.0
1752847200000,1.1833,1.2014,1.1531,1.1664,18223831.0
1752850800000,1.1666,1.1825,1.1369,1.1435,13637110.0
1752854400000,1.1436,1.16,1.1354,1.1504,8595521.0
1752858000000,1.1505,1.1598,1.1403,1.1501,4518655.0
1752861600000,1.15,1.1526,1.1307,1.1351,6047468.0
1752865200000,1.1351,1.1433,1.1194,1.1333,9299569.0
1752868800000,1.1334,1.1342,1.1003,1.1223,12977103.0
1752872400000,1.1222,1.1505,1.1205,1.1372,5035647.0
1752876000000,1.1371,1.1576,1.1285,1.1315,6518432.0
1752879600000,1.1316,1.1435,1.1194,1.1392,4858513.0
1752883200000,1.1393,1.1436,1.1072,1.1079,5901151.0
1752886800000,1.108,1.1296,1.095,1.12,6445688.0
1752890400000,1.1201,1.1462,1.1123,1.145,4058968.0
1752894000000,1.145,1.1745,1.1445,1.1698,6512391.0
1752897600000,1.1699,1.1837,1.1557,1.1642,7467587.0
1752901200000,1.1643,1.171,1.1554,1.1606,3662998.0
1752904800000,1.1605,1.163,1.1466,1.1543,3133969.0
1752908400000,1.1542,1.1587,1.1412,1.1449,3456555.0
1752912000000,1.1452,1.1468,1.1314,1.1362,4624841.0
1752915600000,1.1362,1.1472,1.1325,1.1412,2975879.0
1752919200000,1.1411,1.153,1.1339,1.1393,4389596.0
1752922800000,1.1394,1.1425,1.1246,1.1296,4757291.0
1752926400000,1.1296,1.1356,1.122,1.1334,4061376.0
1752930000000,1.1332,1.1348,1.1214,1.1263,3735069.0
1752933600000,1.1264,1.1282,1.1092,1.1123,5103322.0
1752937200000,1.1123,1.1309,1.1112,1.1246,3396323.0
1752940800000,1.1246,1.1375,1.1162,1.1293,4481445.0
1752944400000,1.1294,1.1297,1.1137,1.1186,3298263.0
1752948000000,1.1187,1.1327,1.1167,1.1289,2137992.0
1752951600000,1.129,1.1549,1.1273,1.1549,3892121.0
1752955200000,1.1547,1.1619,1.1466,1.1526,3429935.0
1752958800000,1.1525,1.1571,1.1366,1.1523,3300521.0
1752962400000,1.1524,1.1623,1.143,1.1468,3326811.0
1752966000000,1.1468,1.1555,1.1436,1.151,1747655.0
1752969600000,1.1511,1.1537,1.1379,1.1485,3084498.0
1752973200000,1.1485,1.1637,1.1453,1.1481,4489622.0
1752976800000,1.148,1.1599,1.1414,1.1513,3041267.0
1752980400000,1.1512,1.1742,1.1492,1.1625,6835016.0
1752984000000,1.1624,1.1736,1.1553,1.1621,3973264.0
1752987600000,1.162,1.1852,1.1573,1.1827,4642216.0
1752991200000,1.1827,1.1937,1.1775,1.183,5604328.0
1752994800000,1.1832,1.1973,1.1811,1.1823,4509598.0
1752998400000,1.1824,1.2011,1.1823,1.2003,3593591.0
1753002000000,1.2003,1.2055,1.1916,1.1923,4180303.0
1753005600000,1.1922,1.2008,1.1904,1.1915,2961808.0
1753009200000,1.1915,1.2419,1.1915,1.228,12412989.0
1753012800000,1.2279,1.2322,1.2093,1.2203,5634220.0
1753016400000,1.2202,1.2258,1.2087,1.2216,4421240.0
1753020000000,1.2216,1.2333,1.208,1.2246,6505627.0
1753023600000,1.2246,1.2859,1.2176,1.2798,12547162.0
1753027200000,1.28,1.2831,1.2602,1.2617,11449623.0
1753030800000,1.2617,1.2634,1.2393,1.2452,9149003.0
1753034400000,1.2452,1.2684,1.2441,1.2633,4614077.0
1753038000000,1.2633,1.2706,1.2541,1.26,3144359.0
1753041600000,1.2602,1.262,1.2403,1.2406,4068647.0
1753045200000,1.2407,1.2437,1.2244,1.2405,4254719.0
1753048800000,1.2404,1.2432,1.2004,1.2252,12251593.0
1753052400000,1.2252,1.2373,1.2143,1.2234,7152902.0
1753056000000,1.2234,1.2274,1.2009,1.2198,7931918.0
1753059600000,1.2198,1.223,1.1959,1.2074,7042919.0
1753063200000,1.2075,1.2264,1.2066,1.2264,4960076.0
1753066800000,1.2265,1.2384,1.2251,1.2365,5896213.0
1753070400000,1.2364,1.2426,1.2263,1.2379,4387114.0
1753074000000,1.2378,1.2394,1.2231,1.2387,4062146.0
1753077600000,1.2388,1.2506,1.2333,1.2406,5630853.0
1753081200000,1.2406,1.253,1.2402,1.2455,3574416.0
1753084800000,1.2455,1.2566,1.2332,1.2407,5108065.0
1753088400000,1.2407,1.2463,1.2326,1.2417,5011722.0
1753092000000,1.2417,1.2514,1.2309,1.2498,7465591.0
1753095600000,1.2497,1.2611,1.2431,1.2451,6229990.0
1753099200000,1.2451,1.2516,1.2342,1.2435,4762253.0
1753102800000,1.2437,1.2677,1.2302,1.2668,9492120.0
1753106400000,1.2669,1.2913,1.2525,1.2709,17135169.0
1753110000000,1.2707,1.2814,1.2406,1.2497,16873633.0
1753113600000,1.2497,1.2517,1.2083,1.227,17788356.0
1753117200000,1.2269,1.236,1.2145,1.2257,7151346.0
1753120800000,1.2259,1.2369,1.207,1.2102,6955825.0
1753124400000,1.2101,1.2186,1.1952,1.1997,6400948.0
1753128000000,1.1998,1.2144,1.1943,1.2042,6182412.0
1753131600000,1.2041,1.2167,1.1981,1.2124,2411628.0
1753135200000,1.2123,1.2388,1.2115,1.2317,3497390.0
1753138800000,1.2317,1.2496,1.2251,1.2376,4054685.0
1753142400000,1.2377,1.2454,1.2211,1.2243,4938318.0
1753146000000,1.2242,1.2579,1.1879,1.2484,17918988.0
1753149600000,1.2485,1.2609,1.224,1.2311,9615842.0
1753153200000,1.2311,1.2387,1.2028,1.2182,10044548.0
1753156800000,1.218,1.2253,1.1766,1.1787,12777334.0
1753160400000,1.1786,1.2057,1.1779,1.1919,9919388.0
1753164000000,1.192,1.2088,1.1855,1.1994,6398397.0
1753167600000,1.1995,1.2115,1.1883,1.1927,6276333.0
1753171200000,1.1927,1.1928,1.1631,1.1827,11775618.0
1753174800000,1.1827,1.1982,1.167,1.1932,7593540.0
1753178400000,1.1931,1.2124,1.1863,1.2118,4617083.0
1753182000000,1.2117,1.2166,1.1993,1.2113,4149107.0
1753185600000,1.2113,1.2611,1.2067,1.2495,23316047.0
1753189200000,1.2495,1.2584,1.2236,1.2277,18426513.0
1753192800000,1.2278,1.246,1.2125,1.2444,13106720.0
1753196400000,1.2443,1.2511,1.2164,1.2218,10885699.0
1753200000000,1.2218,1.2405,1.2115,1.2158,7374168.0
1753203600000,1.2157,1.2203,1.1967,1.2103,7038266.0
1753207200000,1.2102,1.2369,1.2016,1.2282,6513294.0
1753210800000,1.228,1.2537,1.2273,1.2486,9382933.0
1753214400000,1.2484,1.2855,1.2368,1.2774,11417246.0
1753218000000,1.2775,1.3545,1.268,1.3387,13144061.0
1753221600000,1.3387,1.3625,1.3326,1.3562,15370793.0
1753225200000,1.3562,1.4021,1.3551,1.3959,18353136.0
1753228800000,1.396,1.3997,1.3288,1.3298,16686744.0
1753232400000,1.3298,1.3549,1.3207,1.3477,11474402.0
1753236000000,1.3478,1.349,1.3307,1.3437,5872019.0
1753239600000,1.3437,1.3569,1.3318,1.3363,6966820.0
1753243200000,1.3363,1.3514,1.3311,1.3484,4163952.0
1753246800000,1.3486,1.3489,1.3314,1.3409,3951555.0
1753250400000,1.3409,1.3437,1.3044,1.3134,10758287.0
1753254000000,1.3133,1.324,1.2935,1.3033,7534045.0
1753257600000,1.3033,1.3074,1.2906,1.3046,5806899.0
1753261200000,1.3046,1.3065,1.2746,1.2752,7488236.0
1753264800000,1.2754,1.2803,1.2625,1.2772,7257397.0
1753268400000,1.2772,1.2856,1.2631,1.2797,5247767.0
1753272000000,1.2795,1.2982,1.2304,1.2469,19845682.0
1753275600000,1.247,1.2522,1.197,1.2187,32660467.0
1753279200000,1.2188,1.2441,1.2149,1.2255,13065977.0
1753282800000,1.2255,1.2555,1.2138,1.249,13575175.0
1753286400000,1.2489,1.2489,1.2076,1.2108,11267660.0
1753290000000,1.2108,1.2183,1.1724,1.1956,20185194.0
1753293600000,1.1958,1.2095,1.1921,1.2076,5869579.0
1753297200000,1.2075,1.2077,1.1861,1.1877,4781744.0
1753300800000,1.1876,1.1972,1.1397,1.1612,20686936.0
1753304400000,1.1612,1.1704,1.127,1.1633,11527009.0
1753308000000,1.1632,1.1819,1.1517,1.1726,4686798.0
1753311600000,1.1726,1.1854,1.171,1.1754,3531009.0
1753315200000,1.1755,1.1909,1.166,1.1893,6302693.0
1753318800000,1.1892,1.1974,1.178,1.1954,4529197.0
1753322400000,1.1955,1.1962,1.1805,1.185,3645198.0
1753326000000,1.1851,1.1994,1.1756,1.1781,5130373.0
1753329600000,1.1781,1.1862,1.1505,1.1554,8888805.0
1753333200000,1.1555,1.1557,1.1007,1.1069,19081101.0
1753336800000,1.1071,1.1298,1.0708,1.092,22385887.0
1753340400000,1.092,1.121,1.0795,1.1195,13267677.0
1753344000000,1.1193,1.1385,1.1156,1.136,8292034.0
1753347600000,1.1361,1.1403,1.1187,1.1281,7394664.0
1753351200000,1.128,1.135,1.108,1.1308,9064224.0
1753354800000,1.1307,1.1556,1.1271,1.1482,8513612.0
1753358400000,1.1481,1.1528,1.1335,1.1427,8128576.0
1753362000000,1.1427,1.1589,1.1384,1.1433,12290025.0
1753365600000,1.1435,1.1901,1.1293,1.1883,12529317.0
1753369200000,1.1883,1.202,1.171,1.1762,13848691.0
1753372800000,1.1763,1.2022,1.1487,1.1547,21224164.0
1753376400000,1.1548,1.1884,1.1533,1.1767,6214982.0
1753380000000,1.1766,1.1839,1.1666,1.1763,3342023.0
1753383600000,1.1761,1.1831,1.1632,1.1639,3562097.0
1753387200000,1.1639,1.1726,1.161,1.1704,1983596.0
1753390800000,1.1704,1.1711,1.1511,1.1581,2155371.0
1753394400000,1.1581,1.1617,1.1474,1.1506,3791981.0
1753398000000,1.1506,1.1506,1.1312,1.1384,5311759.0
1753401600000,1.1388,1.1393,1.1138,1.1206,8124480.0
1753405200000,1.1205,1.1337,1.1096,1.1292,6831341.0
1753408800000,1.1293,1.1352,1.1072,1.1147,7435290.0
1753412400000,1.1147,1.1254,1.0921,1.1107,9179662.0
1753416000000,1.1106,1.1277,1.0924,1.1265,8960128.0
1753419600000,1.1266,1.1344,1.1142,1.1157,6347571.0
1753423200000,1.1158,1.127,1.1063,1.1181,4943673.0
1753426800000,1.1178,1.1316,1.1044,1.1201,6792203.0
1753430400000,1.1201,1.1348,1.1144,1.1209,6188850.0
1753434000000,1.1209,1.1474,1.116,1.1471,8603971.0
1753437600000,1.1472,1.1546,1.1378,1.1536,5686599.0
1753441200000,1.1537,1.1566,1.1393,1.143,5613007.0
1753444800000,1.1431,1.1534,1.1358,1.1456,5321303.0
1753448400000,1.1457,1.1542,1.1335,1.1451,6305978.0
1753452000000,1.1451,1.147,1.1033,1.1048,10655284.0
1753455600000,1.1048,1.1184,1.0903,1.1094,8896234.0
1753459200000,1.1094,1.1227,1.0966,1.1199,6825624.0
1753462800000,1.1198,1.1284,1.1151,1.1199,4560768.0
1753466400000,1.1198,1.1271,1.1167,1.1216,2749887.0
1753470000000,1.1215,1.1322,1.1185,1.123,2562763.0
1753473600000,1.1231,1.1588,1.1218,1.1512,4436380.0
1753477200000,1.1512,1.166,1.1512,1.1608,3371242.0
1753480800000,1.1609,1.1658,1.1571,1.1634,2221302.0
1753484400000,1.1634,1.1685,1.1588,1.1648,1897544.0
1753488000000,1.1648,1.1662,1.1584,1.1656,2314952.0
1753491600000,1.1656,1.1659,1.1533,1.1537,2437518.0
1753495200000,1.1537,1.1715,1.1537,1.1623,3169832.0
1753498800000,1.1623,1.1671,1.1578,1.165,2325872.0
1753502400000,1.1649,1.1668,1.1597,1.1614,1387053.0
1753506000000,1.1614,1.1665,1.1567,1.1628,1370316.0
1753509600000,1.1628,1.1635,1.1552,1.1573,1635862.0
1753513200000,1.1572,1.1627,1.1562,1.1591,1631204.0
1753516800000,1.1592,1.1711,1.1587,1.1615,2387437.0
1753520400000,1.1616,1.1635,1.1556,1.1606,2649423.0
1753524000000,1.1607,1.1703,1.1593,1.1622,2585109.0
1753527600000,1.1622,1.1677,1.1596,1.1606,2226628.0
1753531200000,1.1606,1.1669,1.1525,1.1623,2985798.0
1753534800000,1.1624,1.1742,1.1599,1.1657,2789092.0
1753538400000,1.1657,1.1754,1.1611,1.1664,4472730.0
1753542000000,1.1664,1.1759,1.1608,1.1727,3458071.0
1753545600000,1.1728,1.1815,1.1658,1.1732,4747545.0
1753549200000,1.1731,1.175,1.1594,1.1633,2645686.0
1753552800000,1.1634,1.1778,1.1579,1.1743,2379195.0
1753556400000,1.1743,1.1818,1.1728,1.1778,1739202.0
1753560000000,1.1779,1.1788,1.1682,1.1683,1164750.0
1753563600000,1.1682,1.1745,1.1637,1.1719,973483.0
1753567200000,1.172,1.1819,1.1649,1.167,2346709.0
1753570800000,1.167,1.1693,1.1573,1.16,2234599.0
1753574400000,1.1601,1.1662,1.1545,1.1658,2647268.0
1753578000000,1.1658,1.1728,1.1612,1.1652,2315120.0
1753581600000,1.1652,1.1745,1.1613,1.1706,2255172.0
1753585200000,1.1707,1.1736,1.1643,1.1666,1525067.0
1753588800000,1.1665,1.1788,1.1665,1.1788,2204764.0
1753592400000,1.1788,1.1856,1.1748,1.1784,3488335.0
1753596000000,1.1783,1.1795,1.1687,1.1745,2395602.0
1753599600000,1.1746,1.1791,1.1658,1.1689,2219350.0
1753603200000,1.1688,1.1706,1.1569,1.1643,3422434.0
1753606800000,1.1642,1.1668,1.1557,1.159,2623967.0
1753610400000,1.159,1.1808,1.1586,1.1785,4357303.0
1753614000000,1.1786,1.1821,1.169,1.1714,2695434.0
1753617600000,1.1713,1.1817,1.1641,1.1802,4199442.0
1753621200000,1.1801,1.1866,1.1709,1.1743,2606035.0
1753624800000,1.1742,1.1879,1.1727,1.1833,4432406.0
1753628400000,1.1834,1.1835,1.1725,1.1812,2455286.0
1753632000000,1.1812,1.2089,1.1812,1.1948,7908289.0
1753635600000,1.195,1.2115,1.1901,1.2056,4648902.0
1753639200000,1.2055,1.211,1.1974,1.2041,2685650.0
1753642800000,1.2041,1.2048,1.1933,1.1985,1498555.0
1753646400000,1.1986,1.2085,1.1962,1.1985,1534887.0
1753650000000,1.1986,1.2075,1.196,1.2075,1432289.0
1753653600000,1.2076,1.2254,1.2068,1.2174,3920433.0
1753657200000,1.2173,1.2192,1.2059,1.2165,2768775.0
1753660800000,1.2166,1.2322,1.2092,1.2095,5138933.0
1753664400000,1.2095,1.2099,1.1945,1.2015,4016176.0
1753668000000,1.2014,1.2236,1.1975,1.2165,4321929.0
1753671600000,1.2167,1.2222,1.2117,1.2216,1965996.0
1753675200000,1.2218,1.2311,1.2098,1.2271,4576651.0
1753678800000,1.2271,1.2364,1.2189,1.2314,4995016.0
1753682400000,1.2313,1.2358,1.224,1.2279,3118842.0
1753686000000,1.228,1.2347,1.2128,1.2343,6053875.0
1753689600000,1.2343,1.2385,1.2201,1.2298,3987400.0
1753693200000,1.2298,1.2359,1.2185,1.2319,3698060.0
1753696800000,1.2319,1.2328,1.2205,1.2241,2232745.0
1753700400000,1.2241,1.2246,1.213,1.2183,2137048.0
1753704000000,1.2184,1.225,1.2089,1.2129,3878435.0
1753707600000,1.2129,1.2137,1.1825,1.1877,12307338.0
1753711200000,1.1878,1.1943,1.1512,1.157,14422016.0
1753714800000,1.1569,1.1704,1.1406,1.1529,9455691.0
1753718400000,1.1527,1.1599,1.1409,1.1488,5815182.0
1753722000000,1.1489,1.154,1.1372,1.1437,4375458.0
1753725600000,1.1437,1.1453,1.1225,1.131,7701807.0
1753729200000,1.1309,1.1411,1.1216,1.133,4341182.0
1753732800000,1.1332,1.1355,1.1132,1.1207,4945250.0
1753736400000,1.1205,1.1303,1.1105,1.1225,3418508.0
1753740000000,1.1224,1.1278,1.1073,1.1174,3814732.0
1753743600000,1.1173,1.1225,1.11,1.1175,2224459.0
1753747200000,1.1176,1.1305,1.1008,1.1184,6887278.0
1753750800000,1.1183,1.1252,1.1057,1.1071,3165471.0
1753754400000,1.1072,1.1092,1.0891,1.0936,6845984.0
1753758000000,1.0934,1.1158,1.0927,1.1125,4337947.0
1753761600000,1.1125,1.117,1.1043,1.1056,2763546.0
1753765200000,1.1054,1.1262,1.1047,1.1255,2540200.0
1753768800000,1.1255,1.1278,1.1178,1.1221,3513682.0
1753772400000,1.1222,1.1382,1.1222,1.1336,4516363.0
1753776000000,1.1337,1.1339,1.1209,1.1291,3720781.0
1753779600000,1.1291,1.1302,1.1175,1.1224,2912282.0
1753783200000,1.1224,1.1233,1.0962,1.0982,5439963.0
1753786800000,1.0981,1.1079,1.0973,1.1034,3054163.0
1753790400000,1.1036,1.1217,1.1014,1.1145,4495487.0
1753794000000,1.1145,1.1231,1.0977,1.1011,4963109.0
1753797600000,1.1012,1.1019,1.0673,1.0775,14168326.0
1753801200000,1.0774,1.087,1.0714,1.0779,6615312.0
1753804800000,1.0778,1.0801,1.0534,1.0717,13979691.0
1753808400000,1.0717,1.0796,1.0671,1.0725,5510319.0
1753812000000,1.0724,1.0795,1.0655,1.0749,2413461.0
1753815600000,1.0749,1.0813,1.0628,1.0652,5069446.0
1753819200000,1.0651,1.0725,1.0503,1.0597,6390474.0
1753822800000,1.0597,1.0792,1.054,1.0743,2485199.0
1753826400000,1.0743,1.0794,1.0664,1.0784,2507112.0
1753830000000,1.0784,1.0838,1.0753,1.0812,2187716.0
1753833600000,1.0813,1.0819,1.0645,1.0727,2973537.0
1753837200000,1.0728,1.0821,1.0591,1.0757,4314202.0
1753840800000,1.0757,1.0847,1.0715,1.079,2600851.0
1753844400000,1.0788,1.0845,1.0747,1.0778,1821732.0
1753848000000,1.0776,1.083,1.0668,1.0677,2366983.0
1753851600000,1.068,1.0761,1.0625,1.0716,3352412.0
1753855200000,1.0716,1.0743,1.0638,1.0714,1765415.0
1753858800000,1.0714,1.076,1.0582,1.0618,2254457.0
1753862400000,1.0617,1.0712,1.0549,1.0637,2837595.0
1753866000000,1.0638,1.0675,1.0508,1.0532,3547677.0
1753869600000,1.0532,1.0609,1.0413,1.043,4856138.0
1753873200000,1.043,1.051,1.0224,1.0299,10366724.0
1753876800000,1.0299,1.0406,1.0223,1.0364,5328208.0
1753880400000,1.0363,1.0411,1.031,1.0381,4572846.0
1753884000000,1.038,1.0647,1.0339,1.0616,5977235.0
1753887600000,1.0616,1.0653,1.0512,1.0635,4393930.0
1753891200000,1.0636,1.0752,1.0587,1.0658,3891215.0
1753894800000,1.0658,1.0757,1.0627,1.0738,3120363.0
1753898400000,1.0738,1.081,1.0464,1.0489,8460080.0
1753902000000,1.0488,1.0627,1.0059,1.0578,17127219.0
1753905600000,1.0577,1.0731,1.0563,1.0641,5439289.0
1753909200000,1.064,1.0703,1.0461,1.0519,3115484.0
1753912800000,1.0519,1.056,1.0429,1.0484,1920288.0
1753916400000,1.0484,1.0673,1.0482,1.0633,2432941.0
1753920000000,1.0633,1.0778,1.0567,1.0726,3695660.0
1753923600000,1.0726,1.077,1.0654,1.0721,2280504.0
1753927200000,1.072,1.081,1.0685,1.0787,2006363.0
1753930800000,1.0787,1.084,1.0766,1.0787,1251235.0
1753934400000,1.0788,1.0841,1.076,1.0832,1444393.0
1753938000000,1.0834,1.0856,1.077,1.0783,1630463.0
1753941600000,1.0783,1.0896,1.0746,1.0849,2658411.0
1753945200000,1.0848,1.0857,1.0791,1.0818,1872127.0
1753948800000,1.0819,1.0889,1.0808,1.0867,1148888.0
1753952400000,1.0868,1.093,1.0819,1.0914,2085205.0
1753956000000,1.0915,1.0924,1.0835,1.0891,1814227.0
1753959600000,1.089,1.09,1.0776,1.0827,2287611.0
1753963200000,1.0827,1.0842,1.066,1.0737,4049506.0
1753966800000,1.0737,1.074,1.0527,1.0606,5600322.0
1753970400000,1.0606,1.0648,1.0408,1.0438,5554322.0
1753974000000,1.0438,1.0607,1.0367,1.0535,4886891.0
1753977600000,1.0534,1.0782,1.0504,1.0693,4719774.0
1753981200000,1.0693,1.0698,1.0486,1.0511,3994477.0
1753984800000,1.0511,1.0576,1.0412,1.0494,3235618.0
1753988400000,1.0493,1.052,1.0369,1.0405,2383031.0
1753992000000,1.0405,1.044,1.0306,1.0366,3040374.0
1753995600000,1.0366,1.0415,1.0171,1.0285,2655008.0
1753999200000,1.0286,1.0287,1.0042,1.01,6248019.0
1754002800000,1.0101,1.0196,0.9974,1.0042,4901551.0
1754006400000,1.0042,1.0054,0.9667,0.9928,15044726.0
1754010000000,0.9927,1.0001,0.9804,0.9934,6055322.0
1754013600000,0.9933,1.0062,0.9901,1.0044,4800175.0
1754017200000,1.0043,1.005,0.9903,0.9961,4392503.0
1754020800000,0.996,0.9964,0.9854,0.9893,3389100.0
1754024400000,0.9893,0.9921,0.9771,0.9798,3797831.0
1754028000000,0.9799,0.9843,0.9691,0.9831,4240728.0
1754031600000,0.983,0.9869,0.9736,0.9795,3375133.0
1754035200000,0.9794,0.9794,0.9513,0.9624,10906234.0
1754038800000,0.9624,0.9768,0.962,0.9632,5183492.0
1754042400000,0.9632,0.9739,0.9621,0.9705,2849806.0
1754046000000,0.9706,0.9776,0.965,0.9759,2768305.0
1754049600000,0.976,0.9905,0.9715,0.9814,5545779.0
1754053200000,0.9815,0.9886,0.9515,0.9604,7536047.0
1754056800000,0.9606,0.9924,0.9521,0.9901,8630898.0
1754060400000,0.9902,0.992,0.9714,0.9869,5733125.0
1754064000000,0.9869,0.9977,0.9723,0.976,5657619.0
1754067600000,0.976,0.9826,0.9641,0.968,4761625.0
1754071200000,0.9679,0.9795,0.9587,0.9701,6476851.0
1754074800000,0.97,0.9862,0.9674,0.9846,4433450.0
1754078400000,0.9845,0.989,0.9546,0.9752,6622668.0
1754082000000,0.9751,0.9881,0.9726,0.9768,5394709.0
1754085600000,0.9769,0.9785,0.9303,0.9516,11313674.0
1754089200000,0.9516,0.9685,0.9478,0.9637,2898082.0
1754092800000,0.9638,0.9732,0.9612,0.9719,2579919.0
1754096400000,0.9722,0.9734,0.9632,0.9693,2114781.0
1754100000000,0.9693,0.9706,0.9663,0.9699,1084796.0
1754103600000,0.97,0.973,0.9691,0.9725,1152136.0
1754107200000,0.9726,0.9773,0.9682,0.9743,1555600.0
1754110800000,0.9743,0.9751,0.9663,0.968,1842113.0
1754114400000,0.968,0.9692,0.9428,0.9504,4781180.0
1754118000000,0.9503,0.9692,0.9416,0.9674,3411082.0
1754121600000,0.9674,0.9709,0.9541,0.9554,2136866.0
1754125200000,0.9554,0.9601,0.9517,0.9569,1720007.0
1754128800000,0.957,0.9581,0.9454,0.9521,2257904.0
1754132400000,0.952,0.9625,0.9436,0.9542,2719245.0
1754136000000,0.9541,0.9554,0.9442,0.953,1749123.0
1754139600000,0.9531,0.96,0.9455,0.9564,1992013.0
1754143200000,0.9565,0.9574,0.9364,0.9417,3866829.0
1754146800000,0.9416,0.9511,0.9305,0.935,3357661.0
1754150400000,0.935,0.9453,0.9234,0.9391,5912521.0
1754154000000,0.9389,0.9462,0.918,0.9242,4381460.0
1754157600000,0.9242,0.9293,0.9094,0.916,5811907.0
1754161200000,0.916,0.9375,0.9116,0.9249,4170224.0
1754164800000,0.925,0.9355,0.9244,0.9339,1915139.0
1754168400000,0.934,0.9399,0.9263,0.9324,2127253.0
1754172000000,0.9324,0.9408,0.9253,0.9379,1926193.0
1754175600000,0.9378,0.941,0.9252,0.935,2091345.0
1754179200000,0.935,0.9511,0.9239,0.9489,6619494.0
1754182800000,0.9488,0.9529,0.9444,0.9501,2697978.0
1754186400000,0.9502,0.9602,0.9501,0.9598,1725204.0
1754190000000,0.9597,0.9625,0.9572,0.958,1460866.0
1754193600000,0.958,0.9614,0.955,0.9601,1185626.0
1754197200000,0.9601,0.9632,0.9592,0.9616,1383838.0
1754200800000,0.9615,0.9623,0.9569,0.9597,1215879.0
1754204400000,0.9596,0.9653,0.9596,0.9641,1008231.0
1754208000000,0.9642,0.9675,0.9596,0.9643,1715918.0
1754211600000,0.9643,0.9657,0.9605,0.9638,656611.0
1754215200000,0.9638,0.9687,0.9637,0.9663,1096282.0
1754218800000,0.9664,0.9729,0.9633,0.9636,2158955.0
1754222400000,0.9636,0.969,0.9588,0.9656,2117423.0
1754226000000,0.9657,0.9684,0.9616,0.9649,1308447.0
1754229600000,0.9649,0.9687,0.9594,0.9676,2050014.0
1754233200000,0.9677,0.9721,0.9642,0.9689,1866799.0
1754236800000,0.9688,0.9729,0.9652,0.9726,1244424.0
1754240400000,0.9726,0.9733,0.9671,0.9715,1043449.0
1754244000000,0.9716,0.9736,0.9675,0.9718,951422.0
1754247600000,0.9719,0.9779,0.9701,0.9713,1133183.0
1754251200000,0.9713,0.9739,0.9683,0.9729,570542.0
1754254800000,0.9728,0.9787,0.972,0.9765,1313733.0
1754258400000,0.9765,0.9795,0.9698,0.975,1039613.0
1754262000000,0.9751,0.9813,0.9726,0.9735,1352980.0
1754265600000,0.9736,0.9931,0.9724,0.9927,2934412.0
1754269200000,0.9927,0.9954,0.9827,0.9841,2446461.0
1754272800000,0.984,0.9899,0.98,0.989,2919771.0
1754276400000,0.989,0.9897,0.9832,0.9848,972722.0
1754280000000,0.9849,0.9915,0.9822,0.9831,1978010.0
1754283600000,0.9832,0.9846,0.9774,0.9834,2176330.0
1754287200000,0.9835,0.9851,0.9773,0.9838,2226768.0
1754290800000,0.9838,0.9887,0.9816,0.9847,1713996.0
1754294400000,0.9847,0.9885,0.9806,0.9818,1705760.0
1754298000000,0.9818,0.9871,0.9785,0.9797,2787011.0
1754301600000,0.9797,0.986,0.9783,0.9806,2601605.0
1754305200000,0.9806,0.9817,0.9738,0.9773,2150373.0
1754308800000,0.9774,0.982,0.9758,0.9807,2775465.0
1754312400000,0.9808,0.9944,0.976,0.9934,5016576.0
1754316000000,0.9935,1.0059,0.9872,0.9895,7838134.0
1754319600000,0.9896,0.9967,0.9861,0.9937,3074787.0
1754323200000,0.9936,1.0076,0.9926,1.0069,3621419.0
1754326800000,1.007,1.0146,0.9978,0.9992,5294555.0
1754330400000,0.9993,1.0009,0.9899,0.9925,2755439.0
1754334000000,0.9924,0.9926,0.9754,0.9791,6831659.0
1754337600000,0.9792,0.993,0.9787,0.989,2560260.0
1754341200000,0.989,1.001,0.9885,0.9962,1985334.0
1754344800000,0.9963,1.005,0.9954,1.0037,2214832.0
1754348400000,1.0038,1.0043,0.9965,0.999,2214346.0
1754352000000,0.9989,1.0002,0.9923,0.9943,2214191.0
1754355600000,0.9944,0.9976,0.9841,0.9858,2053000.0
1754359200000,0.9859,0.9894,0.9832,0.9858,1936168.0
1754362800000,0.9859,0.986,0.9667,0.9701,5696419.0
1754366400000,0.9701,0.9742,0.9641,0.9677,2918181.0
1754370000000,0.9676,0.9713,0.9632,0.9666,3162958.0
1754373600000,0.9666,0.9694,0.9536,0.9561,4060442.0
1754377200000,0.9561,0.9578,0.9419,0.9439,6373986.0
1754380800000,0.9438,0.9584,0.9393,0.9555,6602343.0
1754384400000,0.9554,0.9621,0.9535,0.9586,4240558.0
1754388000000,0.9585,0.9727,0.9536,0.9661,5361669.0
1754391600000,0.9661,0.976,0.965,0.9737,3755364.0
1754395200000,0.9737,0.9752,0.9515,0.9567,7198783.0
1754398800000,0.9566,0.9655,0.9548,0.9621,4121647.0
1754402400000,0.962,0.9627,0.9357,0.9418,11162745.0
1754406000000,0.9417,0.9493,0.9317,0.9373,6587991.0
1754409600000,0.9372,0.945,0.9351,0.9409,2838882.0
1754413200000,0.941,0.9463,0.9368,0.9446,1887719.0
1754416800000,0.9445,0.9447,0.9335,0.9387,1374968.0
1754420400000,0.9388,0.9427,0.9299,0.9339,2119196.0
1754424000000,0.934,0.9429,0.9338,0.9345,1322786.0
1754427600000,0.9346,0.9379,0.9266,0.9293,1642802.0
1754431200000,0.9292,0.9373,0.923,0.936,2427702.0
1754434800000,0.9361,0.9453,0.9349,0.9451,2558819.0
1754438400000,0.9451,0.9484,0.9322,0.9348,4199982.0
1754442000000,0.9346,0.9377,0.9288,0.9349,3488612.0
1754445600000,0.9349,0.9364,0.9282,0.9319,1726100.0
1754449200000,0.932,0.9336,0.9259,0.9298,2027965.0
1754452800000,0.9298,0.93,0.919,0.9224,4212090.0
1754456400000,0.9224,0.9501,0.9194,0.9388,7868923.0
1754460000000,0.9389,0.9457,0.9331,0.944,2525195.0
1754463600000,0.9439,0.949,0.9419,0.9484,2372178.0
1754467200000,0.9483,0.9497,0.9357,0.9407,3340924.0
1754470800000,0.9407,0.9488,0.937,0.9399,2789596.0
1754474400000,0.9399,0.9418,0.9337,0.9374,2071101.0
1754478000000,0.9374,0.9437,0.9346,0.9359,1729002.0
1754481600000,0.9359,0.9386,0.9262,0.9313,2790307.0
1754485200000,0.9314,0.9414,0.9305,0.9359,5452012.0
1754488800000,0.9361,0.9529,0.9307,0.9527,5094961.0
1754492400000,0.9529,0.963,0.9463,0.9593,3766273.0
1754496000000,0.9593,0.964,0.9479,0.9492,2857089.0
1754499600000,0.9491,0.9638,0.9466,0.9634,2432443.0
1754503200000,0.9633,0.9712,0.9605,0.962,2086951.0
1754506800000,0.9619,0.9646,0.9587,0.9622,1176928.0
1754510400000,0.9623,0.9655,0.9587,0.9617,1180323.0
1754514000000,0.9616,0.9644,0.9553,0.9611,1273297.0
1754517600000,0.9612,0.9699,0.9591,0.9695,1523636.0
1754521200000,0.9695,0.9705,0.9646,0.9658,1218197.0
1754524800000,0.9657,0.9707,0.9596,0.9636,3133215.0
1754528400000,0.9636,0.9743,0.9602,0.9628,3214445.0
1754532000000,0.9627,0.9647,0.9583,0.9607,3384827.0
1754535600000,0.9606,0.9645,0.9574,0.9581,2453161.0
1754539200000,0.9581,0.9658,0.9574,0.9592,1911344.0
1754542800000,0.9592,0.9677,0.9566,0.9669,3285771.0
1754546400000,0.9669,0.9734,0.9647,0.9706,2923470.0
1754550000000,0.9706,0.9752,0.9676,0.9725,2923636.0
1754553600000,0.9726,0.9763,0.9664,0.9676,2890397.0
1754557200000,0.9677,0.9757,0.9647,0.9751,2633208.0
1754560800000,0.975,1.0009,0.9736,1.0008,7448666.0
1754564400000,1.001,1.0087,0.9986,1.0065,4342882.0
1754568000000,1.0065,1.0164,1.0005,1.0081,5630226.0
1754571600000,1.008,1.0102,1.0017,1.0056,3739975.0
1754575200000,1.0057,1.0061,0.9929,0.9987,5994572.0
1754578800000,0.9987,1.0062,0.9948,1.0043,2828550.0
1754582400000,1.0043,1.0084,0.9817,0.9935,7365057.0
1754586000000,0.9935,1.0003,0.9919,0.9945,3745900.0
1754589600000,0.9944,0.9965,0.9863,0.9911,3505581.0
1754593200000,0.9911,1.0074,0.9876,1.0074,4947189.0
1754596800000,1.0073,1.0114,1.0044,1.0087,3214244.0
1754600400000,1.0088,1.015,1.0051,1.0101,2377232.0
1754604000000,1.01,1.0253,1.0094,1.0251,3904275.0
1754607600000,1.025,1.0259,1.0163,1.0239,3022657.0
1754611200000,1.024,1.0333,1.0096,1.0206,8266535.0
1754614800000,1.0207,1.0265,1.0111,1.018,5790283.0
1754618400000,1.018,1.024,1.0129,1.0174,1923263.0
1754622000000,1.0174,1.0297,1.0149,1.0214,2816333.0
1754625600000,1.0214,1.0233,1.0152,1.0155,2247329.0
1754629200000,1.0155,1.0183,1.0094,1.0102,3319458.0
1754632800000,1.0102,1.0225,1.0067,1.0221,3891520.0
1754636400000,1.0221,1.0283,1.0138,1.0255,3178051.0
1754640000000,1.0254,1.0313,1.0136,1.0175,5615712.0
1754643600000,1.0175,1.0231,1.0125,1.0215,2640807.0
1754647200000,1.0214,1.0236,1.0152,1.0187,3133024.0
1754650800000,1.0187,1.0241,1.0187,1.0232,2488761.0
1754654400000,1.0231,1.0231,1.0083,1.0101,3530152.0
1754658000000,1.01,1.035,1.01,1.0347,5383517.0
1754661600000,1.0347,1.0418,1.0103,1.0167,10997451.0
1754665200000,1.0168,1.0179,0.9986,1.0078,7894213.0
1754668800000,1.0077,1.0132,1.0053,1.0126,4164780.0
1754672400000,1.0125,1.0379,1.0122,1.037,5257761.0
1754676000000,1.037,1.0446,1.0309,1.0346,4806181.0
1754679600000,1.0345,1.0402,1.031,1.0402,2058355.0
1754683200000,1.0402,1.0425,1.0316,1.0383,1861128.0
1754686800000,1.0382,1.04,1.0322,1.0361,1217029.0
1754690400000,1.036,1.0421,1.0328,1.0376,1553239.0
1754694000000,1.0378,1.0396,1.0306,1.0339,1110313.0
1754697600000,1.0339,1.0435,1.0336,1.0359,7005381.0
1754701200000,1.0358,1.0428,1.0317,1.0407,1734541.0
1754704800000,1.0406,1.0414,1.0337,1.035,1469560.0
1754708400000,1.035,1.037,1.0308,1.0328,1774125.0
1754712000000,1.0329,1.053,1.0309,1.0499,6007430.0
1754715600000,1.0499,1.0876,1.0489,1.0838,11838977.0
1754719200000,1.084,1.0842,1.0615,1.0647,4005844.0
1754722800000,1.0645,1.0748,1.0622,1.071,3534589.0
1754726400000,1.071,1.0743,1.065,1.0721,2452935.0
1754730000000,1.072,1.0798,1.0686,1.077,3637338.0
1754733600000,1.077,1.0848,1.0756,1.0779,3924926.0
1754737200000,1.0779,1.0794,1.0715,1.0773,2034262.0
1754740800000,1.0772,1.0975,1.0737,1.092,4576667.0
1754744400000,1.092,1.0965,1.0713,1.0716,6345707.0
1754748000000,1.0717,1.0767,1.0636,1.0759,4816549.0
1754751600000,1.0758,1.0807,1.0661,1.0709,6635929.0
1754755200000,1.071,1.0802,1.0662,1.0686,3037016.0
1754758800000,1.0685,1.0788,1.0669,1.0749,3374342.0
1754762400000,1.0749,1.0845,1.0717,1.0816,1840613.0
1754766000000,1.0816,1.0882,1.0804,1.0837,1329023.0
1754769600000,1.0838,1.099,1.083,1.0968,2552556.0
1754773200000,1.0967,1.0979,1.0784,1.0834,1886746.0
1754776800000,1.0834,1.0998,1.0795,1.0823,3863062.0
1754780400000,1.0824,1.0844,1.0761,1.0772,1936725.0
1754784000000,1.0772,1.094,1.0753,1.0898,3232169.0
1754787600000,1.0898,1.0954,1.0843,1.088,3175864.0
1754791200000,1.088,1.0952,1.0765,1.0775,3501433.0
1754794800000,1.0774,1.0988,1.0718,1.0961,5609167.0
1754798400000,1.0961,1.106,1.0892,1.0971,3397148.0
1754802000000,1.0971,1.0973,1.0744,1.075,5208876.0
1754805600000,1.0752,1.0761,1.0581,1.0671,6103671.0
1754809200000,1.067,1.0751,1.0381,1.0434,10798829.0
1754812800000,1.0434,1.0546,1.0275,1.0523,7273589.0
1754816400000,1.0525,1.0588,1.0489,1.0541,3021850.0
1754820000000,1.0542,1.0547,1.0392,1.0464,3888331.0
1754823600000,1.0463,1.0559,1.0436,1.045,2849553.0
1754827200000,1.0449,1.0509,1.0421,1.0498,2240909.0
1754830800000,1.0497,1.0537,1.0369,1.0392,2680008.0
1754834400000,1.0391,1.066,1.0361,1.0632,5914340.0
1754838000000,1.0631,1.0729,1.0587,1.0671,4620747.0
1754841600000,1.067,1.0772,1.0648,1.0768,2938894.0
1754845200000,1.0768,1.0797,1.0703,1.0774,3099369.0
1754848800000,1.0775,1.0876,1.077,1.0816,2823464.0
1754852400000,1.0816,1.0884,1.0778,1.0843,2181524.0
1754856000000,1.0844,1.0879,1.0734,1.0782,6458921.0
1754859600000,1.0783,1.0791,1.0606,1.0736,4787329.0
1754863200000,1.0737,1.0793,1.0678,1.0779,2019349.0
1754866800000,1.078,1.0828,1.0716,1.081,1627349.0
1754870400000,1.0809,1.085,1.07,1.07,3931849.0
1754874000000,1.0699,1.0944,1.0687,1.0882,4598460.0
1754877600000,1.0884,1.1096,1.0873,1.103,6080163.0
1754881200000,1.1031,1.1032,1.0931,1.0969,3332727.0
1754884800000,1.097,1.1078,1.0915,1.0915,3469074.0
1754888400000,1.0915,1.0978,1.0889,1.0928,2796477.0
1754892000000,1.0929,1.0961,1.0876,1.0897,1792725.0
1754895600000,1.0897,1.0916,1.0655,1.0674,5451780.0
1754899200000,1.0674,1.0804,1.0606,1.078,5717130.0
1754902800000,1.0781,1.0822,1.0686,1.0715,3650030.0
1754906400000,1.0716,1.0716,1.0609,1.0633,4303530.0
1754910000000,1.0632,1.0642,1.0243,1.0298,12628318.0
1754913600000,1.0298,1.0342,1.0161,1.024,10127828.0
1754917200000,1.0241,1.0391,1.0137,1.0328,9698964.0
1754920800000,1.0329,1.0419,1.0257,1.0292,7910955.0
1754924400000,1.0292,1.0376,1.0225,1.0373,4818749.0
1754928000000,1.0373,1.0542,1.028,1.034,9213371.0
1754931600000,1.0339,1.0384,1.0196,1.0231,4189224.0
1754935200000,1.0232,1.0276,1.0114,1.0242,4399505.0
1754938800000,1.0242,1.0255,1.0087,1.0169,4002378.0
1754942400000,1.0169,1.0173,1.0071,1.0107,3171664.0
1754946000000,1.0107,1.0155,0.9856,0.9949,6219555.0
1754949600000,0.9947,0.9952,0.9784,0.9888,4665631.0
1754953200000,0.9888,0.9942,0.9873,0.9892,2744374.0
1754956800000,0.9892,1.0017,0.9867,0.999,4208459.0
1754960400000,0.9988,1.0017,0.9952,1.0,2387709.0
1754964000000,0.9999,1.0073,0.9974,0.9983,2371910.0
1754967600000,0.9982,0.9995,0.9914,0.9926,2854990.0
1754971200000,0.9926,0.9966,0.9896,0.995,2751075.0
1754974800000,0.9949,0.9949,0.9801,0.9856,5307037.0
1754978400000,0.9855,0.991,0.9737,0.9867,5359427.0
1754982000000,0.9868,0.9958,0.9864,0.9954,5390311.0
1754985600000,0.9955,0.9957,0.9835,0.9851,3237246.0
1754989200000,0.985,0.9868,0.9785,0.98,3564049.0
1754992800000,0.9801,0.9812,0.9728,0.9767,3633878.0
1754996400000,0.9767,0.9799,0.963,0.9782,6846824.0
1755000000000,0.9781,1.0148,0.9724,1.0066,12603149.0
1755003600000,1.0066,1.0148,0.9931,1.0033,8039838.0
1755007200000,1.0033,1.0206,1.0005,1.0193,4221054.0
1755010800000,1.0192,1.0391,1.0185,1.0379,5919840.0
1755014400000,1.038,1.0469,1.0307,1.0462,4658012.0
1755018000000,1.0463,1.0624,1.0451,1.0514,5740462.0
1755021600000,1.0515,1.0658,1.0492,1.0557,4038956.0
1755025200000,1.0558,1.0641,1.0525,1.0626,2221865.0
1755028800000,1.0627,1.0782,1.0595,1.074,5653752.0
1755032400000,1.0739,1.0743,1.059,1.0625,2788631.0
1755036000000,1.0626,1.0678,1.0576,1.0637,2983158.0
1755039600000,1.0639,1.0666,1.0566,1.0592,2596610.0
1755043200000,1.0593,1.0662,1.0568,1.0613,3587541.0
1755046800000,1.0614,1.0619,1.0441,1.0492,5494580.0
1755050400000,1.0492,1.0668,1.0418,1.0668,4000510.0
1755054000000,1.0669,1.0743,1.0571,1.0691,5964708.0
1755057600000,1.069,1.0766,1.0634,1.0709,3658130.0
1755061200000,1.0708,1.0739,1.0592,1.0596,5874251.0
1755064800000,1.0596,1.0666,1.0512,1.062,4894410.0
1755068400000,1.062,1.0787,1.0614,1.0782,5361396.0
1755072000000,1.0781,1.0959,1.0759,1.0909,7737012.0
1755075600000,1.0908,1.0957,1.0817,1.0939,4956519.0
1755079200000,1.094,1.0996,1.0893,1.0928,4498721.0
1755082800000,1.0929,1.0964,1.086,1.0913,2725272.0
1755086400000,1.0912,1.0969,1.0824,1.0845,4060847.0
1755090000000,1.0846,1.1039,1.0757,1.0916,9567024.0
1755093600000,1.0916,1.0966,1.0736,1.0795,10895301.0
1755097200000,1.0796,1.0905,1.0686,1.0832,8000860.0
1755100800000,1.0831,1.0995,1.0803,1.0867,5136275.0
1755104400000,1.0867,1.1144,1.0866,1.1101,6975364.0
1755108000000,1.1102,1.1233,1.0892,1.0964,8129261.0
1755111600000,1.0964,1.1073,1.0935,1.1041,3907802.0
1755115200000,1.104,1.1123,1.0941,1.1045,2942311.0
1755118800000,1.1045,1.1143,1.1027,1.1081,2212856.0
1755122400000,1.1082,1.1362,1.1053,1.1277,5311937.0
1755126000000,1.1276,1.1412,1.1181,1.1194,7112309.0
1755129600000,1.1195,1.1322,1.1107,1.1129,5116887.0
1755133200000,1.1129,1.1266,1.1053,1.1234,4844461.0
1755136800000,1.1233,1.1364,1.1151,1.1353,3957707.0
1755140400000,1.1353,1.1363,1.1261,1.1293,4592028.0
1755144000000,1.1292,1.1358,1.1211,1.1214,3910411.0
1755147600000,1.1214,1.1264,1.1141,1.1224,5704160.0
1755151200000,1.1223,1.1237,1.1036,1.1187,9771858.0
1755154800000,1.1186,1.1209,1.1064,1.1124,3567476.0
1755158400000,1.1124,1.1128,1.0853,1.0901,9440963.0
1755162000000,1.09,1.105,1.078,1.0996,7123057.0
1755165600000,1.0995,1.0999,1.0746,1.0846,6370667.0
1755169200000,1.0845,1.088,1.0748,1.0797,3314414.0
1755172800000,1.0797,1.0881,0.9882,1.0129,43912167.0
1755176400000,1.0126,1.0295,0.9905,1.0234,21066782.0
1755180000000,1.0234,1.037,1.0157,1.0243,11453152.0
1755183600000,1.0243,1.0308,1.0175,1.0201,6762670.0
1755187200000,1.02,1.02,0.9992,1.0053,9708160.0
1755190800000,1.0053,1.0126,0.9965,1.0082,5532670.0
1755194400000,1.008,1.0084,0.9906,1.0037,4020312.0
1755198000000,1.0038,1.0173,1.0035,1.0043,3599777.0
1755201600000,1.0043,1.0082,0.9976,1.0059,2855608.0
1755205200000,1.0058,1.0067,0.9791,0.9918,4944727.0
1755208800000,0.9917,1.0017,0.9847,1.0013,2755406.0
1755212400000,1.0012,1.0039,0.9943,0.9979,4482384.0
1755216000000,0.998,1.0075,0.9947,1.0,2818946.0
1755219600000,0.9999,1.014,0.9963,1.0112,2571181.0
1755223200000,1.0111,1.0133,1.0056,1.0061,1612555.0
1755226800000,1.0063,1.0189,1.0036,1.0109,2783489.0
1755230400000,1.0108,1.015,1.0041,1.0048,2001657.0
1755234000000,1.0047,1.0116,1.0015,1.0114,1674174.0
1755237600000,1.0113,1.0219,1.0108,1.0158,4933479.0
1755241200000,1.0157,1.0205,1.0085,1.015,4431270.0
1755244800000,1.0148,1.0206,1.0105,1.0127,3673689.0
1755248400000,1.0127,1.016,0.999,1.0035,3533529.0
1755252000000,1.0036,1.012,1.0019,1.0035,1972528.0
1755255600000,1.0035,1.0068,0.9968,1.0007,2748843.0
1755259200000,1.0007,1.0155,0.9907,1.0041,8411496.0
1755262800000,1.0041,1.0076,0.989,0.9942,6900648.0
1755266400000,0.9941,0.9999,0.9766,0.9804,9929585.0
1755270000000,0.9804,0.9823,0.9529,0.9615,14157852.0
1755273600000,0.9615,0.9718,0.9528,0.9695,6592599.0
1755277200000,0.9694,0.9775,0.9601,0.9741,6573202.0
1755280800000,0.9741,0.9763,0.9595,0.9637,4386670.0
1755284400000,0.9638,0.9727,0.9603,0.9643,2891594.0
1755288000000,0.9642,0.9736,0.961,0.9733,2659652.0
1755291600000,0.9732,0.9815,0.9687,0.9812,2803229.0
1755295200000,0.9811,0.9953,0.9784,0.995,1866170.0
1755298800000,0.9952,0.9986,0.9773,0.9863,2680107.0
1755302400000,0.9863,0.9995,0.985,0.9967,2513765.0
1755306000000,0.9967,0.9975,0.9903,0.9928,2027679.0
1755309600000,0.9928,0.9946,0.9893,0.9902,1506231.0
1755313200000,0.9904,0.9935,0.9865,0.9882,1743871.0
1755316800000,0.9883,0.9912,0.9842,0.9906,2472473.0
1755320400000,0.9906,0.9906,0.9822,0.9835,1480001.0
1755324000000,0.9835,0.9861,0.9809,0.9817,1704629.0
1755327600000,0.9817,0.9924,0.981,0.988,2103448.0
1755331200000,0.9881,0.9902,0.9837,0.984,2283231.0
1755334800000,0.9841,0.9915,0.9766,0.9768,3575553.0
1755338400000,0.9769,0.9838,0.9734,0.9793,3932310.0
1755342000000,0.9794,0.9866,0.9746,0.9751,1905363.0
1755345600000,0.9752,0.9818,0.9711,0.9814,2024492.0
1755349200000,0.9813,0.988,0.9758,0.9771,2509983.0
1755352800000,0.9771,0.9905,0.9755,0.9887,2117829.0
1755356400000,0.9886,0.9953,0.987,0.9904,2786890.0
1755360000000,0.9903,0.9946,0.987,0.9916,2578191.0
1755363600000,0.9916,0.9918,0.9856,0.99,1551322.0
1755367200000,0.99,0.9964,0.9878,0.9924,1832185.0
1755370800000,0.9925,0.9988,0.9917,0.9936,1414608.0
1755374400000,0.9936,1.0014,0.993,1.001,1034262.0
1755378000000,1.0009,1.0015,0.9974,0.9981,844451.0
1755381600000,0.9981,1.0083,0.9952,1.0074,1412350.0
1755385200000,1.0074,1.008,1.0009,1.0033,926183.0
1755388800000,1.0033,1.0045,0.9963,0.9972,1331619.0
1755392400000,0.9972,0.9998,0.9932,0.9954,1845715.0
1755396000000,0.9953,1.0032,0.9912,1.0032,1520799.0
1755399600000,1.0031,1.0048,0.9968,1.001,1859395.0
1755403200000,1.0011,1.0092,0.999,1.0075,2002560.0
1755406800000,1.0075,1.0115,0.9998,1.001,2582273.0
1755410400000,1.001,1.0042,0.9971,0.9974,1301590.0
1755414000000,0.9974,1.0062,0.9954,1.0054,1589280.0
1755417600000,1.0054,1.0165,1.0026,1.0153,2575288.0
1755421200000,1.0152,1.0157,1.0064,1.0109,3144124.0
1755424800000,1.011,1.0145,1.0058,1.0142,2070492.0
1755428400000,1.0141,1.0143,1.0078,1.0142,2211649.0
1755432000000,1.0143,1.0149,1.0073,1.0086,1697755.0
1755435600000,1.0087,1.0151,1.0042,1.0121,2765784.0
1755439200000,1.0122,1.0197,1.0099,1.0177,2080870.0
1755442800000,1.0176,1.0302,1.0129,1.0301,3155960.0
1755446400000,1.0301,1.0363,1.0161,1.0198,5094543.0
1755450000000,1.0197,1.0216,1.0128,1.0179,1980759.0
1755453600000,1.018,1.0208,0.9944,1.0074,5817359.0
1755457200000,1.0073,1.0116,1.0008,1.0023,2966168.0
1755460800000,1.0022,1.0088,1.0007,1.0024,1085174.0
1755464400000,1.0026,1.0043,0.9992,1.0016,1179454.0
1755468000000,1.0015,1.0166,1.0002,1.0129,2188071.0
1755471600000,1.013,1.0132,0.9984,0.9999,2136342.0
1755475200000,0.9998,1.0014,0.9886,0.9991,4609693.0
1755478800000,0.999,1.0011,0.9802,0.9826,6353890.0
1755482400000,0.9826,0.984,0.9594,0.9615,11353004.0
1755486000000,0.9614,0.9647,0.9485,0.9625,7403653.0
1755489600000,0.9626,0.9689,0.9585,0.9669,3447636.0
1755493200000,0.9669,0.9711,0.9552,0.9643,5016886.0
1755496800000,0.9643,0.9645,0.9438,0.952,6883210.0
1755500400000,0.952,0.9567,0.9485,0.9525,2429249.0
1755504000000,0.9526,0.9562,0.9473,0.948,2406386.0
1755507600000,0.9479,0.9647,0.9412,0.9592,8594811.0
1755511200000,0.9594,0.9602,0.9542,0.9547,3534408.0
1755514800000,0.9548,0.9588,0.9516,0.9557,3275999.0
1755518400000,0.9556,0.9685,0.9531,0.9682,4334409.0
1755522000000,0.9683,0.9691,0.9463,0.9467,6190518.0
1755525600000,0.9468,0.9564,0.9442,0.9563,6381617.0
1755529200000,0.9562,0.9582,0.9462,0.9576,4423065.0
1755532800000,0.9575,0.9629,0.9471,0.9504,4166053.0
1755536400000,0.9505,0.9695,0.9501,0.9579,4996954.0
1755540000000,0.9579,0.9624,0.9537,0.9613,1881028.0
1755543600000,0.9614,0.9634,0.9549,0.9566,2138407.0
1755547200000,0.9565,0.9602,0.9492,0.9562,1459621.0
1755550800000,0.9561,0.9641,0.9547,0.9625,1144925.0
1755554400000,0.9626,0.9711,0.9582,0.9587,3747322.0
1755558000000,0.9587,0.9604,0.9502,0.9521,2092206.0
1755561600000,0.9522,0.9606,0.9382,0.9606,5686977.0
1755565200000,0.9605,0.9655,0.9448,0.9479,3405861.0
1755568800000,0.948,0.9499,0.9414,0.9441,3278883.0
1755572400000,0.9441,0.9452,0.9223,0.927,8777165.0
1755576000000,0.9268,0.9334,0.9179,0.9333,6117128.0
1755579600000,0.9332,0.9362,0.9275,0.9275,2328357.0
1755583200000,0.9276,0.9318,0.9245,0.9277,2214886.0
1755586800000,0.9279,0.9286,0.9213,0.9284,2839973.0
1755590400000,0.9284,0.9419,0.9228,0.9356,5825035.0
1755594000000,0.9356,0.9465,0.9354,0.941,3638870.0
1755597600000,0.941,0.9509,0.9394,0.9469,2756730.0
1755601200000,0.947,0.9519,0.9439,0.9493,1852612.0
1755604800000,0.9493,0.9493,0.9413,0.9454,2339975.0
1755608400000,0.9454,0.9523,0.9316,0.9399,6823853.0
1755612000000,0.94,0.9426,0.9161,0.922,9481968.0
1755615600000,0.9221,0.9317,0.9164,0.9191,6802568.0
1755619200000,0.919,0.921,0.9058,0.9118,9465871.0
1755622800000,0.9117,0.9173,0.9041,0.9145,4972812.0
1755626400000,0.9145,0.915,0.8981,0.9018,5994983.0
1755630000000,0.9019,0.9123,0.8959,0.9047,4964995.0
1755633600000,0.9045,0.9125,0.9,0.9122,2339520.0
1755637200000,0.9123,0.9124,0.907,0.9121,2150678.0
1755640800000,0.9121,0.9131,0.9055,0.9082,1720212.0
1755644400000,0.9082,0.9085,0.8982,0.9001,4046356.0
1755648000000,0.9001,0.9093,0.9,0.9051,3361497.0
1755651600000,0.905,0.9089,0.8934,0.907,5642936.0
1755655200000,0.9071,0.9107,0.9042,0.9074,3395006.0
1755658800000,0.9074,0.9165,0.9054,0.9089,2715569.0
1755662400000,0.9089,0.9194,0.9088,0.9168,2995813.0
1755666000000,0.9169,0.9219,0.9128,0.9215,2178674.0
1755669600000,0.9214,0.9225,0.9151,0.9189,2283431.0
1755673200000,0.919,0.9259,0.919,0.9244,2995942.0
1755676800000,0.9245,0.9353,0.9234,0.9346,4067815.0
1755680400000,0.9345,0.9418,0.9319,0.9377,7061928.0
1755684000000,0.9377,0.9414,0.9321,0.9325,2822434.0
1755687600000,0.9325,0.9338,0.9139,0.9272,7514000.0
1755691200000,0.9273,0.9358,0.9208,0.9274,4300278.0
1755694800000,0.9273,0.929,0.9082,0.9119,6800499.0
1755698400000,0.9118,0.9358,0.9041,0.9284,9172652.0
1755702000000,0.9284,0.9468,0.9273,0.9376,7192135.0
1755705600000,0.9376,0.9529,0.9374,0.9433,5344127.0
1755709200000,0.9432,0.9548,0.9428,0.9507,3078999.0
1755712800000,0.9508,0.9512,0.9367,0.9447,3525311.0
1755716400000,0.9447,0.9563,0.9436,0.9556,3646874.0
1755720000000,0.9554,0.961,0.953,0.9554,2815219.0
1755723600000,0.9552,0.9608,0.9522,0.9583,1518471.0
1755727200000,0.9584,0.9652,0.9565,0.963,2146173.0
1755730800000,0.9629,0.9653,0.958,0.9602,1288040.0
1755734400000,0.9602,0.9618,0.9549,0.9584,2337818.0
1755738000000,0.9584,0.9642,0.9526,0.9639,2221048.0
1755741600000,0.9639,0.967,0.9488,0.9545,3518472.0
1755745200000,0.9546,0.9667,0.9539,0.9542,3566622.0
1755748800000,0.9542,0.9585,0.952,0.9551,2423839.0
1755752400000,0.9552,0.9585,0.9521,0.9582,1815921.0
1755756000000,0.9582,0.9583,0.9491,0.9512,2649947.0
1755759600000,0.9512,0.9543,0.9446,0.9515,3290706.0
1755763200000,0.9517,0.9519,0.9431,0.9432,2884097.0
1755766800000,0.9432,0.9457,0.9371,0.9403,3248743.0
1755770400000,0.9404,0.9436,0.9379,0.9398,2025473.0
1755774000000,0.9397,0.9428,0.9327,0.9365,3603849.0
1755777600000,0.9364,0.9373,0.9235,0.9287,4909566.0
1755781200000,0.9286,0.9421,0.9259,0.9334,4840552.0
1755784800000,0.9335,0.9455,0.9251,0.9289,6016229.0
1755788400000,0.929,0.9325,0.921,0.9242,4481165.0
1755792000000,0.9242,0.9318,0.922,0.9237,3261171.0
1755795600000,0.9237,0.9319,0.9213,0.9311,2652413.0
1755799200000,0.9311,0.9366,0.9282,0.9351,2287658.0
1755802800000,0.935,0.9382,0.9235,0.9261,2924092.0
1755806400000,0.9261,0.9358,0.9218,0.9314,1924663.0
1755810000000,0.9313,0.9372,0.9265,0.9352,1202005.0
1755813600000,0.935,0.9408,0.9348,0.9398,920286.0
1755817200000,0.9398,0.9398,0.928,0.9329,1277205.0
1755820800000,0.9329,0.9392,0.9296,0.9306,2043906.0
1755824400000,0.9306,0.9366,0.924,0.9348,3691475.0
1755828000000,0.9349,0.944,0.9331,0.9397,3834597.0
1755831600000,0.9397,0.9428,0.9262,0.9297,2811464.0
1755835200000,0.9297,0.9374,0.927,0.9295,2170334.0
1755838800000,0.9294,0.935,0.9265,0.9327,1940866.0
1755842400000,0.9326,0.9372,0.9251,0.927,2786792.0
1755846000000,0.9272,0.9353,0.9261,0.932,3073473.0
1755849600000,0.932,0.9399,0.9308,0.9311,4835365.0
1755853200000,0.9312,0.9352,0.928,0.9327,3933564.0
1755856800000,0.9328,0.9331,0.9209,0.9235,3575781.0
1755860400000,0.9235,0.9236,0.9131,0.9142,4170266.0
1755864000000,0.9143,0.9153,0.894,0.9037,10345960.0
1755867600000,0.9037,0.9226,0.8989,0.914,8512379.0
1755871200000,0.9137,0.983,0.9136,0.9735,40636540.0
1755874800000,0.9734,0.991,0.9733,0.9768,8541841.0
1755878400000,0.9769,1.0039,0.9768,1.0016,13890921.0
1755882000000,1.0015,1.0179,1.0015,1.0111,9011996.0
1755885600000,1.011,1.0238,1.0106,1.0218,5433579.0
1755889200000,1.0219,1.0272,1.0182,1.0254,3698478.0
1755892800000,1.0255,1.0267,1.0192,1.0222,2556366.0
1755896400000,1.0223,1.0286,1.0182,1.0242,3214255.0
1755900000000,1.0242,1.0279,1.0174,1.0212,3745162.0
1755903600000,1.0211,1.0317,1.0203,1.0269,2531784.0
1755907200000,1.027,1.0298,1.018,1.0196,3091517.0
1755910800000,1.0196,1.0206,0.9987,1.0101,7707743.0
1755914400000,1.0102,1.0129,0.9857,0.9953,5752690.0
1755918000000,0.9953,1.0022,0.9919,0.9961,3170350.0
1755921600000,0.9962,1.0155,0.9959,1.0148,4875738.0
1755925200000,1.0147,1.0273,1.0134,1.0236,4278483.0
1755928800000,1.0237,1.0276,1.0171,1.0195,3550732.0
1755932400000,1.0194,1.0235,1.0097,1.0128,3591503.0
1755936000000,1.0129,1.0209,1.0105,1.0173,2848903.0
1755939600000,1.0172,1.0218,1.0118,1.0193,1640032.0
1755943200000,1.0194,1.0208,1.0077,1.0091,2310101.0
1755946800000,1.0092,1.017,1.0077,1.0163,1868822.0
1755950400000,1.0164,1.0212,1.0079,1.0122,3371443.0
1755954000000,1.0122,1.0193,1.01,1.0139,4400456.0
1755957600000,1.0139,1.0199,1.0095,1.0105,3157872.0
1755961200000,1.0106,1.0172,1.0088,1.0143,2036011.0
1755964800000,1.0143,1.0156,1.0072,1.0114,2059651.0
1755968400000,1.0114,1.0161,1.0081,1.01,2910833.0
1755972000000,1.01,1.0132,1.0083,1.0105,1927730.0
1755975600000,1.0106,1.0204,1.0092,1.0199,1606750.0
1755979200000,1.0199,1.0208,1.0096,1.0136,1403804.0
1755982800000,1.0136,1.014,1.0058,1.0086,1940338.0
1755986400000,1.0086,1.0145,1.0081,1.0135,1494063.0
1755990000000,1.0135,1.0161,1.0087,1.0109,1544880.0
1755993600000,1.011,1.0157,1.0091,1.0102,1887568.0
1755997200000,1.0102,1.0103,1.001,1.0041,3320272.0
1756000800000,1.0041,1.007,0.9968,0.9977,2998009.0
1756004400000,0.9977,0.998,0.9913,0.9952,2949936.0
1756008000000,0.9951,0.998,0.9886,0.9909,2673739.0
1756011600000,0.9908,0.9909,0.9776,0.9813,3857982.0
1756015200000,0.9814,0.9814,0.9663,0.967,5780500.0
1756018800000,0.967,0.979,0.966,0.9711,3309902.0
1756022400000,0.971,0.9768,0.9675,0.9725,2935009.0
1756026000000,0.9724,0.9761,0.9703,0.9712,1990976.0
1756029600000,0.9713,0.9713,0.9534,0.9578,8285413.0
1756033200000,0.9578,0.9635,0.9553,0.9581,2954846.0
1756036800000,0.9581,0.9629,0.9566,0.9624,2502792.0
1756040400000,0.9622,0.9691,0.9609,0.9616,2975953.0
1756044000000,0.9616,0.969,0.957,0.9677,2960848.0
1756047600000,0.9677,0.98,0.9657,0.9678,4132523.0
1756051200000,0.9679,0.9747,0.9636,0.9719,3006174.0
1756054800000,0.9719,0.9952,0.9718,0.9892,5118705.0
1756058400000,0.9893,1.0235,0.9863,1.0158,7250494.0
1756062000000,1.0158,1.0285,0.9689,0.9883,44516759.0
1756065600000,0.9883,0.9918,0.9595,0.9814,20423839.0
1756069200000,0.9814,0.9886,0.9722,0.9761,6264661.0
1756072800000,0.9761,0.9773,0.9576,0.9724,4191360.0
1756076400000,0.9724,0.9784,0.9693,0.9715,2453707.0
1756080000000,0.9715,0.9771,0.9452,0.9556,7310713.0
1756083600000,0.9556,0.9674,0.9511,0.9606,3618746.0
1756087200000,0.9606,0.9845,0.96,0.9808,4168534.0
1756090800000,0.9807,0.9843,0.9696,0.9716,4958504.0
1756094400000,0.9717,0.9742,0.9602,0.9613,3794370.0
1756098000000,0.9614,0.9658,0.9433,0.9439,8489816.0
1756101600000,0.9439,0.9464,0.9302,0.9314,8371382.0
1756105200000,0.9315,0.9386,0.9193,0.9255,6593074.0
1756108800000,0.9255,0.9333,0.9166,0.9279,5914015.0
1756112400000,0.9278,0.93,0.9206,0.9239,3321751.0
1756116000000,0.9239,0.9239,0.9073,0.913,8511955.0
1756119600000,0.913,0.9204,0.9112,0.9186,4306711.0
1756123200000,0.9184,0.9217,0.9134,0.9202,3516206.0
1756126800000,0.92,0.92,0.9076,0.9153,7277650.0
1756130400000,0.9153,0.9589,0.9129,0.9483,23889636.0
1756134000000,0.9483,0.9488,0.9246,0.9273,10938493.0
1756137600000,0.9273,0.9371,0.9197,0.9217,7688368.0
1756141200000,0.9217,0.9221,0.9139,0.9183,4584507.0
1756144800000,0.9183,0.9209,0.9131,0.9148,2598938.0
1756148400000,0.9148,0.9162,0.8963,0.8979,8246052.0
1756152000000,0.898,0.9001,0.8695,0.871,20085621.0
1756155600000,0.871,0.878,0.8631,0.8688,8278514.0
1756159200000,0.8689,0.8837,0.8662,0.8788,3774221.0
1756162800000,0.8787,0.883,0.8731,0.8817,2263317.0
1756166400000,0.8817,0.9058,0.8793,0.8927,14222511.0
1756170000000,0.8928,0.9007,0.8884,0.8953,4499180.0
1756173600000,0.8953,0.9004,0.8864,0.8896,3399827.0
1756177200000,0.8897,0.8955,0.8867,0.8899,2141239.0
1756180800000,0.89,0.8947,0.8885,0.8921,2391622.0
1756184400000,0.8922,0.8985,0.8893,0.8895,2273850.0
1756188000000,0.8895,0.8957,0.8869,0.89,3335463.0
1756191600000,0.8899,0.9017,0.8846,0.8961,4991410.0
1756195200000,0.8961,0.8974,0.887,0.8881,2576165.0
1756198800000,0.888,0.8924,0.8863,0.8902,1895125.0
1756202400000,0.8903,0.9002,0.8885,0.895,2517385.0
1756206000000,0.8952,0.8963,0.8847,0.8901,2335538.0
1756209600000,0.8902,0.9187,0.8855,0.9102,11061816.0
1756213200000,0.9102,0.9136,0.8929,0.9065,9971681.0
1756216800000,0.9066,0.9169,0.8982,0.9141,6235766.0
1756220400000,0.914,0.918,0.9044,0.909,4874819.0
1756224000000,0.909,0.9229,0.909,0.9222,3723744.0
1756227600000,0.9222,0.9286,0.9178,0.9242,3925543.0
1756231200000,0.9243,0.932,0.9233,0.9292,2471302.0
1756234800000,0.9292,0.9443,0.923,0.9422,2876646.0
1756238400000,0.9421,0.9551,0.9374,0.9533,2986271.0
1756242000000,0.9532,0.9535,0.9394,0.9516,2795797.0
1756245600000,0.9516,0.9537,0.9446,0.953,2616523.0
1756249200000,0.9528,0.9546,0.9465,0.9519,3318951.0
1756252800000,0.9519,0.9532,0.9439,0.9462,3005127.0
1756256400000,0.9463,0.9525,0.9385,0.9523,3464478.0
1756260000000,0.9524,0.9544,0.9437,0.9502,2915527.0
1756263600000,0.9502,0.9617,0.9459,0.9573,3546621.0
1756267200000,0.9573,0.967,0.9564,0.9614,4088878.0
1756270800000,0.9615,0.9619,0.9502,0.9543,2061675.0
1756274400000,0.9543,0.9606,0.9515,0.955,2762814.0
1756278000000,0.9549,0.9553,0.9413,0.9452,3964148.0
1756281600000,0.9453,0.9474,0.9345,0.9417,4119491.0
1756285200000,0.9418,0.945,0.9387,0.9419,2813734.0
1756288800000,0.9419,0.944,0.9371,0.9415,1777415.0
1756292400000,0.9415,0.9449,0.9386,0.9404,1919153.0
1756296000000,0.9403,0.943,0.9317,0.9389,3274275.0
1756299600000,0.9389,0.9504,0.9337,0.9394,5192265.0
1756303200000,0.9395,0.9551,0.9353,0.9426,5866166.0
1756306800000,0.9426,0.9508,0.94,0.9492,3699747.0
1756310400000,0.9492,0.9499,0.938,0.9439,2636395.0
1756314000000,0.9439,0.9513,0.9394,0.9502,1659073.0
1756317600000,0.9501,0.9528,0.9454,0.9455,1968557.0
1756321200000,0.9456,0.9494,0.9356,0.9459,4194639.0
1756324800000,0.9459,0.9584,0.9335,0.9536,18781161.0
1756328400000,0.9537,0.9568,0.9383,0.9407,2319398.0
1756332000000,0.9407,0.9458,0.9312,0.9389,1916161.0
1756335600000,0.9389,0.9423,0.9293,0.932,1981419.0
1756339200000,0.932,0.9362,0.9228,0.9335,4394709.0
1756342800000,0.9335,0.9401,0.9316,0.9373,2328701.0
1756346400000,0.9373,0.9443,0.9332,0.9366,2391591.0
1756350000000,0.9365,0.9428,0.9345,0.942,2133432.0
1756353600000,0.942,0.9517,0.9399,0.95,3816560.0
1756357200000,0.95,0.9538,0.9422,0.9463,1991734.0
1756360800000,0.9463,0.9476,0.9424,0.9474,1396214.0
1756364400000,0.9475,0.952,0.9429,0.951,1978560.0
1756368000000,0.951,0.9587,0.9462,0.9479,3392311.0
1756371600000,0.9479,0.948,0.9391,0.9422,2394016.0
1756375200000,0.9422,0.9495,0.9401,0.9493,1552412.0
1756378800000,0.9493,0.9502,0.9454,0.95,1763102.0
1756382400000,0.9499,0.9541,0.9468,0.9492,2525905.0
1756386000000,0.9493,0.9536,0.9451,0.9509,3032623.0
1756389600000,0.951,0.9615,0.9481,0.9576,4764934.0
1756393200000,0.9576,0.9642,0.9478,0.9499,4810084.0
1756396800000,0.95,0.9582,0.9336,0.9337,4622631.0
1756400400000,0.9337,0.9465,0.9319,0.944,2663744.0
1756404000000,0.9441,0.9514,0.94,0.9467,1569909.0
1756407600000,0.9466,0.9493,0.934,0.9341,2200143.0
1756411200000,0.9342,0.9443,0.9328,0.9425,1884495.0
1756414800000,0.9426,0.9517,0.942,0.9495,1441148.0
1756418400000,0.9496,0.9646,0.9496,0.9613,1670663.0
1756422000000,0.9613,0.9621,0.9544,0.9605,1621583.0
1756425600000,0.9605,0.9648,0.9547,0.9575,1683237.0
1756429200000,0.9575,0.9597,0.9429,0.9455,2793350.0
1756432800000,0.9454,0.9548,0.9437,0.9505,1748725.0
1756436400000,0.9505,0.96,0.9457,0.9576,2739096.0
1756440000000,0.9577,0.9615,0.9517,0.9538,1683496.0
1756443600000,0.9539,0.9562,0.9482,0.9511,1784851.0
1756447200000,0.9513,0.9534,0.9415,0.9456,3505196.0
1756450800000,0.9456,0.9456,0.9182,0.9217,6797126.0
1756454400000,0.9216,0.925,0.9091,0.9119,4724072.0
1756458000000,0.9118,0.9203,0.9055,0.9188,3740925.0
1756461600000,0.9188,0.9243,0.9178,0.9225,1924795.0
1756465200000,0.9226,0.9269,0.9153,0.9162,1971587.0
1756468800000,0.9161,0.9422,0.9155,0.929,8801177.0
1756472400000,0.9289,0.9295,0.9051,0.9138,8109614.0
1756476000000,0.914,0.9209,0.8969,0.9087,11735694.0
1756479600000,0.9087,0.9189,0.9025,0.9053,4782902.0
1756483200000,0.9053,0.9101,0.8985,0.9039,4380894.0
1756486800000,0.9038,0.9043,0.8917,0.8968,4179988.0
1756490400000,0.8969,0.8999,0.8908,0.894,3050713.0
1756494000000,0.8938,0.9075,0.8919,0.9034,3503269.0
1756497600000,0.9035,0.905,0.8948,0.8962,3147824.0
1756501200000,0.8962,0.9103,0.8915,0.9079,1631250.0
1756504800000,0.908,0.9088,0.9018,0.9088,735701.0
1756508400000,0.9089,0.9097,0.9038,0.904,2561704.0
1756512000000,0.9041,0.9077,0.9001,0.9026,1464922.0
1756515600000,0.9026,0.9038,0.8867,0.8882,3856695.0
1756519200000,0.8883,0.9044,0.8868,0.9042,2359361.0
1756522800000,0.9043,0.922,0.904,0.9152,3395712.0
1756526400000,0.9153,0.9165,0.9094,0.9102,1089825.0
1756530000000,0.9102,0.9166,0.9094,0.9121,1195151.0
1756533600000,0.9122,0.9152,0.9086,0.9121,1629634.0
1756537200000,0.9122,0.9187,0.9113,0.9186,1528475.0
1756540800000,0.9187,0.9188,0.9106,0.9114,1600035.0
1756544400000,0.9113,0.9116,0.9056,0.9072,1566559.0
1756548000000,0.9073,0.9119,0.9064,0.9102,965387.0
1756551600000,0.9102,0.9147,0.9085,0.9142,790311.0
1756555200000,0.9141,0.9145,0.9031,0.9053,2225897.0
1756558800000,0.9054,0.9054,0.8952,0.9039,2926781.0
1756562400000,0.9038,0.9065,0.8986,0.9054,1131909.0
1756566000000,0.9054,0.9147,0.9038,0.9119,1829836.0
1756569600000,0.9118,0.9122,0.8996,0.9004,2105451.0
1756573200000,0.9004,0.9035,0.8982,0.9006,1390011.0
1756576800000,0.9006,0.9028,0.8965,0.8998,1233089.0
1756580400000,0.8997,0.9025,0.8969,0.9023,679746.0
1756584000000,0.9023,0.9025,0.897,0.8995,577588.0
1756587600000,0.8995,0.9017,0.8976,0.8992,554047.0
1756591200000,0.8992,0.9017,0.8936,0.9009,987044.0
1756594800000,0.9009,0.9048,0.9007,0.9037,824657.0
1756598400000,0.9038,0.9146,0.9038,0.9139,1955951.0
1756602000000,0.9139,0.9173,0.9102,0.9155,2222960.0
1756605600000,0.9156,0.9171,0.9126,0.9144,1597379.0
1756609200000,0.9144,0.9166,0.9117,0.9163,1361510.0
1756612800000,0.9163,0.9168,0.9057,0.9086,1800229.0
1756616400000,0.9085,0.9087,0.9028,0.9038,1317720.0
1756620000000,0.9037,0.9048,0.8991,0.8997,1566322.0
1756623600000,0.8997,0.9047,0.8995,0.9017,1279221.0
1756627200000,0.9017,0.9112,0.9015,0.9107,1497632.0
1756630800000,0.9107,0.913,0.9014,0.902,2236731.0
1756634400000,0.9021,0.9024,0.8945,0.8995,3458839.0
1756638000000,0.8995,0.9046,0.8968,0.9028,2120046.0
1756641600000,0.9028,0.9039,0.8958,0.9019,1894777.0
1756645200000,0.9019,0.904,0.8962,0.898,1705887.0
1756648800000,0.898,0.8998,0.8935,0.8966,1888882.0
1756652400000,0.8967,0.9046,0.8964,0.9025,2108897.0
1756656000000,0.9024,0.9024,0.8961,0.8978,1081821.0
1756659600000,0.8977,0.8997,0.8954,0.8975,901098.0
1756663200000,0.8976,0.9056,0.897,0.9053,944084.0
1756666800000,0.9052,0.9056,0.8977,0.8977,1596437.0
1756670400000,0.8979,0.9025,0.8958,0.8998,638191.0
1756674000000,0.8997,0.9023,0.8971,0.9002,710967.0
1756677600000,0.9003,0.9017,0.8905,0.8928,2584517.0
1756681200000,0.8927,0.8927,0.8805,0.8818,5527611.0
1756684800000,0.8818,0.8833,0.8706,0.8776,6797308.0
1756688400000,0.8777,0.8842,0.8743,0.8796,3232960.0
1756692000000,0.8797,0.88,0.86,0.8657,6190635.0
1756695600000,0.8657,0.8689,0.8621,0.8658,3176223.0
1756699200000,0.8658,0.8673,0.8573,0.8611,2992838.0
1756702800000,0.8611,0.8706,0.8586,0.8663,3078432.0
1756706400000,0.8662,0.8729,0.8611,0.868,3087025.0
1756710000000,0.8681,0.8932,0.8648,0.8931,6674420.0
1756713600000,0.8932,0.9046,0.8906,0.9042,9556387.0
1756717200000,0.9041,0.9067,0.8936,0.8941,4220685.0
1756720800000,0.8942,0.8943,0.8779,0.8832,3944286.0
1756724400000,0.8832,0.8841,0.8741,0.8762,2595080.0
1756728000000,0.8763,0.8837,0.8737,0.8813,2350322.0
1756731600000,0.8812,0.8844,0.8723,0.8735,3203181.0
1756735200000,0.8735,0.8791,0.8689,0.8747,3579782.0
1756738800000,0.8747,0.8773,0.8639,0.8662,4883461.0
1756742400000,0.8662,0.8693,0.8609,0.8634,3407979.0
1756746000000,0.8632,0.8647,0.8576,0.8596,4032834.0
1756749600000,0.8597,0.8678,0.8592,0.8662,1762285.0
1756753200000,0.8662,0.8688,0.8633,0.8679,1078550.0
1756756800000,0.8681,0.8688,0.8386,0.8494,17721339.0
1756760400000,0.8493,0.8498,0.8306,0.84,7633284.0
1756764000000,0.8399,0.8459,0.8351,0.8426,3465989.0
1756767600000,0.8426,0.8569,0.8424,0.8546,2951932.0
1756771200000,0.8547,0.8568,0.8509,0.8548,2673127.0
1756774800000,0.8548,0.8663,0.8504,0.8601,3931656.0
1756778400000,0.8601,0.8717,0.8586,0.8708,3480890.0
1756782000000,0.8708,0.8778,0.869,0.8742,3149376.0
1756785600000,0.8742,0.8787,0.8709,0.8774,2365425.0
1756789200000,0.8775,0.8781,0.8728,0.876,1766109.0
1756792800000,0.8761,0.8813,0.8751,0.88,1464699.0
1756796400000,0.88,0.8801,0.8703,0.872,2593089.0
1756800000000,0.872,0.8758,0.8694,0.8712,1783361.0
1756803600000,0.8712,0.8763,0.8702,0.8763,1078729.0
1756807200000,0.8764,0.8772,0.8726,0.8767,1239071.0
1756810800000,0.8768,0.8771,0.8696,0.8714,1413307.0
1756814400000,0.8714,0.8736,0.8511,0.8522,6570268.0
1756818000000,0.8522,0.8842,0.8514,0.883,10184128.0
1756821600000,0.883,0.8885,0.8742,0.8794,6428418.0
1756825200000,0.8793,0.8806,0.8601,0.8623,3853480.0
1756828800000,0.8621,0.8731,0.862,0.8704,2525146.0
1756832400000,0.8704,0.8806,0.8704,0.8773,2241090.0
1756836000000,0.8772,0.8803,0.8672,0.8758,3106876.0
1756839600000,0.8758,0.8813,0.8695,0.8736,2511207.0
1756843200000,0.8735,0.889,0.8716,0.887,3036038.0
1756846800000,0.887,0.8907,0.8848,0.888,1814595.0
1756850400000,0.888,0.8902,0.8841,0.89,1400485.0
1756854000000,0.8901,0.8908,0.8867,0.8881,734236.0
1756857600000,0.8881,0.8909,0.8838,0.8852,1641187.0
1756861200000,0.8853,0.8913,0.8814,0.8912,1538014.0
1756864800000,0.8911,0.8945,0.8872,0.89,2061436.0
1756868400000,0.8902,0.8916,0.8854,0.8898,1071073.0
1756872000000,0.8896,0.8904,0.885,0.8868,1750269.0
1756875600000,0.8868,0.8873,0.8815,0.8825,1285174.0
1756879200000,0.8826,0.888,0.8787,0.8824,1787992.0
1756882800000,0.8823,0.8845,0.8797,0.8831,2090497.0
1756886400000,0.8831,0.8868,0.8793,0.8804,1632531.0
1756890000000,0.8805,0.8849,0.8758,0.8846,2046253.0
1756893600000,0.8846,0.8889,0.8807,0.8856,1996877.0
1756897200000,0.8855,0.8886,0.8837,0.8881,2343392.0
1756900800000,0.8881,0.8945,0.8846,0.8862,3224524.0
1756904400000,0.8863,0.8976,0.8854,0.8934,6770872.0
1756908000000,0.8934,0.903,0.892,0.9011,3700846.0
1756911600000,0.9012,0.9042,0.8957,0.901,2783306.0
1756915200000,0.901,0.9035,0.8952,0.8969,1707362.0
1756918800000,0.8969,0.9031,0.8969,0.901,1598977.0
1756922400000,0.9011,0.9035,0.8991,0.9019,795938.0
1756926000000,0.9018,0.9068,0.8989,0.9062,1074863.0
1756929600000,0.9064,0.9084,0.9035,0.9057,1451972.0
1756933200000,0.9058,0.9062,0.9,0.9051,1158209.0
1756936800000,0.905,0.9086,0.9012,0.9028,1255605.0
1756940400000,0.9029,0.9042,0.8967,0.8979,1543268.0
1756944000000,0.8979,0.9034,0.8978,0.9015,1265000.0
1756947600000,0.9015,0.9024,0.8978,0.901,1577731.0
1756951200000,0.9011,0.9028,0.8935,0.8986,3837759.0
1756954800000,0.8986,0.8993,0.8898,0.8915,2926763.0
1756958400000,0.8914,0.8992,0.8887,0.8944,2716455.0
1756962000000,0.8943,0.8943,0.8827,0.8861,3788840.0
1756965600000,0.886,0.8862,0.8786,0.8797,3633191.0
1756969200000,0.8796,0.8838,0.8791,0.8807,1043738.0
1756972800000,0.8808,0.886,0.8783,0.8787,1473186.0
1756976400000,0.8787,0.8812,0.8763,0.8788,1336762.0
1756980000000,0.8787,0.8815,0.8754,0.876,2801596.0
1756983600000,0.876,0.8892,0.8739,0.8855,5845243.0
1756987200000,0.8856,0.8932,0.8768,0.8837,4426374.0
1756990800000,0.8836,0.8837,0.8716,0.8757,3160814.0
1756994400000,0.8756,0.8772,0.866,0.869,4223101.0
1756998000000,0.869,0.8696,0.8611,0.8653,4130182.0
1757001600000,0.8652,0.868,0.8607,0.8662,2666412.0
1757005200000,0.8663,0.8719,0.8652,0.8666,1545808.0
1757008800000,0.8666,0.871,0.8609,0.8636,1798888.0
1757012400000,0.8636,0.8679,0.8618,0.8639,1078683.0
1757016000000,0.864,0.8754,0.863,0.867,2517544.0
1757019600000,0.8669,0.8729,0.8666,0.8722,1026868.0
1757023200000,0.8722,0.8769,0.8688,0.8748,1460753.0
1757026800000,0.8747,0.8773,0.8654,0.8654,2006195.0
1757030400000,0.8653,0.8724,0.8651,0.8669,1658769.0
1757034000000,0.867,0.8756,0.8661,0.874,1580132.0
1757037600000,0.8741,0.8771,0.8707,0.8752,1601425.0
1757041200000,0.8752,0.8753,0.8701,0.8745,1182666.0
1757044800000,0.8746,0.8753,0.8714,0.8746,826047.0
1757048400000,0.8746,0.8784,0.8731,0.8778,1291271.0
1757052000000,0.8778,0.8789,0.8743,0.8765,1064468.0
1757055600000,0.8765,0.905,0.8762,0.9016,12000647.0
1757059200000,0.9015,0.9022,0.8901,0.8918,2027639.0
1757062800000,0.8919,0.893,0.885,0.8906,2068083.0
1757066400000,0.8905,0.8939,0.8894,0.8896,1296404.0
1757070000000,0.8896,0.8955,0.8887,0.8953,881500.0
1757073600000,0.8953,0.9206,0.8945,0.9162,10767429.0
1757077200000,0.9162,0.9267,0.9025,0.9076,7821645.0
1757080800000,0.9076,0.9084,0.8738,0.8792,11209374.0
1757084400000,0.8791,0.8896,0.8768,0.8854,3232693.0
1757088000000,0.8854,0.89,0.8807,0.8898,2153006.0
1757091600000,0.8897,0.8899,0.8834,0.8869,1540548.0
1757095200000,0.887,0.9003,0.8841,0.8962,1782785.0
1757098800000,0.8963,0.9029,0.8946,0.9028,1392770.0
1757102400000,0.9027,0.9081,0.9007,0.908,1477033.0
1757106000000,0.908,0.9087,0.8982,0.9049,2476705.0
1757109600000,0.9048,0.9111,0.9034,0.9106,1350277.0
1757113200000,0.9107,0.9176,0.9069,0.9155,3353869.0
1757116800000,0.9156,0.9194,0.9092,0.9099,3253829.0
1757120400000,0.91,0.9137,0.9092,0.9128,1882200.0
1757124000000,0.9129,0.9142,0.9078,0.9131,2021047.0
1757127600000,0.913,0.9157,0.912,0.9153,1121228.0
1757131200000,0.9152,0.9153,0.9088,0.9109,1400746.0
1757134800000,0.9109,0.9109,0.9061,0.9087,1407477.0
1757138400000,0.9087,0.9108,0.9073,0.9101,1733682.0
1757142000000,0.9101,0.9129,0.9085,0.9129,1396388.0
1757145600000,0.9128,0.9149,0.9051,0.9056,2097665.0
1757149200000,0.9056,0.9056,0.8994,0.9009,1825900.0
1757152800000,0.901,0.9117,0.8998,0.9114,1908524.0
1757156400000,0.9115,0.9118,0.9064,0.9088,1325009.0
1757160000000,0.9087,0.9103,0.905,0.9077,1148228.0
1757163600000,0.9076,0.9101,0.906,0.9099,909970.0
1757167200000,0.91,0.9157,0.9092,0.9122,2540039.0
1757170800000,0.9122,0.9153,0.9087,0.9106,2483763.0
1757174400000,0.9106,0.9207,0.9076,0.9197,4151123.0
1757178000000,0.9197,0.9236,0.9133,0.9186,1958878.0
1757181600000,0.9186,0.945,0.918,0.9367,7591003.0
1757185200000,0.9368,0.9372,0.916,0.9168,3246981.0
1757188800000,0.9169,0.9424,0.9167,0.9409,4022524.0
1757192400000,0.9409,0.9617,0.9377,0.9611,5149589.0
1757196000000,0.9611,0.9683,0.9446,0.9588,9546460.0
1757199600000,0.9589,0.9696,0.9546,0.9632,6330363.0
1757203200000,0.9631,0.9675,0.9529,0.9639,5655286.0
1757206800000,0.9639,0.9934,0.9596,0.9878,9104321.0
1757210400000,0.9879,0.9997,0.9857,0.9919,9293012.0
1757214000000,0.992,0.9984,0.9787,0.9956,8478219.0
1757217600000,0.9956,1.0256,0.9944,1.0166,13062923.0
1757221200000,1.0167,1.0617,1.0143,1.0493,18842227.0
1757224800000,1.0493,1.0591,1.0136,1.0204,19815627.0
1757228400000,1.0203,1.0213,1.0087,1.0104,7163345.0
1757232000000,1.0104,1.0269,1.0101,1.019,6863285.0
1757235600000,1.019,1.0232,1.0063,1.0154,7510346.0
1757239200000,1.0154,1.026,1.0148,1.0247,6181409.0
1757242800000,1.0246,1.0396,1.0232,1.0384,7291068.0
1757246400000,1.0383,1.0466,1.0362,1.0425,10569020.0
1757250000000,1.0425,1.0693,1.0352,1.067,20842328.0
1757253600000,1.0669,1.0675,1.039,1.0632,17565172.0
1757257200000,1.0633,1.0769,1.0424,1.0503,18890212.0
1757260800000,1.0502,1.056,1.0382,1.0434,12039341.0
1757264400000,1.0434,1.047,1.033,1.038,5010408.0
1757268000000,1.038,1.0404,1.0311,1.0335,3365603.0
1757271600000,1.0334,1.0444,1.0332,1.0442,2598221.0
1757275200000,1.0443,1.0443,1.033,1.0375,2834056.0
1757278800000,1.0375,1.0414,1.0316,1.0317,2471397.0
1757282400000,1.0317,1.0373,1.0264,1.0333,4550990.0
1757286000000,1.0334,1.0432,1.0311,1.0317,4369514.0
1757289600000,1.0317,1.0389,1.0305,1.0389,3892367.0
1757293200000,1.0389,1.1126,1.0382,1.1009,34463957.0
1757296800000,1.101,1.1754,1.0983,1.172,62755983.0
1757300400000,1.1719,1.2264,1.1646,1.1977,59099395.0
1757304000000,1.1976,1.265,1.1714,1.2604,60864103.0
1757307600000,1.2604,1.3076,1.2535,1.2746,63213729.0
1757311200000,1.2747,1.2818,1.2462,1.2672,48140084.0
1757314800000,1.2671,1.2776,1.23,1.2409,40874872.0
1757318400000,1.241,1.2758,1.2374,1.2569,36641661.0
1757322000000,1.2568,1.2998,1.2414,1.261,42428327.0
1757325600000,1.261,1.2947,1.2348,1.25,59493464.0
1757329200000,1.25,1.2538,1.1731,1.223,67694609.0
1757332800000,1.223,1.2798,1.2039,1.2653,52166152.0
1757336400000,1.2654,1.315,1.2563,1.3003,71341810.0
1757340000000,1.3004,1.5,1.2972,1.4951,173665480.0
1757343600000,1.495,1.5888,1.4716,1.5105,176082382.0
1757347200000,1.5105,1.5307,1.4802,1.5045,80595155.0
1757350800000,1.5046,1.5674,1.4702,1.4754,67784968.0
1757354400000,1.4753,1.5096,1.4178,1.502,62630742.0
1757358000000,1.5019,1.5198,1.4805,1.5031,27207599.0
1757361600000,1.5031,1.5346,1.4955,1.5067,19565069.0
1757365200000,1.5067,1.5479,1.4951,1.5428,17503886.0
1757368800000,1.5428,1.5632,1.5071,1.5126,29738479.0
1757372400000,1.5127,1.5832,1.5075,1.5695,34402868.0
1757376000000,1.5695,1.9484,1.5657,1.7505,173922448.0
1757379600000,1.7506,1.8144,1.7,1.7555,70198872.0
1757383200000,1.7555,1.7619,1.6666,1.7212,47745905.0
1757386800000,1.7211,1.885,1.7043,1.8709,70351123.0
1757390400000,1.8707,1.8965,1.8056,1.8192,54161266.0
1757394000000,1.8191,1.8619,1.79,1.8274,39351789.0
1757397600000,1.8276,1.997,1.8191,1.9494,75761925.0
1757401200000,1.9495,2.0557,1.877,1.9033,91955845.0
1757404800000,1.9033,1.9467,1.8924,1.9428,35533242.0
1757408400000,1.9428,1.9842,1.9211,1.9699,47003109.0
1757412000000,1.9699,2.22,1.9571,2.0185,147887514.0
1757415600000,2.0188,2.1224,2.0114,2.0437,68002922.0
1757419200000,2.0433,2.0938,1.8262,1.8499,135171742.0
1757422800000,1.8499,1.9691,1.8477,1.8964,93875849.0
1757426400000,1.8965,1.934,1.8289,1.8401,73314381.0
1757430000000,1.8402,1.8714,1.7424,1.8184,89397483.0
1757433600000,1.8188,1.8448,1.71,1.7591,74552932.0
1757437200000,1.7591,1.829,1.7546,1.8206,50048704.0
1757440800000,1.8203,1.8432,1.7695,1.7999,21483789.0
1757444400000,1.8,1.8705,1.796,1.804,26249907.0
1757448000000,1.8042,1.8166,1.7755,1.8035,19965010.0
1757451600000,1.8031,1.8089,1.7612,1.7797,12383667.0
1757455200000,1.7799,1.8577,1.7623,1.8575,20613668.0
1757458800000,1.8573,1.95,1.8534,1.9271,51644384.0
1757462400000,1.9272,1.9529,1.8417,1.9183,50579026.0
1757466000000,1.9184,2.0811,1.8967,1.9939,83454608.0
1757469600000,1.994,2.0282,1.9625,1.9982,38583421.0
1757473200000,1.9982,1.9993,1.9151,1.931,33201815.0
1757476800000,1.9309,1.9654,1.9054,1.9557,23092916.0
1757480400000,1.9556,1.9556,1.8903,1.9195,31263527.0
1757484000000,1.9195,1.955,1.9055,1.9225,21322896.0
1757487600000,1.9224,1.923,1.8131,1.835,49172063.0
1757491200000,1.8348,1.8962,1.8229,1.8899,28238092.0
1757494800000,1.8899,1.9211,1.8712,1.8758,25420232.0
1757498400000,1.8756,1.9021,1.841,1.8616,22419575.0
1757502000000,1.8615,1.9039,1.849,1.887,19295957.0
1757505600000,1.8872,1.9268,1.8613,1.8729,37453978.0
1757509200000,1.8729,1.9075,1.8331,1.8412,27756876.0
1757512800000,1.8413,1.8767,1.8106,1.8757,25247895.0
1757516400000,1.8757,1.884,1.8547,1.8575,15961362.0
1757520000000,1.8575,1.8625,1.7576,1.7985,42178260.0
1757523600000,1.7985,1.8437,1.7984,1.8119,21069276.0
1757527200000,1.8119,1.8199,1.7963,1.8118,9099583.0
1757530800000,1.8118,1.838,1.7842,1.8326,9496205.0
1757534400000,1.8325,1.8729,1.831,1.8528,10521221.0
1757538000000,1.8528,1.8738,1.8264,1.8367,9128836.0
1757541600000,1.8367,1.8834,1.8339,1.8794,10997069.0
1757545200000,1.8793,1.898,1.857,1.8673,12694917.0
1757548800000,1.8673,1.8829,1.8454,1.8513,10986789.0
1757552400000,1.8512,1.8603,1.811,1.8365,16739045.0
1757556000000,1.8365,1.8372,1.7808,1.782,21135496.0
1757559600000,1.7821,1.8048,1.7757,1.8004,13166641.0
1757563200000,1.8004,1.8012,1.7845,1.7937,7444033.0
1757566800000,1.7938,1.7941,1.7437,1.7621,22030488.0
1757570400000,1.7621,1.7762,1.7541,1.757,10298254.0
1757574000000,1.7571,1.7607,1.7421,1.7523,15009065.0
1757577600000,1.7523,1.766,1.7454,1.7598,8188077.0
1757581200000,1.7598,1.7729,1.7542,1.7711,7806887.0
1757584800000,1.7711,1.7712,1.723,1.7266,17578716.0
1757588400000,1.7267,1.7349,1.7023,1.7079,21471997.0
1757592000000,1.7078,1.7274,1.6459,1.6654,48205794.0
1757595600000,1.6654,1.6866,1.6545,1.6688,22027077.0
1757599200000,1.6688,1.672,1.6189,1.619,30935148.0
1757602800000,1.6189,1.6379,1.6073,1.6106,19826495.0
1757606400000,1.6108,1.6244,1.587,1.614,25791213.0
1757610000000,1.614,1.6384,1.6056,1.6336,20878276.0
1757613600000,1.6336,1.6371,1.6242,1.6294,8336450.0
1757617200000,1.6294,1.6378,1.6212,1.6312,4867007.0
1757620800000,1.6313,1.6446,1.6277,1.6387,4527522.0
1757624400000,1.6387,1.6539,1.6346,1.6534,6059634.0
1757628000000,1.6533,1.6677,1.6386,1.6483,14265894.0
1757631600000,1.6483,1.6683,1.6474,1.6532,7612383.0
1757635200000,1.6532,1.6695,1.619,1.6341,16073806.0
1757638800000,1.6342,1.6437,1.6204,1.6212,13595843.0
1757642400000,1.6213,1.6307,1.6113,1.6149,14988849.0
1757646000000,1.6149,1.6357,1.6056,1.6219,13605380.0
1757649600000,1.6219,1.6429,1.6218,1.6269,11009879.0
1757653200000,1.627,1.6553,1.6268,1.6474,13121312.0
1757656800000,1.6474,1.76,1.6451,1.6918,51083456.0
1757660400000,1.6918,1.7247,1.6647,1.6684,23902262.0
1757664000000,1.6684,1.6799,1.6424,1.654,17494954.0
1757667600000,1.654,1.6598,1.6232,1.6346,12931918.0
1757671200000,1.6346,1.6488,1.6268,1.6443,9857359.0
1757674800000,1.6443,1.6465,1.6125,1.6173,10525310.0
1757678400000,1.6176,1.6343,1.6176,1.6232,7957382.0
1757682000000,1.6231,1.629,1.6116,1.6261,10052118.0
1757685600000,1.6261,1.6426,1.5913,1.5992,23367643.0
1757689200000,1.5992,1.6162,1.5432,1.5672,38207013.0
1757692800000,1.5672,1.6199,1.5665,1.6096,27427385.0
1757696400000,1.6096,1.6133,1.5962,1.6061,8808426.0
1757700000000,1.6061,1.6337,1.5993,1.6299,8498821.0
1757703600000,1.6299,1.6533,1.6251,1.6504,7651568.0
1757707200000,1.6504,1.654,1.6287,1.6395,6743256.0
1757710800000,1.6396,1.6704,1.6311,1.6536,5223065.0
1757714400000,1.6537,1.6598,1.6406,1.6431,4438874.0
1757718000000,1.6431,1.6719,1.6391,1.6647,4969880.0
1757721600000,1.6647,1.7319,1.6589,1.6754,32295282.0
1757725200000,1.6755,1.6798,1.6394,1.6493,14582035.0
1757728800000,1.6493,1.6708,1.643,1.6561,7098713.0
1757732400000,1.6561,1.687,1.653,1.6568,13477220.0
1757736000000,1.6568,1.6812,1.6456,1.6492,8599112.0
1757739600000,1.6492,1.6604,1.642,1.6474,7853700.0
1757743200000,1.6474,1.65,1.626,1.6359,8358214.0
1757746800000,1.6358,1.6431,1.6265,1.6307,5136065.0
1757750400000,1.6308,1.6364,1.6206,1.6265,7925736.0
1757754000000,1.6264,1.6298,1.6064,1.6153,9484969.0
1757757600000,1.6153,1.6275,1.6076,1.6255,10595638.0
1757761200000,1.6255,1.6368,1.6018,1.6336,9193271.0
1757764800000,1.6336,1.6461,1.624,1.6356,9111879.0
1757768400000,1.6354,1.6354,1.58,1.6189,22847876.0
1757772000000,1.6189,1.622,1.6064,1.6152,9316156.0
1757775600000,1.6154,1.6234,1.5881,1.599,9589231.0
1757779200000,1.5989,1.6073,1.5911,1.602,9157518.0
1757782800000,1.602,1.6128,1.5851,1.6116,9283462.0
1757786400000,1.6116,1.6166,1.5987,1.6132,5771798.0
1757790000000,1.6131,1.6215,1.6066,1.6205,2810156.0
1757793600000,1.6204,1.635,1.6161,1.6306,4187206.0
1757797200000,1.6306,1.6509,1.6274,1.6381,4430347.0
1757800800000,1.6381,1.645,1.6286,1.6334,4129336.0
1757804400000,1.6334,1.67,1.63,1.6581,7943574.0
1757808000000,1.6581,1.6581,1.6115,1.623,9602037.0
1757811600000,1.623,1.6281,1.6057,1.62,7764865.0
1757815200000,1.6199,1.6283,1.6116,1.6183,4171731.0
1757818800000,1.6184,1.6661,1.6143,1.6194,17080801.0
1757822400000,1.6195,1.6696,1.6191,1.6591,12790861.0
1757826000000,1.659,1.7129,1.6523,1.7125,19776316.0
1757829600000,1.7126,1.7344,1.6707,1.7168,28445602.0
1757833200000,1.7165,1.7441,1.6951,1.7188,19510744.0
1757836800000,1.7188,1.7215,1.656,1.6629,19475669.0
1757840400000,1.6629,1.6945,1.6453,1.6519,16735706.0
1757844000000,1.6517,1.6666,1.6435,1.664,7418481.0
1757847600000,1.664,1.6744,1.6,1.6181,19256056.0
1757851200000,1.6183,1.6398,1.613,1.627,9670054.0
1757854800000,1.627,1.6394,1.6207,1.637,8686942.0
1757858400000,1.6371,1.6455,1.5836,1.5957,19382470.0
1757862000000,1.5956,1.6159,1.5873,1.6012,7998628.0
1757865600000,1.6011,1.6155,1.5967,1.6064,5911175.0
1757869200000,1.6063,1.6222,1.6002,1.6108,5126176.0
1757872800000,1.6108,1.6152,1.5981,1.6017,2752227.0
1757876400000,1.6017,1.6137,1.5928,1.5998,3728133.0
1757880000000,1.5997,1.6136,1.5973,1.6046,1963729.0
1757883600000,1.6047,1.6249,1.5965,1.6187,3057965.0
1757887200000,1.6188,1.6196,1.6015,1.6075,3255589.0
1757890800000,1.6075,1.6079,1.5586,1.5746,13203995.0
1757894400000,1.5747,1.5987,1.5739,1.5756,9488616.0
1757898000000,1.5756,1.59,1.554,1.5817,7514329.0
1757901600000,1.5818,1.5955,1.5761,1.5816,4812262.0
1757905200000,1.5817,1.5962,1.5807,1.5903,3062029.0
1757908800000,1.5903,1.6066,1.5843,1.5938,5842257.0
1757912400000,1.5939,1.6102,1.5923,1.606,5064787.0
1757916000000,1.606,1.6092,1.5661,1.5714,10112724.0
1757919600000,1.5714,1.5851,1.5282,1.551,16544506.0
1757923200000,1.5509,1.5598,1.5345,1.5573,16753777.0
1757926800000,1.5574,1.6087,1.5486,1.6083,16662937.0
1757930400000,1.6084,1.6149,1.5775,1.5808,10847622.0
1757934000000,1.5808,1.5875,1.5584,1.5712,8374141.0
1757937600000,1.5712,1.5754,1.5541,1.5605,7234436.0
1757941200000,1.5604,1.5871,1.5533,1.5604,10182790.0
1757944800000,1.5604,1.5672,1.5134,1.5174,16420049.0
1757948400000,1.5174,1.5335,1.4652,1.4732,25505874.0
1757952000000,1.4731,1.4949,1.463,1.4798,14473280.0
1757955600000,1.4798,1.5008,1.4791,1.4985,5595734.0
1757959200000,1.4985,1.5037,1.4875,1.4975,4286514.0
1757962800000,1.4975,1.5089,1.4902,1.5014,3240872.0
1757966400000,1.5015,1.517,1.4991,1.5116,3368358.0
1757970000000,1.5115,1.5141,1.5015,1.511,2439606.0
1757973600000,1.511,1.5207,1.505,1.5091,3243087.0
1757977200000,1.5091,1.5137,1.5067,1.5121,1957356.0
1757980800000,1.5121,1.5122,1.4937,1.4981,3753803.0
1757984400000,1.4981,1.5075,1.4883,1.4932,4522679.0
1757988000000,1.4932,1.504,1.4915,1.4965,3004509.0
1757991600000,1.4966,1.5043,1.4947,1.4956,2387888.0
1757995200000,1.4956,1.5169,1.4927,1.5022,6779036.0
1757998800000,1.5021,1.511,1.4972,1.5041,3447395.0
1758002400000,1.5042,1.5149,1.4973,1.5036,5046882.0
1758006000000,1.5036,1.5097,1.4984,1.501,2466166.0
1758009600000,1.5011,1.5103,1.4998,1.5063,3565073.0
1758013200000,1.5062,1.5063,1.4934,1.5017,4042452.0
1758016800000,1.5018,1.5046,1.4935,1.4943,2940646.0
1758020400000,1.4944,1.5039,1.4938,1.5027,2657241.0
1758024000000,1.5027,1.5433,1.4984,1.5406,14326281.0
1758027600000,1.5406,1.609,1.5322,1.5591,41161507.0
1758031200000,1.5591,1.5596,1.5088,1.5289,22949253.0
1758034800000,1.529,1.5333,1.5134,1.5306,8860142.0
1758038400000,1.5306,1.538,1.4953,1.5026,10914280.0
1758042000000,1.5026,1.5279,1.502,1.5118,9174241.0
1758045600000,1.5117,1.5205,1.5038,1.5053,5850490.0
1758049200000,1.5053,1.5062,1.4956,1.4988,3425126.0
1758052800000,1.4989,1.503,1.4915,1.5026,2745913.0
1758056400000,1.5025,1.5195,1.5016,1.5186,2821282.0
1758060000000,1.5185,1.5306,1.5137,1.5159,3632223.0
1758063600000,1.5159,1.5189,1.5082,1.5124,2406697.0
1758067200000,1.5124,1.5243,1.5022,1.5161,4547400.0
1758070800000,1.5161,1.5304,1.5062,1.5116,4281395.0
1758074400000,1.5116,1.5196,1.5057,1.5078,3944044.0
1758078000000,1.5077,1.5089,1.4856,1.4921,6956243.0
1758081600000,1.4922,1.5054,1.4827,1.4867,7445378.0
1758085200000,1.4866,1.4977,1.47,1.4974,7377487.0
1758088800000,1.4974,1.5202,1.4913,1.516,7624283.0
1758092400000,1.5159,1.5159,1.5027,1.5066,3953284.0
1758096000000,1.5065,1.5068,1.4911,1.4929,4628617.0
1758099600000,1.4929,1.4974,1.4839,1.4869,3089751.0
1758103200000,1.487,1.4933,1.4804,1.4836,4123673.0
1758106800000,1.4836,1.4964,1.4821,1.4928,2599790.0
1758110400000,1.4929,1.5066,1.4919,1.4999,3817229.0
1758114000000,1.4998,1.5178,1.4935,1.5091,7818160.0
1758117600000,1.5092,1.5233,1.501,1.5018,6022823.0
1758121200000,1.5018,1.5199,1.5013,1.5152,3745941.0
1758124800000,1.5151,1.5763,1.5014,1.5612,19052704.0
1758128400000,1.5612,1.5678,1.5238,1.5244,15988610.0
1758132000000,1.524,1.5872,1.5215,1.5535,29073903.0
1758135600000,1.5534,1.606,1.5527,1.5781,14706101.0
1758139200000,1.5782,1.5912,1.5577,1.5605,6139833.0
1758142800000,1.5604,1.6015,1.5456,1.591,7294776.0
1758146400000,1.5909,1.6124,1.5861,1.6096,5886465.0
1758150000000,1.6095,1.6109,1.5831,1.6003,5566330.0
1758153600000,1.6004,1.6051,1.5704,1.5797,6386713.0
1758157200000,1.5797,1.6174,1.5751,1.5878,7382011.0
1758160800000,1.5878,1.6113,1.5854,1.6019,4794918.0
1758164400000,1.6018,1.6336,1.5947,1.5988,10059852.0
1758168000000,1.5989,1.6232,1.5912,1.6114,6939797.0
1758171600000,1.6112,1.6195,1.5968,1.6002,4369858.0
1758175200000,1.6002,1.6007,1.5702,1.5809,6575239.0
1758178800000,1.5807,1.5842,1.561,1.5655,6104339.0
1758182400000,1.5654,1.5771,1.5607,1.5739,4365844.0
1758186000000,1.5738,1.5809,1.5679,1.5738,3524864.0
1758189600000,1.5737,1.5767,1.5576,1.5719,4897587.0
1758193200000,1.5718,1.575,1.5622,1.5685,2348546.0
1758196800000,1.5684,1.5729,1.5602,1.5662,2714884.0
1758200400000,1.5662,1.597,1.5604,1.5953,9124936.0
1758204000000,1.5953,1.6985,1.5888,1.6299,40403848.0
1758207600000,1.63,1.6504,1.5922,1.597,14111148.0
1758211200000,1.597,1.6066,1.5736,1.5752,8707745.0
1758214800000,1.5752,1.5942,1.5734,1.5915,6725398.0
1758218400000,1.5915,1.6012,1.5851,1.5986,4111859.0
1758222000000,1.5985,1.6095,1.5862,1.5938,4803787.0
1758225600000,1.5938,1.6045,1.5901,1.6008,2783870.0
1758229200000,1.6008,1.6112,1.5927,1.6079,1838210.0
1758232800000,1.6078,1.6099,1.5921,1.5957,2789211.0
1758236400000,1.5956,1.6064,1.5869,1.6031,3906433.0
1758240000000,1.6031,1.6105,1.5917,1.5996,4550592.0
1758243600000,1.5995,1.6187,1.5861,1.5896,7256383.0
1758247200000,1.5896,1.5994,1.5817,1.5845,3837145.0
1758250800000,1.5845,1.5903,1.5652,1.5703,6485516.0
1758254400000,1.5702,1.5711,1.5412,1.5643,9303558.0
1758258000000,1.5643,1.5656,1.5453,1.5576,4007509.0
1758261600000,1.5574,1.558,1.5464,1.5478,2664606.0
1758265200000,1.5478,1.5607,1.5454,1.5509,3055723.0
1758268800000,1.5508,1.56,1.5501,1.554,2644081.0
1758272400000,1.5541,1.562,1.5247,1.5402,9030426.0
1758276000000,1.5401,1.5445,1.5253,1.5332,6768281.0
1758279600000,1.5331,1.5334,1.5116,1.5213,7349352.0
1758283200000,1.5213,1.5341,1.5206,1.5225,3529194.0
1758286800000,1.5224,1.5394,1.5213,1.5303,5121983.0
1758290400000,1.5301,1.5383,1.5186,1.5311,4981400.0
1758294000000,1.5311,1.5337,1.5048,1.5133,10784432.0
1758297600000,1.5135,1.5187,1.5093,1.5126,3752829.0
1758301200000,1.5126,1.5146,1.5022,1.5059,4002071.0
1758304800000,1.5059,1.5084,1.4922,1.4999,5757986.0
1758308400000,1.4999,1.5118,1.4993,1.5001,2151087.0
1758312000000,1.5001,1.5105,1.498,1.5022,1278686.0
1758315600000,1.5021,1.5132,1.5001,1.5103,1406788.0
1758319200000,1.5103,1.5163,1.5099,1.5133,1255299.0
1758322800000,1.5133,1.5144,1.4901,1.5093,3588248.0
1758326400000,1.5092,1.5171,1.5024,1.515,2591237.0
1758330000000,1.5149,1.5152,1.4989,1.4995,3132822.0
1758333600000,1.4995,1.5006,1.4781,1.4932,6681089.0
1758337200000,1.4932,1.4945,1.4836,1.4891,2940088.0
1758340800000,1.4891,1.4927,1.4858,1.4879,2023795.0
1758344400000,1.488,1.4972,1.4848,1.4941,2728763.0
1758348000000,1.4942,1.5008,1.4863,1.4967,2753629.0
1758351600000,1.4966,1.5072,1.4912,1.5069,2923082.0
1758355200000,1.5068,1.5147,1.4982,1.5035,4688609.0
1758358800000,1.5033,1.5137,1.4943,1.5071,4619629.0
1758362400000,1.507,1.5191,1.5033,1.5067,4230065.0
1758366000000,1.5066,1.5277,1.5061,1.5262,4693739.0
1758369600000,1.5262,1.5343,1.5143,1.5317,5811764.0
1758373200000,1.5318,1.5321,1.5136,1.5213,4254964.0
1758376800000,1.5214,1.5311,1.5141,1.527,3679331.0
1758380400000,1.527,1.5359,1.5185,1.5206,4009775.0
1758384000000,1.5206,1.527,1.5158,1.5196,2418861.0
1758387600000,1.5197,1.5228,1.5126,1.5173,1828373.0
1758391200000,1.5173,1.5173,1.501,1.5074,3547089.0
1758394800000,1.5075,1.5196,1.5041,1.5113,1872498.0
1758398400000,1.5112,1.5208,1.5064,1.5154,1298295.0
1758402000000,1.5154,1.5248,1.5145,1.5195,1459760.0
1758405600000,1.5194,1.5214,1.5141,1.5184,1099049.0
1758409200000,1.5184,1.5188,1.5007,1.5034,3176465.0
1758412800000,1.5034,1.5091,1.488,1.4943,5808023.0
1758416400000,1.4943,1.4999,1.4887,1.4916,2117781.0
1758420000000,1.4915,1.5028,1.489,1.5003,2732835.0
1758423600000,1.5002,1.506,1.4974,1.506,1947398.0
1758427200000,1.506,1.5091,1.4971,1.5013,2632813.0
1758430800000,1.5013,1.5225,1.4995,1.5174,3384615.0
1758434400000,1.5175,1.5268,1.5104,1.5116,3513652.0
1758438000000,1.5116,1.5143,1.5057,1.5075,2271569.0
1758441600000,1.5076,1.5094,1.4957,1.4984,3139174.0
1758445200000,1.4983,1.499,1.416,1.4677,19717386.0
1758448800000,1.4677,1.4744,1.4559,1.4596,4134587.0
1758452400000,1.4596,1.4715,1.4558,1.4642,3378806.0
1758456000000,1.4642,1.4825,1.4637,1.469,4154865.0
1758459600000,1.469,1.494,1.4688,1.492,5337567.0
1758463200000,1.4919,1.4946,1.4761,1.4816,3398797.0
1758466800000,1.4816,1.488,1.4768,1.4806,2357096.0
1758470400000,1.4805,1.4837,1.4629,1.4711,3868938.0
1758474000000,1.4709,1.4783,1.4608,1.4775,2454063.0
1758477600000,1.4775,1.4878,1.4761,1.4874,2665789.0
1758481200000,1.4874,1.4875,1.4729,1.481,2029344.0
1758484800000,1.481,1.4842,1.474,1.4781,893438.0
1758488400000,1.4781,1.4869,1.4722,1.48,1258740.0
1758492000000,1.4799,1.484,1.4706,1.4816,1489731.0
1758495600000,1.4815,1.4816,1.464,1.4651,1869668.0
1758499200000,1.4651,1.4752,1.42,1.4297,14279809.0
1758502800000,1.4297,1.4529,1.4228,1.4401,7316296.0
1758506400000,1.4401,1.4453,1.4118,1.4298,7185366.0
1758510000000,1.4299,1.4395,1.4178,1.4204,4840535.0
1758513600000,1.4204,1.4255,1.3759,1.3988,13568032.0
1758517200000,1.399,1.4047,1.3769,1.3784,4587490.0
1758520800000,1.3785,1.3804,1.2754,1.3396,38520408.0
1758524400000,1.3396,1.3465,1.3202,1.3209,6808425.0
1758528000000,1.3209,1.3408,1.3183,1.3379,5052376.0
1758531600000,1.338,1.3413,1.3111,1.3133,5549486.0
1758535200000,1.3132,1.33,1.3092,1.328,5443280.0
1758538800000,1.3279,1.3297,1.3104,1.3177,4143380.0
1758542400000,1.3177,1.3266,1.3118,1.3178,4030508.0
1758546000000,1.3178,1.3364,1.3102,1.336,5426599.0
1758549600000,1.336,1.3418,1.3017,1.3063,8116064.0
1758553200000,1.3063,1.317,1.2969,1.3085,7774354.0
1758556800000,1.3084,1.3798,1.3067,1.3376,33476105.0
1758560400000,1.3376,1.3557,1.3307,1.3488,13357688.0
1758564000000,1.3488,1.3745,1.3438,1.3687,10122020.0
1758567600000,1.3687,1.3847,1.357,1.3796,6480248.0
1758571200000,1.3796,1.3897,1.3611,1.3705,5302399.0
1758574800000,1.3706,1.3779,1.3546,1.3701,2715100.0
1758578400000,1.3701,1.3843,1.3666,1.3758,2106613.0
1758582000000,1.3758,1.4061,1.3707,1.3916,5983591.0
1758585600000,1.3916,1.3975,1.3605,1.3611,4870012.0
1758589200000,1.3611,1.3727,1.3492,1.3517,5445486.0
1758592800000,1.3518,1.3608,1.3481,1.3545,3747035.0
1758596400000,1.3545,1.3774,1.3436,1.3646,7946862.0
1758600000000,1.3645,1.3667,1.3344,1.3381,6308495.0
1758603600000,1.3381,1.3462,1.3313,1.3322,4415193.0
1758607200000,1.3321,1.3581,1.3301,1.3438,5993029.0
1758610800000,1.3437,1.3437,1.331,1.3344,4060911.0
1758614400000,1.3345,1.3385,1.3263,1.332,3981482.0
1758618000000,1.332,1.3397,1.3173,1.3216,5439122.0
1758621600000,1.3215,1.3261,1.3158,1.325,3003795.0
1758625200000,1.325,1.3302,1.3168,1.3242,2947645.0
1758628800000,1.3242,1.3318,1.319,1.3295,4007392.0
1758632400000,1.3293,1.3351,1.3178,1.322,4251481.0
1758636000000,1.3221,1.3857,1.3209,1.3446,15846835.0
1758639600000,1.3446,1.3619,1.3273,1.3493,8300992.0
1758643200000,1.3493,1.372,1.3371,1.3577,6895941.0
1758646800000,1.3576,1.362,1.3274,1.3387,4965185.0
1758650400000,1.3387,1.3467,1.3076,1.3152,8004953.0
1758654000000,1.3152,1.33,1.2879,1.3006,6899181.0
1758657600000,1.3007,1.3166,1.2966,1.3155,3492667.0
1758661200000,1.3155,1.326,1.3055,1.3232,1935398.0
1758664800000,1.3232,1.3289,1.3144,1.316,1786166.0
1758668400000,1.316,1.3187,1.3013,1.3055,2224500.0
1758672000000,1.3056,1.3186,1.3026,1.3035,3856273.0
1758675600000,1.3035,1.3214,1.2924,1.3171,3300823.0
1758679200000,1.3171,1.3189,1.2985,1.3045,4170129.0
1758682800000,1.3045,1.3045,1.2627,1.2698,11876701.0
1758686400000,1.2697,1.3056,1.254,1.2939,14006561.0
1758690000000,1.2939,1.3198,1.2927,1.3181,4840805.0
1758693600000,1.3181,1.3225,1.3116,1.3196,3010902.0
1758697200000,1.3197,1.3213,1.3117,1.3166,2066687.0
1758700800000,1.3167,1.3247,1.3119,1.3224,2503268.0
1758704400000,1.3223,1.3314,1.318,1.3249,3007335.0
1758708000000,1.3248,1.3292,1.3191,1.324,2390052.0
1758711600000,1.324,1.3491,1.3221,1.3486,6083224.0
1758715200000,1.3485,1.3529,1.3343,1.3376,5879638.0
1758718800000,1.3377,1.3482,1.3333,1.3336,3543311.0
1758722400000,1.3335,1.3578,1.3323,1.3485,5085319.0
1758726000000,1.3486,1.3593,1.3442,1.3471,3882178.0
1758729600000,1.3471,1.3623,1.3435,1.3595,5598685.0
1758733200000,1.3596,1.3616,1.3503,1.3574,2988869.0
1758736800000,1.3574,1.3583,1.3335,1.3351,4013375.0
1758740400000,1.3352,1.3415,1.3307,1.3393,2112427.0
1758744000000,1.3394,1.3523,1.3362,1.3517,2354872.0
1758747600000,1.3516,1.3584,1.3466,1.3499,1585297.0
1758751200000,1.3499,1.3579,1.3467,1.349,2336956.0
1758754800000,1.3491,1.3545,1.3451,1.3536,1819055.0
1758758400000,1.3535,1.3552,1.3283,1.3318,4252699.0
1758762000000,1.3318,1.338,1.3142,1.319,6301550.0
1758765600000,1.3191,1.3357,1.3085,1.3298,6277306.0
1758769200000,1.3298,1.3312,1.3005,1.3132,6704976.0
1758772800000,1.3131,1.3174,1.2637,1.2716,13800417.0
1758776400000,1.2716,1.2976,1.2674,1.2824,7635993.0
1758780000000,1.2824,1.2851,1.2676,1.2687,5301051.0
1758783600000,1.2688,1.2899,1.2643,1.2801,7604275.0
1758787200000,1.2801,1.2905,1.2745,1.2829,4899984.0
1758790800000,1.2828,1.2996,1.2623,1.2654,7709877.0
1758794400000,1.2654,1.2833,1.2645,1.2664,4974003.0
1758798000000,1.2664,1.273,1.2568,1.2635,5543482.0
1758801600000,1.2635,1.2695,1.2227,1.2497,17467609.0
1758805200000,1.2496,1.268,1.239,1.2577,9849409.0
1758808800000,1.2577,1.2848,1.2577,1.2604,8890876.0
1758812400000,1.2603,1.2635,1.2493,1.2572,5151493.0
1758816000000,1.2572,1.2579,1.2341,1.2375,9233241.0
1758819600000,1.2374,1.2486,1.2258,1.2395,33181314.0
1758823200000,1.2396,1.314,1.2353,1.3035,14550639.0
1758826800000,1.3036,1.3165,1.2902,1.294,8055122.0
1758830400000,1.2942,1.2965,1.2671,1.2671,5153745.0
1758834000000,1.2671,1.2789,1.2562,1.2708,4663146.0
1758837600000,1.2707,1.2771,1.2517,1.2614,3593567.0
1758841200000,1.2614,1.2742,1.2473,1.263,6255582.0
1758844800000,1.2628,1.278,1.2558,1.2717,5990863.0
1758848400000,1.2718,1.2779,1.2581,1.2623,4690122.0
1758852000000,1.2623,1.2731,1.2534,1.2578,3520285.0
1758855600000,1.2578,1.2679,1.2529,1.2635,2283560.0
1758859200000,1.2635,1.2674,1.2384,1.2402,4267107.0
1758862800000,1.2401,1.2603,1.2368,1.249,4067291.0
1758866400000,1.2491,1.2602,1.2387,1.2476,4421049.0
1758870000000,1.2477,1.2613,1.2414,1.2528,3993807.0
1758873600000,1.2528,1.2565,1.2435,1.2437,4223827.0
1758877200000,1.2438,1.2505,1.2289,1.235,4061403.0
1758880800000,1.235,1.2361,1.2184,1.2269,6301594.0
1758884400000,1.227,1.2453,1.2172,1.2366,4741093.0
1758888000000,1.2366,1.2629,1.2201,1.2495,9274506.0
1758891600000,1.2496,1.2571,1.2338,1.2528,8351845.0
1758895200000,1.2528,1.2569,1.2301,1.2464,5195611.0
1758898800000,1.2464,1.2603,1.2422,1.2523,4372331.0
1758902400000,1.2523,1.271,1.2509,1.2584,4387259.0
1758906000000,1.2584,1.2825,1.2564,1.278,5314416.0
1758909600000,1.2781,1.2916,1.2749,1.283,3894148.0
1758913200000,1.2831,1.289,1.2747,1.2818,3100638.0
1758916800000,1.2819,1.2915,1.277,1.2806,2613758.0
1758920400000,1.2806,1.2872,1.2767,1.2829,1658241.0
1758924000000,1.2829,1.2866,1.2796,1.2809,1009467.0
1758927600000,1.2809,1.286,1.2785,1.2852,1204481.0
1758931200000,1.2852,1.2852,1.278,1.2838,1567749.0
1758934800000,1.2838,1.2856,1.275,1.2812,1787020.0
1758938400000,1.2812,1.301,1.279,1.2954,3625543.0
1758942000000,1.2954,1.3194,1.2873,1.311,6476330.0
1758945600000,1.3109,1.3185,1.3024,1.3104,3528166.0
1758949200000,1.3104,1.386,1.303,1.3566,13582109.0
1758952800000,1.3565,1.3645,1.3281,1.3431,10004291.0
1758956400000,1.3431,1.3455,1.3074,1.3127,7019007.0
1758960000000,1.3127,1.3212,1.2939,1.2956,6697190.0
1758963600000,1.2956,1.2993,1.2824,1.2943,5633847.0
1758967200000,1.2944,1.3076,1.2879,1.3023,4594136.0
1758970800000,1.3023,1.3061,1.2933,1.304,2705142.0
1758974400000,1.304,1.3118,1.2931,1.3061,5352800.0
1758978000000,1.3061,1.3138,1.302,1.3075,3002522.0
1758981600000,1.3074,1.3076,1.2742,1.2779,7122841.0
1758985200000,1.2778,1.2878,1.2675,1.2865,4926789.0
1758988800000,1.2866,1.2874,1.2711,1.2749,3361796.0
1758992400000,1.2749,1.2801,1.2643,1.2788,3159935.0
1758996000000,1.2788,1.2833,1.2707,1.2764,1808245.0
1758999600000,1.2764,1.282,1.2739,1.2792,1485790.0
1759003200000,1.2792,1.2827,1.2733,1.2743,990552.0
1759006800000,1.2743,1.2811,1.2707,1.2798,968850.0
1759010400000,1.2799,1.2919,1.2784,1.2788,1706015.0
1759014000000,1.2788,1.2837,1.2719,1.2743,1455573.0
1759017600000,1.2743,1.2763,1.2616,1.2661,3175547.0
1759021200000,1.2661,1.2683,1.2551,1.2564,3437547.0
1759024800000,1.2563,1.2634,1.2553,1.2595,1865132.0
1759028400000,1.2595,1.2662,1.2575,1.2636,2044759.0
1759032000000,1.2636,1.2666,1.2583,1.262,1598116.0
1759035600000,1.262,1.2663,1.257,1.2606,1368156.0
1759039200000,1.2605,1.262,1.2356,1.2491,6461502.0
1759042800000,1.2492,1.2543,1.2452,1.2504,1945177.0
1759046400000,1.2505,1.254,1.2445,1.2474,2084161.0
1759050000000,1.2473,1.2505,1.2422,1.2449,2140650.0
1759053600000,1.2449,1.2537,1.239,1.2506,2496114.0
1759057200000,1.2506,1.2521,1.245,1.2489,1970206.0
1759060800000,1.249,1.2491,1.237,1.241,3608899.0
1759064400000,1.2409,1.2621,1.2403,1.2585,4257285.0
1759068000000,1.2586,1.2603,1.2529,1.2558,2201825.0
1759071600000,1.2558,1.2647,1.2543,1.2643,2406376.0
1759075200000,1.2643,1.2766,1.2615,1.2641,4093031.0
1759078800000,1.2641,1.2845,1.2626,1.2763,4750720.0
1759082400000,1.2764,1.2947,1.2755,1.2941,3283962.0
1759086000000,1.2941,1.2961,1.2813,1.2855,2127265.0
1759089600000,1.2855,1.3009,1.2844,1.2936,2746658.0
1759093200000,1.2936,1.2984,1.2886,1.2936,1430233.0
1759096800000,1.2936,1.3392,1.2925,1.3385,6424331.0
1759100400000,1.3386,1.3463,1.3183,1.3293,6421558.0
1759104000000,1.3293,1.3395,1.3194,1.3376,3566587.0
1759107600000,1.3376,1.341,1.3268,1.3298,2818200.0
1759111200000,1.3298,1.3385,1.3202,1.3328,3933836.0
1759114800000,1.3329,1.3359,1.326,1.3307,2144035.0
1759118400000,1.3307,1.3324,1.3158,1.3216,4450401.0
1759122000000,1.3215,1.3222,1.3065,1.3124,3795251.0
1759125600000,1.3123,1.3194,1.3023,1.3119,3265074.0
1759129200000,1.312,1.3186,1.3092,1.3119,2397851.0
1759132800000,1.3119,1.3134,1.3051,1.3077,2476820.0
1759136400000,1.3075,1.3122,1.2944,1.2985,3637483.0
1759140000000,1.2986,1.3051,1.2885,1.2893,3486541.0
1759143600000,1.2893,1.2927,1.2807,1.287,3730897.0
1759147200000,1.2868,1.298,1.2685,1.272,6237956.0
1759150800000,1.272,1.2963,1.2668,1.2897,7646147.0
1759154400000,1.2896,1.3129,1.2874,1.308,8467193.0
1759158000000,1.3079,1.315,1.2803,1.2829,7205514.0
1759161600000,1.283,1.288,1.254,1.2579,9890529.0
1759165200000,1.2577,1.2742,1.2521,1.2699,6695867.0
1759168800000,1.27,1.2721,1.2634,1.2721,2568406.0
1759172400000,1.2722,1.2987,1.2716,1.2943,4948651.0
1759176000000,1.2943,1.3177,1.2911,1.3165,5056836.0
1759179600000,1.3164,1.3179,1.3052,1.3058,2801429.0
1759183200000,1.3059,1.3069,1.2884,1.2901,3829256.0
1759186800000,1.2902,1.2905,1.2784,1.279,2535389.0
1759190400000,1.279,1.2883,1.257,1.2611,7034441.0
1759194000000,1.261,1.2787,1.2581,1.2657,6006660.0
1759197600000,1.2657,1.274,1.259,1.2597,2998201.0
1759201200000,1.2596,1.2718,1.2573,1.2605,3254032.0
1759204800000,1.2606,1.268,1.259,1.2623,2251057.0
1759208400000,1.2623,1.2656,1.2583,1.2585,3680166.0
1759212000000,1.2583,1.2722,1.2578,1.2618,2997813.0
1759215600000,1.2618,1.2678,1.2522,1.256,3555182.0
1759219200000,1.2559,1.2592,1.2477,1.2495,2884535.0
1759222800000,1.2496,1.2549,1.2433,1.2469,4092359.0
1759226400000,1.2468,1.2561,1.2451,1.2456,2402679.0
1759230000000,1.2455,1.2487,1.2409,1.2441,2147287.0
1759233600000,1.2441,1.2448,1.2309,1.2314,6115307.0
1759237200000,1.2314,1.2452,1.2273,1.2344,6258656.0
1759240800000,1.2344,1.2365,1.2161,1.2264,9188390.0
1759244400000,1.2266,1.2268,1.1973,1.2154,11919548.0
1759248000000,1.2154,1.2208,1.2081,1.218,5106258.0
1759251600000,1.2179,1.2238,1.2141,1.2146,4881520.0
1759255200000,1.2146,1.2313,1.2138,1.2277,3132757.0
1759258800000,1.2276,1.2409,1.2263,1.2359,3891370.0
1759262400000,1.2359,1.2598,1.2318,1.2568,5091645.0
1759266000000,1.2569,1.2611,1.2466,1.2474,3608692.0
1759269600000,1.2476,1.2596,1.2423,1.2437,2904041.0
1759273200000,1.2438,1.2479,1.2381,1.2443,2457429.0
1759276800000,1.2444,1.2464,1.2316,1.2378,3118998.0
1759280400000,1.2379,1.2591,1.2344,1.2586,2994054.0
1759284000000,1.2581,1.2597,1.2469,1.2481,2588847.0
1759287600000,1.248,1.2548,1.239,1.2422,3204570.0
1759291200000,1.2421,1.2544,1.2413,1.2474,2572864.0
1759294800000,1.2475,1.2582,1.2461,1.2513,2285149.0
1759298400000,1.2513,1.2545,1.2376,1.24,2415529.0
1759302000000,1.2399,1.2544,1.2367,1.2482,3089914.0
1759305600000,1.2482,1.3022,1.2439,1.2988,15981781.0
1759309200000,1.2988,1.3336,1.2986,1.3096,14726752.0
1759312800000,1.3096,1.3118,1.2944,1.3068,4861893.0
1759316400000,1.3068,1.3146,1.3013,1.3056,3551097.0
1759320000000,1.3056,1.3148,1.301,1.3022,3422788.0
1759323600000,1.3023,1.3092,1.2975,1.3041,2665202.0
1759327200000,1.3041,1.3174,1.2994,1.3045,4790049.0
1759330800000,1.3046,1.3149,1.3014,1.3128,2719184.0
1759334400000,1.3128,1.3212,1.2991,1.3033,5253966.0
1759338000000,1.3032,1.3205,1.3031,1.3115,3084273.0
1759341600000,1.3117,1.3264,1.31,1.3226,2548309.0
1759345200000,1.3226,1.3226,1.3153,1.3157,1865270.0
1759348800000,1.3158,1.3187,1.3048,1.3065,2267375.0
1759352400000,1.3066,1.3066,1.2923,1.304,1898143.0
1759356000000,1.304,1.3114,1.3021,1.3097,1400917.0
1759359600000,1.3096,1.3186,1.3083,1.3176,2140708.0
1759363200000,1.3175,1.3238,1.3086,1.3128,4492122.0
1759366800000,1.3129,1.3414,1.3071,1.3388,4829908.0
1759370400000,1.3388,1.3545,1.3321,1.3516,6392655.0
1759374000000,1.3516,1.3526,1.333,1.3349,5209870.0
1759377600000,1.3349,1.3399,1.31,1.3313,5124320.0
1759381200000,1.3313,1.3383,1.3276,1.332,2493670.0
1759384800000,1.3319,1.3422,1.3234,1.3285,4617133.0
1759388400000,1.3285,1.3334,1.3228,1.3245,3072561.0
1759392000000,1.3246,1.3283,1.322,1.3248,2047509.0
1759395600000,1.3246,1.3295,1.3218,1.3264,1765249.0
1759399200000,1.3264,1.3409,1.3229,1.3391,3093078.0
1759402800000,1.3391,1.3523,1.3346,1.3374,3607689.0
1759406400000,1.3375,1.3421,1.325,1.3309,5114682.0
1759410000000,1.331,1.3343,1.3101,1.3264,6376646.0
1759413600000,1.3264,1.3279,1.2953,1.3018,8173364.0
1759417200000,1.3017,1.3204,1.2932,1.319,7226407.0
1759420800000,1.319,1.3387,1.3161,1.3264,9619610.0
1759424400000,1.3264,1.3403,1.3202,1.3393,3966275.0
1759428000000,1.3394,1.351,1.3387,1.3505,3665900.0
1759431600000,1.3504,1.3652,1.3485,1.3573,3612822.0
1759435200000,1.3574,1.3622,1.3523,1.3568,2329890.0
1759438800000,1.3568,1.3599,1.3488,1.3533,1757988.0
1759442400000,1.3533,1.3683,1.3477,1.3516,3735159.0
1759446000000,1.3517,1.3563,1.3433,1.3543,2869076.0
1759449600000,1.3542,1.3546,1.3362,1.3412,3043843.0
1759453200000,1.3414,1.3468,1.3255,1.3291,3088630.0
1759456800000,1.329,1.3421,1.3264,1.3355,3193267.0
1759460400000,1.3354,1.3578,1.3335,1.3357,5597874.0
1759464000000,1.3356,1.3573,1.3324,1.3522,4128547.0
1759467600000,1.3523,1.3543,1.3314,1.3383,2682421.0
1759471200000,1.3382,1.3557,1.3341,1.3397,3632419.0
1759474800000,1.3396,1.3437,1.3274,1.3437,2749800.0
1759478400000,1.3436,1.3796,1.3319,1.3549,9593157.0
1759482000000,1.3548,1.3557,1.3339,1.3428,5207803.0
1759485600000,1.3428,1.3428,1.3345,1.3358,2172921.0
1759489200000,1.3359,1.3383,1.3211,1.3263,4553236.0
1759492800000,1.3264,1.3328,1.3191,1.325,2640062.0
1759496400000,1.325,1.3441,1.3123,1.325,6014632.0
1759500000000,1.325,1.3337,1.3126,1.3196,5416298.0
1759503600000,1.3196,1.3564,1.3153,1.3551,7448541.0
1759507200000,1.3552,1.4027,1.3539,1.3687,15414404.0
1759510800000,1.3687,1.3694,1.3219,1.3271,18081915.0
1759514400000,1.3271,1.3527,1.3203,1.3521,4594634.0
1759518000000,1.3521,1.3667,1.3438,1.3486,3245350.0
1759521600000,1.3486,1.3508,1.3386,1.3507,2083179.0
1759525200000,1.3508,1.3556,1.3407,1.3457,1125981.0
1759528800000,1.3457,1.3547,1.3439,1.3465,1042170.0
1759532400000,1.3465,1.3468,1.3373,1.3385,1475522.0
1759536000000,1.3386,1.3416,1.327,1.3314,2651597.0
1759539600000,1.3314,1.3324,1.3165,1.3199,3256849.0
1759543200000,1.32,1.3244,1.3066,1.3147,4273885.0
1759546800000,1.3147,1.3168,1.3041,1.3129,3210510.0
1759550400000,1.3128,1.3184,1.3082,1.3104,2482895.0
1759554000000,1.3104,1.3204,1.306,1.3104,3043831.0
1759557600000,1.3105,1.3209,1.3102,1.3109,3253900.0
1759561200000,1.3109,1.3149,1.3047,1.3082,2540355.0
1759564800000,1.3082,1.3094,1.2876,1.2934,6014784.0
1759568400000,1.2934,1.2999,1.2818,1.2841,3812943.0
1759572000000,1.2841,1.2907,1.2755,1.2775,3599061.0
1759575600000,1.2774,1.2857,1.2732,1.2818,2485412.0
1759579200000,1.2818,1.2885,1.2761,1.2787,2322370.0
1759582800000,1.2787,1.2957,1.2775,1.2828,3624555.0
1759586400000,1.2829,1.289,1.2702,1.2708,3316701.0
1759590000000,1.2708,1.2732,1.2553,1.2588,7468518.0
1759593600000,1.2589,1.2642,1.2492,1.2597,4824115.0
1759597200000,1.2597,1.2687,1.2572,1.268,2266025.0
1759600800000,1.268,1.2717,1.2638,1.2668,1528327.0
1759604400000,1.2668,1.2754,1.2652,1.2726,1525554.0
1759608000000,1.2726,1.2759,1.2695,1.2697,1037523.0
1759611600000,1.2698,1.275,1.2689,1.271,1096799.0
1759615200000,1.271,1.2743,1.2673,1.2718,1296153.0
1759618800000,1.2718,1.2724,1.2678,1.2697,1177243.0
1759622400000,1.2697,1.2719,1.2546,1.2556,2549051.0
1759626000000,1.2557,1.2666,1.2552,1.2637,1600233.0
1759629600000,1.2636,1.2831,1.2594,1.2813,7422392.0
1759633200000,1.2815,1.2906,1.271,1.2771,5638587.0
1759636800000,1.277,1.3077,1.2753,1.2995,8062712.0
1759640400000,1.2996,1.3115,1.2933,1.3002,6016144.0
1759644000000,1.3002,1.3051,1.2945,1.3045,3103051.0
1759647600000,1.3045,1.3239,1.3045,1.3197,7723416.0
1759651200000,1.3197,1.3247,1.3074,1.31,3985781.0
1759654800000,1.3099,1.3111,1.2886,1.2906,7911368.0
1759658400000,1.2906,1.2951,1.2784,1.2857,5747053.0
1759662000000,1.2856,1.2889,1.2761,1.2843,3441779.0
1759665600000,1.2844,1.2844,1.2712,1.2772,5955413.0
1759669200000,1.2773,1.287,1.277,1.2833,4217207.0
1759672800000,1.2832,1.293,1.2708,1.2782,5157218.0
1759676400000,1.2782,1.2957,1.2766,1.2928,3585444.0
1759680000000,1.2928,1.294,1.2704,1.2845,4561842.0
1759683600000,1.2846,1.2892,1.2628,1.2682,3417882.0
1759687200000,1.2682,1.274,1.2591,1.2672,3272828.0
1759690800000,1.2672,1.2682,1.251,1.2523,3310056.0
1759694400000,1.2524,1.2612,1.25,1.2565,1943114.0
1759698000000,1.2564,1.2584,1.2522,1.2547,1076034.0
1759701600000,1.2548,1.26,1.2505,1.257,1067153.0
1759705200000,1.2569,1.2592,1.2534,1.2541,1083001.0
1759708800000,1.2542,1.2721,1.2411,1.2495,7907319.0
1759712400000,1.2495,1.2699,1.2423,1.262,4086193.0
1759716000000,1.2619,1.2726,1.2501,1.262,4198377.0
1759719600000,1.2619,1.2655,1.257,1.2604,2138788.0
1759723200000,1.2604,1.2643,1.2513,1.2528,2543325.0
1759726800000,1.2528,1.2591,1.2497,1.2573,2639572.0
1759730400000,1.2573,1.269,1.2554,1.2622,3925523.0
1759734000000,1.2623,1.2672,1.2502,1.2561,3086764.0
1759737600000,1.2562,1.2649,1.2548,1.2605,2616810.0
1759741200000,1.2604,1.2648,1.2581,1.2625,1960990.0
1759744800000,1.2624,1.2642,1.2552,1.2579,4089456.0
1759748400000,1.2579,1.2666,1.2527,1.2593,3517995.0
1759752000000,1.2594,1.269,1.259,1.2667,3957190.0
1759755600000,1.2666,1.282,1.2636,1.2816,7081710.0
1759759200000,1.2817,1.2881,1.271,1.2779,7614936.0
1759762800000,1.2779,1.31,1.2779,1.2966,10217797.0
1759766400000,1.2966,1.3025,1.2844,1.2992,3856138.0
1759770000000,1.2992,1.3161,1.2972,1.3093,5001718.0
1759773600000,1.3093,1.32,1.3082,1.3179,2964850.0
1759777200000,1.318,1.3194,1.3074,1.3157,2667216.0
1759780800000,1.3157,1.3231,1.3073,1.3112,2439679.0
1759784400000,1.3112,1.3216,1.3017,1.3204,2866169.0
1759788000000,1.3204,1.3259,1.3082,1.3113,2674937.0
1759791600000,1.3114,1.3125,1.3045,1.3072,2311527.0
1759795200000,1.3072,1.3166,1.2958,1.3074,3576923.0
1759798800000,1.3074,1.3158,1.3049,1.314,3227504.0
1759802400000,1.314,1.3146,1.2993,1.3019,2339834.0
1759806000000,1.302,1.3152,1.302,1.3109,2247418.0
1759809600000,1.3108,1.3279,1.3047,1.3184,3529513.0
1759813200000,1.3185,1.3319,1.3092,1.3262,4006121.0
1759816800000,1.3261,1.3332,1.302,1.3072,6631780.0
1759820400000,1.3073,1.312,1.2819,1.2903,6888341.0
1759824000000,1.2903,1.2904,1.2574,1.2687,9743400.0
1759827600000,1.2688,1.278,1.2653,1.2654,4603896.0
1759831200000,1.2654,1.278,1.2632,1.2753,3748636.0
1759834800000,1.2754,1.2825,1.27,1.2764,2932487.0
1759838400000,1.2764,1.2923,1.2699,1.2906,4895501.0
1759842000000,1.2906,1.2919,1.2455,1.2562,11043427.0
1759845600000,1.2564,1.2587,1.2196,1.2209,15370373.0
1759849200000,1.221,1.2273,1.2048,1.2131,17209817.0
1759852800000,1.2132,1.2266,1.2042,1.2172,9699571.0
1759856400000,1.2173,1.2207,1.206,1.2063,4403651.0
1759860000000,1.2065,1.2103,1.2004,1.2019,3822901.0
1759863600000,1.2019,1.209,1.2007,1.2041,2678754.0
1759867200000,1.2042,1.219,1.2031,1.2137,2071559.0
1759870800000,1.2137,1.2193,1.2051,1.2084,1909007.0
1759874400000,1.2085,1.2134,1.2033,1.2089,1766674.0
1759878000000,1.209,1.209,1.1828,1.1922,11513468.0
1759881600000,1.1923,1.2009,1.186,1.1937,4009551.0
1759885200000,1.1937,1.2013,1.1914,1.1989,2210694.0
1759888800000,1.1988,1.206,1.1958,1.1988,2181779.0
1759892400000,1.1989,1.199,1.1671,1.1806,7625720.0
1759896000000,1.1807,1.1873,1.1662,1.1861,5769189.0
1759899600000,1.1862,1.1864,1.1738,1.1792,3158434.0
1759903200000,1.1793,1.1831,1.1737,1.181,2472828.0
1759906800000,1.1811,1.1871,1.1776,1.1868,2183177.0
1759910400000,1.1868,1.2001,1.1861,1.1932,3660757.0
1759914000000,1.1933,1.1955,1.1812,1.1861,4536241.0
1759917600000,1.186,1.1916,1.1833,1.1883,2781599.0
1759921200000,1.1883,1.1932,1.174,1.1752,4007410.0
1759924800000,1.1752,1.1881,1.1717,1.1871,3557147.0
1759928400000,1.187,1.193,1.1742,1.1859,4823514.0
1759932000000,1.1858,1.2036,1.1773,1.1814,6850629.0
1759935600000,1.1815,1.1949,1.1808,1.1872,4152260.0
1759939200000,1.1873,1.2057,1.1855,1.2057,3688438.0
1759942800000,1.2056,1.25,1.2032,1.2487,9851832.0
1759946400000,1.2486,1.269,1.2383,1.2631,9628682.0
1759950000000,1.2631,1.267,1.2508,1.2607,5162993.0
1759953600000,1.2607,1.2871,1.2545,1.2717,8106456.0
1759957200000,1.2713,1.2814,1.264,1.2707,3750800.0
1759960800000,1.2707,1.2738,1.2647,1.2696,2815545.0
1759964400000,1.2697,1.2846,1.2682,1.2787,4191354.0
1759968000000,1.2787,1.2798,1.2529,1.2546,5399493.0
1759971600000,1.2545,1.2672,1.2524,1.2646,5349885.0
1759975200000,1.2645,1.2659,1.2247,1.2301,10353410.0
1759978800000,1.2301,1.2481,1.2301,1.2402,4173997.0
1759982400000,1.2402,1.2483,1.2355,1.2463,3214331.0
1759986000000,1.2463,1.2539,1.2364,1.2411,3505186.0
1759989600000,1.2412,1.2415,1.2215,1.226,6667227.0
1759993200000,1.2261,1.2293,1.2159,1.2206,3911533.0
1759996800000,1.2205,1.2225,1.1922,1.1933,10069382.0
1760000400000,1.1935,1.2088,1.1933,1.1999,3874192.0
1760004000000,1.1999,1.2097,1.1962,1.1994,3064659.0
1760007600000,1.1994,1.2102,1.1992,1.2058,3491637.0
1760011200000,1.2058,1.2234,1.2048,1.2148,6609294.0
1760014800000,1.215,1.2172,1.1851,1.1877,8850350.0
1760018400000,1.1877,1.1967,1.176,1.1915,10268235.0
1760022000000,1.1915,1.2043,1.1838,1.1878,5542439.0
1760025600000,1.1878,1.2003,1.181,1.1869,5876618.0
1760029200000,1.1868,1.206,1.1852,1.2039,4879168.0
1760032800000,1.204,1.2058,1.1893,1.1924,2997933.0
1760036400000,1.1924,1.2009,1.1896,1.195,1594645.0
1760040000000,1.1949,1.2013,1.1888,1.1937,1568977.0
1760043600000,1.1935,1.2031,1.1925,1.1995,1155710.0
1760047200000,1.1995,1.2056,1.192,1.2008,2128706.0
1760050800000,1.2006,1.2015,1.1961,1.1977,1564443.0
1760054400000,1.1978,1.221,1.1961,1.2105,5834159.0
1760058000000,1.2106,1.2267,1.2097,1.2208,5047267.0
1760061600000,1.2209,1.2423,1.2155,1.2191,6851876.0
1760065200000,1.2192,1.2743,1.2183,1.2508,11154340.0
1760068800000,1.2508,1.2633,1.2375,1.2604,8936809.0
1760072400000,1.2604,1.2614,1.2424,1.2576,3993271.0
1760076000000,1.2576,1.2606,1.228,1.2321,5450876.0
1760079600000,1.2321,1.233,1.216,1.2229,4604195.0
1760083200000,1.2228,1.2514,1.2207,1.2493,4261288.0
1760086800000,1.2492,1.2511,1.227,1.2348,4372865.0
1760090400000,1.2347,1.2495,1.2336,1.2452,2152341.0
1760094000000,1.2452,1.2736,1.2383,1.2689,4551264.0
1760097600000,1.2689,1.288,1.2627,1.2861,7299313.0
1760101200000,1.2861,1.3078,1.272,1.2786,13467376.0
1760104800000,1.2786,1.2868,1.2406,1.2438,10045272.0
1760108400000,1.2438,1.2471,1.1803,1.1921,34393989.0
1760112000000,1.1921,1.205,1.179,1.1819,12692043.0
1760115600000,1.1819,1.1886,1.157,1.1658,13956412.0
1760119200000,1.1658,1.1743,1.1537,1.157,5846820.0
1760122800000,1.1571,1.1609,1.119,1.1369,15021148.0
1760126400000,1.1368,1.1563,1.0104,1.051,39474454.0
1760130000000,1.0512,1.0656,0.2612,0.77,143975554.0
1760133600000,0.77,0.8671,0.6314,0.8599,67860786.0
1760137200000,0.8598,0.9263,0.8365,0.8718,40743327.0
1760140800000,0.872,0.9267,0.8621,0.8938,26094582.0
1760144400000,0.8938,0.8993,0.8571,0.8749,18934523.0
1760148000000,0.8749,0.9569,0.8729,0.9397,18800788.0
1760151600000,0.9398,0.9497,0.9156,0.9308,14895295.0
1760155200000,0.9308,0.9565,0.9241,0.9519,9249162.0
1760158800000,0.952,0.9641,0.93,0.9433,14578624.0
1760162400000,0.9434,0.9589,0.9323,0.9357,8506272.0
1760166000000,0.9357,0.9534,0.928,0.9412,16130690.0
1760169600000,0.9412,0.9868,0.9361,0.9825,13686673.0
1760173200000,0.9824,0.9935,0.962,0.9672,11364072.0
1760176800000,0.9671,0.9828,0.9656,0.9743,6768471.0
1760180400000,0.9743,0.9762,0.9514,0.9651,7436600.0
1760184000000,0.9651,0.9764,0.9417,0.9486,8920673.0
1760187600000,0.9486,0.9524,0.9261,0.9409,12920680.0
1760191200000,0.941,0.9505,0.9329,0.9493,6905545.0
1760194800000,0.9491,0.9604,0.9414,0.9497,9873651.0
1760198400000,0.9498,0.9539,0.9286,0.9324,8055531.0
1760202000000,0.9324,0.941,0.924,0.9327,5621341.0
1760205600000,0.9327,0.9334,0.9227,0.9247,4278087.0
1760209200000,0.9247,0.9247,0.8881,0.8951,13964008.0
1760212800000,0.895,0.9064,0.888,0.8957,9883951.0
1760216400000,0.8958,0.9269,0.8865,0.9176,7978887.0
1760220000000,0.9176,0.9323,0.9128,0.9202,5439995.0
1760223600000,0.9201,0.922,0.9125,0.9163,4348270.0
1760227200000,0.9164,0.923,0.8987,0.9013,5941561.0
1760230800000,0.9013,0.9105,0.893,0.8957,5043549.0
1760234400000,0.8955,0.9125,0.8908,0.9004,6792139.0
1760238000000,0.9006,0.9178,0.8952,0.9031,8109469.0
1760241600000,0.9032,0.923,0.9005,0.9156,5631526.0
1760245200000,0.9157,0.9179,0.9091,0.9105,3267123.0
1760248800000,0.9104,0.9276,0.9099,0.9168,4186537.0
1760252400000,0.9168,0.9209,0.9104,0.913,3405064.0
1760256000000,0.913,0.9187,0.9027,0.9047,4801708.0
1760259600000,0.9048,0.9168,0.8973,0.9113,6113281.0
1760263200000,0.9114,0.918,0.9034,0.9051,4165156.0
1760266800000,0.905,0.9139,0.9047,0.908,3615969.0
1760270400000,0.908,0.924,0.9076,0.9176,6582920.0
1760274000000,0.9177,0.9232,0.9047,0.9064,7943617.0
1760277600000,0.9064,0.9607,0.9053,0.9506,27465725.0
1760281200000,0.9507,0.998,0.9487,0.989,31744524.0
1760284800000,0.9892,1.05,0.989,1.0371,34535165.0
1760288400000,1.037,1.0421,1.0121,1.0201,11666528.0
1760292000000,1.0202,1.0288,1.0043,1.0107,7898661.0
1760295600000,1.0108,1.0394,1.0097,1.0355,4755473.0
1760299200000,1.0354,1.0439,1.0255,1.0293,7795335.0
1760302800000,1.0292,1.0396,1.0059,1.0156,6723891.0
1760306400000,1.0157,1.0264,0.9959,1.0018,9259613.0
1760310000000,1.0016,1.0056,0.9906,0.9994,6745983.0
1760313600000,0.9994,1.0043,0.9733,0.9842,10961559.0
1760317200000,0.9841,0.9952,0.9786,0.9941,5855181.0
1760320800000,0.9939,0.9985,0.9827,0.9985,5872362.0
1760324400000,0.9983,1.0024,0.9862,0.9916,4702432.0
1760328000000,0.9917,1.0002,0.9871,0.9927,5001765.0
1760331600000,0.9926,0.9991,0.9873,0.9913,4140960.0
1760335200000,0.9912,1.014,0.9835,1.0025,9146806.0
1760338800000,1.0026,1.0094,0.9911,0.9948,8828612.0
1760342400000,0.9949,1.0107,0.9903,1.0022,4648687.0
1760346000000,1.0021,1.008,0.9958,1.0065,4259534.0
1760349600000,1.0065,1.0095,0.9925,1.0029,4285139.0
1760353200000,1.0028,1.005,0.9617,0.976,21431652.0
1760356800000,0.9759,0.9998,0.9681,0.9856,8417286.0
1760360400000,0.9856,1.023,0.9845,1.0053,26035619.0
1760364000000,1.0053,1.0082,0.9733,0.9852,15451201.0
1760367600000,0.9851,1.014,0.9836,1.0058,9134750.0
1760371200000,1.0058,1.0099,0.9893,0.9921,10820775.0
1760374800000,0.9922,1.0078,0.9811,1.0035,14953917.0
1760378400000,1.0035,1.0085,0.9885,0.9941,9464660.0
1760382000000,0.994,0.9995,0.9887,0.9962,7988393.0
1760385600000,0.9961,1.0143,0.9959,1.0131,5119156.0
1760389200000,1.013,1.0185,1.0035,1.0098,5747803.0
1760392800000,1.0096,1.0145,1.0013,1.0115,5706952.0
1760396400000,1.0114,1.0133,1.0042,1.009,3548071.0
1760400000000,1.009,1.0158,0.9946,0.9999,6165712.0
1760403600000,0.9999,1.0034,0.9903,0.9946,5414313.0
1760407200000,0.9946,0.9964,0.9763,0.9797,7271834.0
1760410800000,0.9798,0.9812,0.9702,0.9754,7230172.0
1760414400000,0.9753,0.9776,0.9471,0.9542,14101249.0
1760418000000,0.9542,0.9621,0.9387,0.9446,10317262.0
1760421600000,0.9447,0.9509,0.9,0.9224,20344291.0
1760425200000,0.9225,0.9289,0.9141,0.9184,12163834.0
1760428800000,0.9183,0.9357,0.912,0.9261,7999824.0
1760432400000,0.9261,0.9345,0.9258,0.9314,6534825.0
1760436000000,0.9313,0.9313,0.9079,0.9215,11413669.0
1760439600000,0.9216,0.9343,0.9205,0.9307,6175072.0
1760443200000,0.931,0.9324,0.9131,0.9184,6816861.0
1760446800000,0.9183,0.9393,0.9117,0.9309,13246339.0
1760450400000,0.9308,0.9477,0.9272,0.9354,11468871.0
1760454000000,0.9354,0.9606,0.9317,0.9595,11856344.0
1760457600000,0.9596,0.9747,0.9467,0.9608,14755160.0
1760461200000,0.9607,0.972,0.9437,0.96,11005353.0
1760464800000,0.96,0.9721,0.9569,0.961,4599079.0
1760468400000,0.9612,0.9677,0.9401,0.9548,10945357.0
1760472000000,0.955,0.96,0.9482,0.9554,3363818.0
1760475600000,0.9554,0.9595,0.9484,0.9587,1519850.0
1760479200000,0.9587,0.9681,0.9519,0.9568,3131869.0
1760482800000,0.9569,0.9627,0.9547,0.9575,2113946.0
1760486400000,0.9576,0.9678,0.949,0.9667,5643619.0
1760490000000,0.9668,0.9678,0.9552,0.9603,4834586.0
1760493600000,0.9603,0.972,0.9584,0.9629,3250493.0
1760497200000,0.9628,0.9659,0.9498,0.9574,5236683.0
1760500800000,0.9573,0.9678,0.955,0.9648,3508183.0
1760504400000,0.9648,0.97,0.9627,0.9641,3208394.0
1760508000000,0.9641,0.9713,0.9538,0.9635,5565345.0
1760511600000,0.9635,0.9699,0.9585,0.9686,3399207.0
1760515200000,0.9685,0.9822,0.9655,0.9664,7594626.0
1760518800000,0.9665,0.9675,0.9522,0.9541,6372113.0
1760522400000,0.9542,0.9603,0.9519,0.9555,4409808.0
1760526000000,0.9554,0.9634,0.9463,0.96,5385117.0
1760529600000,0.9599,0.9648,0.9486,0.957,5185039.0
1760533200000,0.9569,0.9617,0.9255,0.9544,14224910.0
1760536800000,0.9544,0.9684,0.9409,0.9467,9934476.0
1760540400000,0.9466,0.9536,0.9334,0.9402,8238554.0
1760544000000,0.9402,0.9547,0.9375,0.9499,5412755.0
1760547600000,0.9499,0.9501,0.9376,0.9438,5269502.0
1760551200000,0.9436,0.946,0.9371,0.9444,2499736.0
1760554800000,0.9444,0.9446,0.9311,0.9346,3066761.0
1760558400000,0.9345,0.94,0.9125,0.9263,6989954.0
1760562000000,0.9264,0.9366,0.9173,0.9236,3175359.0
1760565600000,0.9236,0.9327,0.9207,0.9242,2942745.0
1760569200000,0.9242,0.9339,0.9239,0.932,2630985.0
1760572800000,0.9319,0.9329,0.9242,0.9258,2385654.0
1760576400000,0.9257,0.9442,0.925,0.9404,3864203.0
1760580000000,0.9404,0.9448,0.9323,0.9411,3392034.0
1760583600000,0.941,0.943,0.9336,0.9346,2242114.0
1760587200000,0.9346,0.9381,0.9182,0.9198,5953150.0
1760590800000,0.9199,0.9297,0.9177,0.9266,4153712.0
1760594400000,0.9265,0.9412,0.9258,0.937,3825631.0
1760598000000,0.9371,0.9394,0.929,0.936,4340096.0
1760601600000,0.9362,0.9369,0.9237,0.9284,2743046.0
1760605200000,0.9285,0.9482,0.901,0.9419,22604221.0
1760608800000,0.9418,0.9557,0.9414,0.9522,7121167.0
1760612400000,0.9523,0.9545,0.9447,0.9523,3863137.0
1760616000000,0.9525,0.9594,0.948,0.9495,5689361.0
1760619600000,0.9494,0.9519,0.9377,0.9416,6609116.0
1760623200000,0.9416,0.948,0.9251,0.934,10136555.0
1760626800000,0.934,0.936,0.9045,0.9081,13895655.0
1760630400000,0.9081,0.9296,0.8913,0.9287,17539056.0
1760634000000,0.9287,0.929,0.9078,0.9116,7706961.0
1760637600000,0.9116,0.9157,0.8994,0.9128,6087240.0
1760641200000,0.9128,0.9148,0.893,0.9022,6556525.0
1760644800000,0.9023,0.9067,0.884,0.89,7094954.0
1760648400000,0.8899,0.902,0.8891,0.9014,2653537.0
1760652000000,0.9014,0.9029,0.8878,0.8886,3263358.0
1760655600000,0.8886,0.9017,0.8872,0.8981,2809228.0
1760659200000,0.8981,0.9029,0.8943,0.8996,3144473.0
1760662800000,0.8997,0.9087,0.8933,0.8995,3829281.0
1760666400000,0.8995,0.9014,0.8884,0.8972,4004709.0
1760670000000,0.8973,0.9032,0.8966,0.9009,3278693.0
1760673600000,0.901,0.9019,0.8929,0.895,2561119.0
1760677200000,0.895,0.8968,0.8863,0.8895,3647712.0
1760680800000,0.8895,0.8935,0.8529,0.8611,18180666.0
1760684400000,0.8611,0.8625,0.8334,0.8379,23166070.0
1760688000000,0.8381,0.843,0.8204,0.8286,15300477.0
1760691600000,0.8287,0.8664,0.8282,0.8507,13160641.0
1760695200000,0.8506,0.8564,0.8361,0.845,9647962.0
1760698800000,0.8449,0.8727,0.8435,0.862,9784341.0
1760702400000,0.8622,0.8694,0.8597,0.8609,4773314.0
1760706000000,0.8608,0.8711,0.8524,0.8636,9850139.0
1760709600000,0.8636,0.8655,0.8449,0.8534,10346556.0
1760713200000,0.8533,0.8697,0.8493,0.8691,7986498.0
1760716800000,0.8692,0.882,0.8643,0.8673,9600297.0
1760720400000,0.8672,0.8862,0.8668,0.8798,8368870.0
1760724000000,0.8798,0.8856,0.8736,0.875,3992152.0
1760727600000,0.8751,0.8783,0.8666,0.8715,3147317.0
1760731200000,0.8713,0.8803,0.8685,0.8764,2757685.0
1760734800000,0.8763,0.8869,0.8747,0.8768,2782880.0
1760738400000,0.8769,0.8786,0.8703,0.8752,2153785.0
1760742000000,0.8753,0.8758,0.8699,0.8713,1400670.0
1760745600000,0.8713,0.8771,0.8688,0.8741,1894084.0
1760749200000,0.8742,0.8851,0.8742,0.8845,2280277.0
1760752800000,0.8846,0.8853,0.8758,0.879,1992466.0
1760756400000,0.879,0.8837,0.8783,0.8806,1202750.0
1760760000000,0.8805,0.8805,0.8753,0.8773,1839265.0
1760763600000,0.8774,0.8862,0.8771,0.8861,2153092.0
1760767200000,0.8861,0.8887,0.8782,0.8812,2251365.0
1760770800000,0.8812,0.8939,0.8806,0.8857,5761373.0
1760774400000,0.8858,0.8913,0.8838,0.8862,2370550.0
1760778000000,0.8861,0.898,0.884,0.8962,2998706.0
1760781600000,0.8963,0.8995,0.8889,0.8918,3632963.0
1760785200000,0.8918,0.896,0.8866,0.8904,2880721.0
1760788800000,0.8905,0.893,0.8816,0.8829,2613819.0
1760792400000,0.883,0.8833,0.8761,0.8782,3780288.0
1760796000000,0.8781,0.8846,0.8737,0.8831,2672881.0
1760799600000,0.8832,0.8865,0.88,0.8847,1944042.0
1760803200000,0.8847,0.8858,0.8741,0.8783,2802659.0
1760806800000,0.8783,0.8905,0.8748,0.8891,2661768.0
1760810400000,0.8891,0.8926,0.8862,0.8887,1741479.0
1760814000000,0.8886,0.8918,0.8865,0.8904,1328570.0
1760817600000,0.8905,0.8963,0.887,0.8872,2391256.0
1760821200000,0.8872,0.8902,0.8839,0.8891,1450158.0
1760824800000,0.8892,0.8909,0.8859,0.8869,944793.0
1760828400000,0.8869,0.8887,0.8835,0.8858,1080607.0
1760832000000,0.8858,0.8868,0.8776,0.8793,2700503.0
1760835600000,0.8793,0.8838,0.8762,0.8822,1545469.0
1760839200000,0.8822,0.8869,0.8787,0.88,1528700.0
1760842800000,0.8799,0.8887,0.8789,0.8842,2432608.0
1760846400000,0.8842,0.8854,0.8796,0.8804,1737716.0
1760850000000,0.8803,0.8844,0.877,0.8778,1943642.0
1760853600000,0.8778,0.8803,0.8723,0.8766,2710287.0
1760857200000,0.8766,0.8813,0.876,0.8798,1483902.0
1760860800000,0.8799,0.8932,0.8731,0.8774,9334146.0
1760864400000,0.8773,0.8965,0.8697,0.8873,11632958.0
1760868000000,0.8874,0.9048,0.8833,0.8996,7650106.0
1760871600000,0.8996,0.9084,0.8965,0.8977,5821928.0
1760875200000,0.8978,0.9015,0.8934,0.8978,3675198.0
1760878800000,0.8977,0.9161,0.8947,0.9138,5307658.0
1760882400000,0.9139,0.929,0.9061,0.9271,8371245.0
1760886000000,0.9272,0.9318,0.9181,0.9209,7563506.0
1760889600000,0.921,0.9269,0.9152,0.9214,4533805.0
1760893200000,0.9215,0.9314,0.9184,0.9195,6434360.0
1760896800000,0.9196,0.9273,0.9185,0.9222,2949153.0
1760900400000,0.9223,0.9253,0.9186,0.9229,1845081.0
1760904000000,0.923,0.9265,0.9191,0.9258,1506886.0
1760907600000,0.9259,0.9271,0.9162,0.9193,1552738.0
1760911200000,0.9194,0.9233,0.9162,0.9182,2170772.0
1760914800000,0.918,0.918,0.9103,0.9118,2374220.0
1760918400000,0.9117,0.9118,0.8905,0.9005,6789227.0
1760922000000,0.9005,0.9036,0.8957,0.8979,3052723.0
1760925600000,0.8978,0.9047,0.8914,0.902,3815974.0
1760929200000,0.902,0.9325,0.8991,0.9276,6188765.0
1760932800000,0.9277,0.9315,0.9202,0.9251,5085600.0
1760936400000,0.9253,0.9334,0.9212,0.932,3476874.0
1760940000000,0.9321,0.9389,0.9304,0.9343,3913626.0
1760943600000,0.9342,0.9346,0.9238,0.9275,2842770.0
1760947200000,0.9274,0.9341,0.9224,0.9273,3357322.0
1760950800000,0.9273,0.9305,0.9232,0.9302,1796646.0
1760954400000,0.9302,0.9363,0.926,0.93,3353794.0
1760958000000,0.9299,0.9309,0.9242,0.928,2277833.0
1760961600000,0.928,0.9289,0.9229,0.9273,1659735.0
1760965200000,0.9272,0.9434,0.9237,0.9401,4249022.0
1760968800000,0.9402,0.9416,0.9287,0.9361,4620155.0
1760972400000,0.9361,0.9378,0.926,0.9266,4306007.0
1760976000000,0.9266,0.9266,0.9013,0.9184,15021144.0
1760979600000,0.9184,0.9244,0.9121,0.9171,5061331.0
1760983200000,0.9171,0.9202,0.9125,0.9192,2810042.0
1760986800000,0.9191,0.9268,0.9152,0.9231,2598864.0
1760990400000,0.923,0.9232,0.9178,0.921,1555155.0
1760994000000,0.921,0.9297,0.915,0.9184,2498865.0
1760997600000,0.9182,0.9236,0.9154,0.9204,1171393.0
1761001200000,0.9205,0.9216,0.916,0.9167,1391315.0
1761004800000,0.9167,0.917,0.9136,0.9141,1799671.0
1761008400000,0.9141,0.9148,0.8962,0.9051,4957110.0
1761012000000,0.9051,0.9058,0.8969,0.8995,4349587.0
1761015600000,0.8996,0.9029,0.8935,0.8968,3603582.0
1761019200000,0.8967,0.8975,0.8786,0.8818,10987828.0
1761022800000,0.8819,0.8857,0.8798,0.8839,4065879.0
1761026400000,0.884,0.8877,0.8809,0.8858,3130743.0
1761030000000,0.8857,0.8899,0.8832,0.8886,1983629.0
1761033600000,0.8887,0.8887,0.8777,0.8842,3686020.0
1761037200000,0.8841,0.8854,0.8809,0.8847,2206933.0
1761040800000,0.8847,0.8955,0.8837,0.8913,3827743.0
1761044400000,0.8913,0.8959,0.8894,0.8931,2435311.0
1761048000000,0.8932,0.9061,0.8908,0.8968,5053040.0
1761051600000,0.8969,0.9064,0.8923,0.9007,6659378.0
1761055200000,0.9008,0.9477,0.9005,0.9469,19724558.0
1761058800000,0.9469,0.9642,0.942,0.9456,16494512.0
1761062400000,0.9457,0.9669,0.936,0.9388,26222220.0
1761066000000,0.939,0.9551,0.9285,0.9346,21718971.0
1761069600000,0.9346,0.9454,0.9292,0.9347,12116139.0
1761073200000,0.9347,0.9354,0.9274,0.9279,2145621.0
1761076800000,0.928,0.9302,0.9148,0.9206,5615733.0
1761080400000,0.9206,0.9232,0.9024,0.919,4111604.0
1761084000000,0.9189,0.919,0.8979,0.9019,7720316.0
1761087600000,0.9018,0.9043,0.8855,0.887,5813821.0
1761091200000,0.8869,0.8928,0.8783,0.8846,5460405.0
1761094800000,0.8846,0.8921,0.8823,0.8855,3919840.0
1761098400000,0.8856,0.8892,0.8844,0.8878,1984449.0
1761102000000,0.8878,0.8897,0.8823,0.8878,2792480.0
1761105600000,0.8876,0.8959,0.8873,0.8942,3291873.0
1761109200000,0.8943,0.8943,0.874,0.8824,5928761.0
1761112800000,0.8825,0.8827,0.8782,0.8786,2500496.0
1761116400000,0.8786,0.8844,0.8694,0.8819,5082629.0
1761120000000,0.8818,0.8824,0.876,0.8778,2101873.0
1761123600000,0.8779,0.8793,0.8693,0.8734,3116209.0
1761127200000,0.8734,0.8772,0.8656,0.8677,4094632.0
1761130800000,0.8676,0.8779,0.8558,0.8705,15125137.0
1761134400000,0.8705,0.8787,0.8677,0.8753,3797491.0
1761138000000,0.8754,0.8867,0.8682,0.8839,7342162.0
1761141600000,0.8838,0.884,0.8627,0.883,13269671.0
1761145200000,0.8831,0.8867,0.8666,0.875,7383973.0
1761148800000,0.875,0.8793,0.8645,0.8704,11298753.0
1761152400000,0.8703,0.872,0.8561,0.8593,5578796.0
1761156000000,0.8593,0.8629,0.8503,0.8541,8673104.0
1761159600000,0.8541,0.8652,0.8411,0.8519,9120932.0
1761163200000,0.852,0.8549,0.8375,0.8394,5825433.0
1761166800000,0.8392,0.8395,0.8085,0.8232,17450016.0
1761170400000,0.8232,0.8276,0.8173,0.8237,4051297.0
1761174000000,0.8238,0.8455,0.8235,0.8434,6621067.0
1761177600000,0.8436,0.8575,0.8392,0.8512,6602159.0
1761181200000,0.8512,0.8529,0.8423,0.8426,5700073.0
1761184800000,0.8427,0.8454,0.84,0.8416,2465856.0
1761188400000,0.8414,0.8456,0.8387,0.8436,2370703.0
1761192000000,0.8437,0.8484,0.8406,0.844,1918813.0
1761195600000,0.8441,0.8477,0.8414,0.8434,1478094.0
1761199200000,0.8435,0.8575,0.8405,0.857,6508245.0
1761202800000,0.8572,0.8575,0.8509,0.8536,2714669.0
1761206400000,0.8537,0.8599,0.8537,0.858,2815228.0
1761210000000,0.8578,0.8608,0.8551,0.8592,2102881.0
1761213600000,0.8592,0.8693,0.8583,0.8615,4771413.0
1761217200000,0.8616,0.8623,0.8508,0.8526,3800573.0
1761220800000,0.8525,0.8532,0.8425,0.8532,4964425.0
1761224400000,0.8531,0.865,0.8489,0.8562,4884165.0
1761228000000,0.8563,0.857,0.8427,0.8518,5762560.0
1761231600000,0.8517,0.862,0.849,0.8548,6812424.0
1761235200000,0.8549,0.8637,0.8477,0.8604,5242243.0
1761238800000,0.8605,0.8655,0.8475,0.862,6599020.0
1761242400000,0.8621,0.8632,0.8497,0.8525,3341409.0
1761246000000,0.8525,0.8578,0.8464,0.8568,2365220.0
1761249600000,0.8569,0.8573,0.8416,0.8475,3774230.0
1761253200000,0.8474,0.8519,0.8452,0.8506,1720846.0
1761256800000,0.8505,0.8601,0.8504,0.8596,3246596.0
1761260400000,0.8596,0.8642,0.8582,0.8636,2413804.0
1761264000000,0.8636,0.8655,0.8583,0.8614,2833449.0
1761267600000,0.8614,0.8632,0.8563,0.8598,2281434.0
1761271200000,0.8597,0.8642,0.8565,0.8613,1790823.0
1761274800000,0.8614,0.863,0.8579,0.8606,1737744.0
1761278400000,0.8608,0.879,0.8586,0.8747,5854335.0
1761282000000,0.8746,0.8835,0.8732,0.8801,3918695.0
1761285600000,0.8801,0.8862,0.8792,0.8847,3148850.0
1761289200000,0.8849,0.8858,0.8766,0.8829,2729007.0
1761292800000,0.8828,0.8879,0.8775,0.8834,2988397.0
1761296400000,0.8834,0.8868,0.8806,0.8832,2600227.0
1761300000000,0.8831,0.8839,0.873,0.8737,2782085.0
1761303600000,0.8737,0.8797,0.8689,0.8788,3448027.0
1761307200000,0.8787,0.8986,0.8761,0.8878,10012437.0
1761310800000,0.8878,0.8896,0.8768,0.8861,6104240.0
1761314400000,0.886,0.8861,0.8664,0.8754,6765280.0
1761318000000,0.8755,0.8796,0.8632,0.8668,4835649.0
1761321600000,0.8668,0.8707,0.8525,0.866,8590441.0
1761325200000,0.8661,0.874,0.8656,0.8679,3165734.0
1761328800000,0.8679,0.8767,0.8668,0.8766,1962740.0
1761332400000,0.8766,0.8922,0.8766,0.8886,5820131.0
1761336000000,0.8887,0.9029,0.8857,0.8917,9367154.0
1761339600000,0.8917,0.911,0.8828,0.8941,12051888.0
1761343200000,0.894,0.9019,0.8916,0.8968,1898103.0
1761346800000,0.8969,0.9063,0.8874,0.8952,13434918.0
1761350400000,0.8951,0.8963,0.8844,0.8867,2397514.0
1761354000000,0.8867,0.89,0.8826,0.8861,1939499.0
1761357600000,0.8861,0.8903,0.8838,0.8877,1728146.0
1761361200000,0.8876,0.8885,0.8788,0.8801,2367634.0
1761364800000,0.8801,0.8849,0.8783,0.8803,2697069.0
1761368400000,0.8804,0.8806,0.8755,0.8783,2085358.0
1761372000000,0.8782,0.8788,0.8718,0.8722,2315072.0
1761375600000,0.8723,0.8792,0.8703,0.8726,2965279.0
1761379200000,0.8727,0.8806,0.8712,0.8804,2339266.0
1761382800000,0.8804,0.8812,0.8745,0.8753,2195109.0
1761386400000,0.8753,0.8764,0.8711,0.8735,1403508.0
1761390000000,0.8735,0.8753,0.8718,0.8737,925985.0
1761393600000,0.8737,0.8794,0.8727,0.8772,1983234.0
1761397200000,0.8772,0.8779,0.8717,0.8742,2350520.0
1761400800000,0.8742,0.8832,0.8737,0.8824,2356794.0
1761404400000,0.8825,0.8867,0.8777,0.8841,3260937.0
1761408000000,0.884,0.8857,0.8805,0.882,2331120.0
1761411600000,0.8819,0.8869,0.8809,0.8832,1290331.0
1761415200000,0.8831,0.8938,0.8819,0.8906,2374648.0
1761418800000,0.8906,0.8917,0.8879,0.8912,1110065.0
1761422400000,0.8912,0.9011,0.8911,0.8968,2799345.0
1761426000000,0.8969,0.8991,0.8911,0.8932,1610588.0
1761429600000,0.8933,0.901,0.8899,0.8978,1788772.0
1761433200000,0.8979,0.8988,0.8935,0.8938,1082580.0
1761436800000,0.8939,0.9003,0.8876,0.8959,5988938.0
1761440400000,0.8959,0.8977,0.8834,0.8873,3605683.0
1761444000000,0.8872,0.888,0.8806,0.8829,2165543.0
1761447600000,0.8828,0.8863,0.8783,0.8815,1737344.0
1761451200000,0.8814,0.8876,0.8802,0.8861,1330109.0
1761454800000,0.8861,0.8954,0.8837,0.8938,1335903.0
1761458400000,0.8939,0.8993,0.8923,0.8976,1774105.0
1761462000000,0.8977,0.8979,0.8944,0.8972,1229442.0
1761465600000,0.8973,0.9072,0.8959,0.9042,4620781.0
1761469200000,0.9042,0.9244,0.9004,0.9161,9637183.0
1761472800000,0.9164,0.9175,0.9108,0.9111,2788738.0
1761476400000,0.9111,0.9422,0.9092,0.9366,7521547.0
1761480000000,0.9366,0.9468,0.9274,0.9336,7817238.0
1761483600000,0.9337,0.9405,0.9262,0.9338,5234513.0
1761487200000,0.9337,0.9363,0.9281,0.9331,2309851.0
1761490800000,0.9332,0.9415,0.9287,0.938,2561264.0
1761494400000,0.9378,0.9498,0.9301,0.94,6960447.0
1761498000000,0.9399,0.9438,0.9307,0.9403,4515054.0
1761501600000,0.9403,0.9487,0.9375,0.948,3581823.0
1761505200000,0.948,0.9573,0.9405,0.9436,4391923.0
1761508800000,0.9435,0.9473,0.9279,0.9353,7649120.0
1761512400000,0.9353,0.9396,0.9304,0.9384,1150673.0
1761516000000,0.9384,0.9645,0.9384,0.954,7406879.0
1761519600000,0.9541,0.9575,0.9468,0.948,2617924.0
1761523200000,0.9479,0.9512,0.9424,0.946,3087175.0
1761526800000,0.9459,0.9533,0.943,0.9529,3015019.0
1761530400000,0.953,0.9547,0.945,0.9501,2809485.0
1761534000000,0.95,0.9546,0.9432,0.9488,2008785.0
1761537600000,0.9488,0.9546,0.9447,0.9516,1892817.0
1761541200000,0.9516,0.9586,0.9462,0.9465,2884657.0
1761544800000,0.9466,0.953,0.9404,0.949,3818517.0
1761548400000,0.949,0.9509,0.9336,0.9415,3935043.0
1761552000000,0.9415,0.943,0.927,0.9316,4931574.0
1761555600000,0.9315,0.9317,0.9211,0.9269,5159187.0
1761559200000,0.927,0.9308,0.9184,0.9213,3302824.0
1761562800000,0.9213,0.9423,0.9209,0.9285,5938286.0
1761566400000,0.9284,0.9299,0.9201,0.9224,2038122.0
1761570000000,0.9225,0.9278,0.911,0.9215,5427996.0
1761573600000,0.9215,0.9226,0.9115,0.9149,3945239.0
1761577200000,0.9148,0.9216,0.9146,0.9186,3278028.0
1761580800000,0.9186,0.9338,0.9186,0.9318,3886194.0
1761584400000,0.9318,0.9325,0.9242,0.9303,2671041.0
1761588000000,0.9302,0.934,0.9235,0.9272,1851134.0
1761591600000,0.9273,0.9291,0.9177,0.919,2628669.0
1761595200000,0.9189,0.9191,0.9053,0.9091,4571938.0
1761598800000,0.909,0.9138,0.9052,0.9083,1358219.0
1761602400000,0.9085,0.913,0.9028,0.9037,1864669.0
1761606000000,0.9037,0.9058,0.8932,0.9036,3187634.0
1761609600000,0.9036,0.9057,0.897,0.9001,2442017.0
1761613200000,0.9002,0.9057,0.899,0.903,1849129.0
1761616800000,0.903,0.9045,0.8906,0.8969,3973922.0
1761620400000,0.8968,0.8997,0.8915,0.8955,2562936.0
1761624000000,0.8956,0.9009,0.8928,0.8986,1744319.0
1761627600000,0.8987,0.9007,0.8884,0.8898,3026995.0
1761631200000,0.8898,0.9053,0.8886,0.9048,3294662.0
1761634800000,0.9049,0.908,0.8956,0.8969,2724531.0
1761638400000,0.897,0.9013,0.8955,0.8984,1760808.0
1761642000000,0.8984,0.9011,0.8938,0.8977,1638241.0
1761645600000,0.8978,0.9013,0.8946,0.9011,1646070.0
1761649200000,0.9012,0.9102,0.8993,0.9024,2614448.0
1761652800000,0.9025,0.9096,0.8966,0.9079,2668020.0
1761656400000,0.9079,0.9232,0.9073,0.9202,5046505.0
1761660000000,0.9203,0.9236,0.8805,0.9042,12504066.0
1761663600000,0.9041,0.9112,0.8946,0.8988,3660305.0
1761667200000,0.8987,0.9092,0.8943,0.9044,3666914.0
1761670800000,0.9043,0.9077,0.8994,0.9031,1553114.0
1761674400000,0.9031,0.9062,0.8925,0.8965,2170333.0
1761678000000,0.8966,0.8983,0.8733,0.8776,6519268.0
1761681600000,0.8776,0.8778,0.8577,0.8641,9424829.0
1761685200000,0.8641,0.8684,0.8505,0.8631,4412860.0
1761688800000,0.8631,0.8736,0.8602,0.8714,2071281.0
1761692400000,0.8714,0.8722,0.8667,0.8687,1492582.0
1761696000000,0.8687,0.8706,0.8629,0.8645,1851709.0
1761699600000,0.8644,0.8719,0.8622,0.8672,1926087.0
1761703200000,0.8673,0.868,0.8649,0.8663,1228687.0
1761706800000,0.8664,0.8666,0.8625,0.8642,1637493.0
1761710400000,0.8642,0.8685,0.8636,0.8645,1678907.0
1761714000000,0.8645,0.8703,0.8633,0.8672,2185496.0
1761717600000,0.8672,0.8699,0.8656,0.8686,1189045.0
1761721200000,0.8686,0.8778,0.8673,0.8772,2262175.0
1761724800000,0.8773,0.8773,0.8647,0.8669,3452259.0
1761728400000,0.867,0.8738,0.8644,0.8725,1901713.0
1761732000000,0.8724,0.8793,0.8702,0.8745,2598191.0
1761735600000,0.8746,0.8824,0.8741,0.8803,1939279.0
1761739200000,0.8802,0.8834,0.8774,0.8816,1356860.0
1761742800000,0.8817,0.8935,0.8815,0.8837,4454481.0
1761746400000,0.8836,0.8854,0.8737,0.8806,4529677.0
1761750000000,0.8807,0.8826,0.8593,0.8639,6398576.0
1761753600000,0.864,0.8741,0.8578,0.8671,3700460.0
1761757200000,0.8671,0.8957,0.8657,0.8957,3710030.0
1761760800000,0.8955,0.8963,0.8362,0.8753,33636710.0
1761764400000,0.8754,0.8914,0.8691,0.8809,6426856.0
1761768000000,0.8811,0.8941,0.8724,0.8891,5563695.0
1761771600000,0.8891,0.8911,0.8807,0.8837,1585296.0
1761775200000,0.8837,0.8847,0.8745,0.8757,1999178.0
1761778800000,0.8756,0.8778,0.8564,0.8603,5303172.0
1761782400000,0.8603,0.8689,0.851,0.8669,3961277.0
1761786000000,0.8669,0.8677,0.8592,0.8629,2333359.0
1761789600000,0.863,0.871,0.8613,0.8661,2347177.0
1761793200000,0.8661,0.867,0.8599,0.8628,2650388.0
1761796800000,0.8627,0.8631,0.8245,0.8346,16734763.0
1761800400000,0.8346,0.8516,0.8305,0.8483,4969868.0
1761804000000,0.8483,0.851,0.8414,0.8458,2872117.0
1761807600000,0.8459,0.858,0.8449,0.8544,2875310.0
1761811200000,0.8545,0.8545,0.8428,0.8453,2821020.0
1761814800000,0.8453,0.8466,0.8354,0.8364,2968444.0
1761818400000,0.8363,0.8395,0.8309,0.8343,3937837.0
1761822000000,0.8344,0.8368,0.8289,0.8303,2584718.0
1761825600000,0.8304,0.8319,0.8006,0.8154,15584010.0
1761829200000,0.8154,0.818,0.7934,0.8,11290062.0
1761832800000,0.8,0.8063,0.7963,0.8006,5682954.0
1761836400000,0.8005,0.8027,0.7873,0.7901,7113033.0
1761840000000,0.79,0.7956,0.7858,0.7896,4326040.0
1761843600000,0.7895,0.7895,0.7682,0.7815,9971815.0
1761847200000,0.7816,0.7823,0.7701,0.7731,2728412.0
1761850800000,0.773,0.7761,0.7653,0.7693,4914794.0
1761854400000,0.7693,0.7812,0.7661,0.7792,5032675.0
1761858000000,0.7793,0.7869,0.7785,0.7844,2467851.0
1761861600000,0.7844,0.7894,0.7833,0.789,2069342.0
1761865200000,0.7891,0.7997,0.7869,0.797,4299594.0
1761868800000,0.7971,0.8068,0.7949,0.8036,3355960.0
1761872400000,0.8037,0.8127,0.8013,0.8118,5427475.0
1761876000000,0.8118,0.812,0.802,0.8064,2725210.0
1761879600000,0.8065,0.814,0.8044,0.8087,2421793.0
1761883200000,0.8087,0.8169,0.8076,0.8158,4865048.0
1761886800000,0.8158,0.8158,0.8085,0.8096,2008737.0
1761890400000,0.8095,0.8101,0.8022,0.8032,1961002.0
1761894000000,0.8032,0.8057,0.7954,0.7971,4385175.0
1761897600000,0.797,0.8022,0.7936,0.8012,2675213.0
1761901200000,0.8012,0.8043,0.7981,0.8011,2094920.0
1761904800000,0.8012,0.8031,0.7981,0.7984,1138363.0
1761908400000,0.7983,0.8103,0.7954,0.8087,3148199.0
1761912000000,0.8087,0.8129,0.7992,0.7997,4413812.0
1761915600000,0.7997,0.8079,0.7972,0.8075,3623131.0
1761919200000,0.8076,0.8124,0.8005,0.8107,4036113.0
1761922800000,0.8107,0.8142,0.8023,0.8047,3473769.0
1761926400000,0.8046,0.8067,0.7856,0.7873,6031296.0
1761930000000,0.7872,0.7943,0.7788,0.7877,6256783.0
1761933600000,0.7877,0.8004,0.7874,0.795,4091374.0
1761937200000,0.795,0.81,0.7893,0.8063,4750549.0
1761940800000,0.8063,0.8079,0.7985,0.7994,2639134.0
1761944400000,0.7993,0.801,0.7954,0.797,1672566.0
1761948000000,0.7971,0.8002,0.7958,0.7973,1104308.0
1761951600000,0.7973,0.8013,0.7965,0.7986,625808.0
1761955200000,0.7987,0.7997,0.7924,0.7989,1572936.0
1761958800000,0.7989,0.8035,0.7967,0.7967,1466740.0
1761962400000,0.7968,0.8061,0.7916,0.8049,2558297.0
1761966000000,0.805,0.8136,0.8048,0.8115,3026681.0
1761969600000,0.8115,0.8153,0.8079,0.8099,1978138.0
1761973200000,0.8099,0.8119,0.8064,0.8084,1526778.0
1761976800000,0.8085,0.8149,0.8059,0.8146,2517986.0
1761980400000,0.8147,0.8687,0.8135,0.8686,16611965.0
1761984000000,0.8686,0.8968,0.8605,0.863,27319005.0
1761987600000,0.863,0.8634,0.847,0.8577,11523304.0
1761991200000,0.8578,0.8729,0.8461,0.8649,8269028.0
1761994800000,0.8649,0.8713,0.8591,0.8658,5545887.0
1761998400000,0.8658,0.8877,0.8657,0.8774,7138347.0
1762002000000,0.8773,0.8823,0.8644,0.8706,6932292.0
1762005600000,0.8707,0.874,0.8532,0.8575,8308597.0
1762009200000,0.8575,0.8782,0.8559,0.8765,8500558.0
1762012800000,0.8765,0.8839,0.8739,0.8768,6592578.0
1762016400000,0.8768,0.879,0.8722,0.8756,2773547.0
1762020000000,0.8757,0.8848,0.8747,0.8807,3616148.0
1762023600000,0.8806,0.8812,0.874,0.8805,1572749.0
1762027200000,0.8804,0.8826,0.8766,0.8778,1457932.0
1762030800000,0.8779,0.8837,0.8663,0.8689,2516929.0
1762034400000,0.869,0.8733,0.8672,0.8691,1898185.0
1762038000000,0.869,0.8729,0.8653,0.8716,2368966.0
1762041600000,0.8716,0.873,0.8575,0.8602,2488153.0
1762045200000,0.8601,0.8608,0.8474,0.8504,4771555.0
1762048800000,0.8503,0.856,0.8476,0.8508,2792932.0
1762052400000,0.8509,0.8524,0.8462,0.8503,2639642.0
1762056000000,0.8503,0.8629,0.8487,0.8619,3966238.0
1762059600000,0.862,0.8643,0.8534,0.8637,2941556.0
1762063200000,0.8636,0.8637,0.857,0.861,1960236.0
1762066800000,0.861,0.864,0.8571,0.8597,1690398.0
1762070400000,0.8598,0.8608,0.8506,0.8545,2945546.0
1762074000000,0.8544,0.8602,0.8502,0.8518,3767612.0
1762077600000,0.8519,0.8534,0.8402,0.8457,6254312.0
1762081200000,0.8458,0.8555,0.8446,0.8554,3250878.0
1762084800000,0.8554,0.856,0.8471,0.8475,1929528.0
1762088400000,0.8476,0.8479,0.8376,0.8422,3405586.0
1762092000000,0.8422,0.8445,0.8233,0.8299,7856295.0
1762095600000,0.8298,0.8378,0.8251,0.8302,3682462.0
1762099200000,0.8302,0.8353,0.8206,0.8344,4440389.0
1762102800000,0.8345,0.8357,0.8274,0.8325,1810261.0
1762106400000,0.8325,0.8333,0.8267,0.8269,1353324.0
1762110000000,0.827,0.8282,0.8202,0.8279,2371406.0
1762113600000,0.8279,0.833,0.8257,0.8325,1154983.0
1762117200000,0.8326,0.8364,0.8306,0.8343,1124605.0
1762120800000,0.8343,0.8391,0.8301,0.8339,1784872.0
1762124400000,0.8339,0.8455,0.8339,0.841,3232113.0
1762128000000,0.841,0.8441,0.827,0.8271,3669875.0
1762131600000,0.8272,0.8298,0.8178,0.8214,5391659.0
1762135200000,0.8213,0.8223,0.8103,0.8153,6090523.0
1762138800000,0.8153,0.817,0.7862,0.7876,13189500.0
1762142400000,0.7875,0.7943,0.7796,0.792,7941519.0
1762146000000,0.792,0.8016,0.788,0.7901,5149316.0
1762149600000,0.7901,0.7929,0.7774,0.7875,6784239.0
1762153200000,0.7874,0.7929,0.7826,0.7868,4774352.0
1762156800000,0.7868,0.7919,0.7801,0.789,4345480.0
1762160400000,0.7889,0.7988,0.78,0.7813,5976920.0
1762164000000,0.7812,0.7859,0.7753,0.7781,5096410.0
1762167600000,0.7782,0.7933,0.7782,0.7847,5145187.0
1762171200000,0.7848,0.791,0.7822,0.7827,3650001.0
1762174800000,0.7827,0.7895,0.7786,0.783,4376609.0
1762178400000,0.783,0.7923,0.7807,0.7895,4796292.0
1762182000000,0.7897,0.7912,0.6972,0.7312,63775697.0
1762185600000,0.7313,0.742,0.72,0.7375,14433589.0
1762189200000,0.7375,0.7545,0.7357,0.7493,7113236.0
1762192800000,0.7493,0.7505,0.7342,0.7361,3614823.0
1762196400000,0.7361,0.7399,0.7255,0.7265,4110548.0
1762200000000,0.7265,0.7283,0.7119,0.7162,5288224.0
1762203600000,0.7163,0.7298,0.7123,0.7276,5311820.0
1762207200000,0.7276,0.7325,0.7204,0.7286,3543344.0
1762210800000,0.7286,0.7314,0.7217,0.7271,3127781.0
1762214400000,0.7273,0.7385,0.7197,0.7321,6474715.0
1762218000000,0.7323,0.735,0.7256,0.7308,4215614.0
1762221600000,0.7308,0.7338,0.7271,0.728,3055610.0
1762225200000,0.7281,0.7385,0.7273,0.7339,3018177.0
1762228800000,0.734,0.7384,0.7287,0.7288,2754358.0
1762232400000,0.7288,0.7311,0.697,0.699,15332335.0
1762236000000,0.699,0.7282,0.6981,0.7109,12281253.0
1762239600000,0.7109,0.7125,0.6993,0.7029,8351075.0
1762243200000,0.7029,0.7209,0.6992,0.7124,8821582.0
1762246800000,0.7125,0.7184,0.7081,0.7173,4722042.0
1762250400000,0.7172,0.7219,0.7165,0.7212,3767381.0
1762254000000,0.7212,0.7269,0.7138,0.7172,5079474.0
1762257600000,0.7171,0.7171,0.7069,0.71,4113151.0
1762261200000,0.7099,0.7133,0.7015,0.7043,4339906.0
1762264800000,0.7042,0.7235,0.6975,0.7178,9618079.0
1762268400000,0.7178,0.7255,0.7036,0.7058,9926489.0
1762272000000,0.7058,0.715,0.6977,0.7008,10134601.0
1762275600000,0.7008,0.7092,0.6787,0.7006,18099346.0
1762279200000,0.7005,0.7021,0.6745,0.6965,18829905.0
1762282800000,0.6964,0.7046,0.6863,0.6877,8276940.0
1762286400000,0.6878,0.6965,0.6517,0.6879,37583968.0
1762290000000,0.688,0.6925,0.6547,0.6917,25133450.0
1762293600000,0.6918,0.7083,0.6875,0.705,9599166.0
1762297200000,0.7049,0.7102,0.7015,0.7033,5679888.0
1762300800000,0.7034,0.7064,0.6895,0.6941,10972833.0
1762304400000,0.6941,0.6959,0.6677,0.6927,12220109.0
1762308000000,0.6927,0.7105,0.6925,0.7091,9873827.0
1762311600000,0.7093,0.7143,0.707,0.7124,5849601.0
1762315200000,0.7124,0.7159,0.7076,0.7122,4278362.0
1762318800000,0.7123,0.7202,0.7119,0.7189,3999400.0
1762322400000,0.719,0.7204,0.7136,0.7181,2811395.0
1762326000000,0.7181,0.7202,0.7138,0.7197,2431509.0
1762329600000,0.7198,0.7199,0.7022,0.7089,5808083.0
1762333200000,0.7088,0.7192,0.7073,0.7179,3408200.0
1762336800000,0.7179,0.719,0.7068,0.7077,2724246.0
1762340400000,0.7077,0.7183,0.7074,0.717,2444282.0
1762344000000,0.717,0.7235,0.7154,0.7232,3728692.0
1762347600000,0.7231,0.7325,0.7195,0.7285,4504266.0
1762351200000,0.7285,0.7309,0.7166,0.7219,5163649.0
1762354800000,0.722,0.729,0.7192,0.7287,4362841.0
1762358400000,0.7287,0.7357,0.7223,0.7347,4217298.0
1762362000000,0.7348,0.7355,0.7284,0.7316,2316449.0
1762365600000,0.7315,0.7409,0.73,0.7394,2576743.0
1762369200000,0.7394,0.7398,0.7334,0.7353,2063712.0
1762372800000,0.7353,0.7394,0.7316,0.7352,1550489.0
1762376400000,0.7351,0.7363,0.7306,0.7332,2843628.0
1762380000000,0.7332,0.7443,0.7325,0.7434,1574522.0
1762383600000,0.7434,0.7441,0.7376,0.7382,2101338.0
1762387200000,0.7381,0.7381,0.7305,0.7334,2767259.0
1762390800000,0.7333,0.7333,0.7214,0.7307,4421612.0
1762394400000,0.7307,0.7376,0.7235,0.7326,3282472.0
1762398000000,0.7327,0.7341,0.7274,0.7293,3753926.0
1762401600000,0.7294,0.7319,0.726,0.7293,1919072.0
1762405200000,0.7293,0.7297,0.7137,0.716,6503465.0
1762408800000,0.7161,0.7225,0.7148,0.7175,2370312.0
1762412400000,0.7174,0.7221,0.7134,0.7176,2737455.0
1762416000000,0.7176,0.7193,0.7122,0.7156,1904374.0
1762419600000,0.7156,0.7188,0.7135,0.7143,2091238.0
1762423200000,0.7143,0.7185,0.7092,0.7158,3042179.0
1762426800000,0.7157,0.7182,0.7104,0.7162,1384016.0
1762430400000,0.7162,0.7175,0.7077,0.7087,3267020.0
1762434000000,0.7086,0.728,0.7083,0.7229,3898631.0
1762437600000,0.723,0.7254,0.7104,0.7124,7065761.0
1762441200000,0.7123,0.7209,0.6977,0.7013,9980214.0
1762444800000,0.7012,0.7048,0.6875,0.6987,6781213.0
1762448400000,0.6986,0.7098,0.6968,0.7086,4763857.0
1762452000000,0.7086,0.7168,0.7005,0.7115,3129436.0
1762455600000,0.7114,0.7134,0.7023,0.7087,2579016.0
1762459200000,0.7088,0.7129,0.6975,0.7037,3272373.0
1762462800000,0.7037,0.7094,0.6993,0.7067,1627567.0
1762466400000,0.7067,0.7101,0.6995,0.708,1504113.0
1762470000000,0.708,0.708,0.6986,0.7043,1988189.0
1762473600000,0.7043,0.7168,0.7033,0.714,6289112.0
1762477200000,0.7141,0.7192,0.7047,0.7157,5903292.0
1762480800000,0.7156,0.7205,0.7101,0.7201,3223730.0
1762484400000,0.7201,0.7264,0.7187,0.7207,2689320.0
1762488000000,0.7208,0.7247,0.7165,0.7243,2199000.0
1762491600000,0.7243,0.7403,0.7242,0.7384,5207559.0
1762495200000,0.7385,0.7505,0.7372,0.7432,4409574.0
1762498800000,0.7433,0.7659,0.7432,0.765,4559469.0
1762502400000,0.7651,0.7659,0.7465,0.749,5408234.0
1762506000000,0.7491,0.7512,0.732,0.7448,7327239.0
1762509600000,0.7448,0.7489,0.7353,0.7363,3379372.0
1762513200000,0.7363,0.7363,0.7235,0.7313,5223659.0
1762516800000,0.7312,0.7366,0.7148,0.7219,5158229.0
1762520400000,0.7219,0.7438,0.7181,0.7437,5577645.0
1762524000000,0.7437,0.7693,0.7284,0.7624,12100966.0
1762527600000,0.7625,0.8016,0.7549,0.7989,19507508.0
1762531200000,0.7989,0.8205,0.7936,0.8125,14973192.0
1762534800000,0.8124,0.8542,0.8041,0.8473,16662471.0
1762538400000,0.8473,0.8649,0.8437,0.8512,8001796.0
1762542000000,0.8512,0.859,0.8413,0.8491,6300613.0
1762545600000,0.8491,0.8562,0.8438,0.8486,4593734.0
1762549200000,0.8487,0.8544,0.8459,0.853,2046665.0
1762552800000,0.8529,0.8687,0.8465,0.8676,2915529.0
1762556400000,0.8677,0.8715,0.8215,0.8342,9874729.0
1762560000000,0.8341,0.8516,0.8202,0.8211,9911703.0
1762563600000,0.8212,0.8428,0.8202,0.8416,4525862.0
1762567200000,0.8414,0.8515,0.8376,0.8407,3701565.0
1762570800000,0.8406,0.8499,0.8294,0.8301,4723253.0
1762574400000,0.8302,0.8483,0.8301,0.8375,3690208.0
1762578000000,0.8374,0.8393,0.8183,0.8197,5512233.0
1762581600000,0.8197,0.8249,0.807,0.816,6375884.0
1762585200000,0.8161,0.8252,0.8114,0.8235,3950727.0
1762588800000,0.8234,0.8288,0.8119,0.8261,4113765.0
1762592400000,0.8262,0.8264,0.8096,0.8141,3266505.0
1762596000000,0.8142,0.8294,0.8135,0.8276,2802932.0
1762599600000,0.8276,0.8478,0.8253,0.8321,8149014.0
1762603200000,0.8322,0.8358,0.8275,0.8312,2247620.0
1762606800000,0.8312,0.8319,0.8124,0.8136,4651629.0
1762610400000,0.8137,0.8188,0.8025,0.8129,6829582.0
1762614000000,0.8129,0.8149,0.795,0.8002,6123712.0
1762617600000,0.8003,0.8055,0.7931,0.8048,4711874.0
1762621200000,0.8049,0.8114,0.8009,0.8057,2272772.0
1762624800000,0.8058,0.8156,0.8031,0.8124,1871382.0
1762628400000,0.8123,0.8136,0.801,0.8092,1748712.0
1762632000000,0.8091,0.8117,0.8034,0.8089,913406.0
1762635600000,0.8089,0.8136,0.8061,0.812,793156.0
1762639200000,0.812,0.8172,0.8098,0.8144,1069932.0
1762642800000,0.8144,0.8165,0.8112,0.8158,1020529.0
1762646400000,0.8159,0.819,0.8029,0.8048,3075904.0
1762650000000,0.8049,0.8129,0.8013,0.8072,1865246.0
1762653600000,0.8071,0.8078,0.7845,0.788,5779726.0
1762657200000,0.788,0.7911,0.7784,0.7842,3424816.0
1762660800000,0.7842,0.7933,0.7834,0.7877,2344136.0
1762664400000,0.7876,0.7931,0.7844,0.7918,1544099.0
1762668000000,0.7918,0.7977,0.7883,0.7907,1398995.0
1762671600000,0.7906,0.802,0.7901,0.8002,1672460.0
1762675200000,0.8002,0.8002,0.7888,0.7915,2017978.0
1762678800000,0.7915,0.7987,0.7852,0.7874,2315244.0
1762682400000,0.7875,0.7964,0.7813,0.7961,2841636.0
1762686000000,0.7962,0.8056,0.7961,0.8007,3134499.0
1762689600000,0.8006,0.8076,0.7981,0.801,1987138.0
1762693200000,0.8011,0.8083,0.7991,0.805,2381075.0
1762696800000,0.805,0.8267,0.801,0.8098,7072042.0
1762700400000,0.8098,0.8234,0.8081,0.8182,4123736.0
1762704000000,0.8183,0.8194,0.8085,0.8171,3159258.0
1762707600000,0.8171,0.8192,0.8083,0.8103,2454036.0
1762711200000,0.8104,0.8205,0.8057,0.8187,2602225.0
1762714800000,0.8188,0.8261,0.815,0.8258,2356376.0
1762718400000,0.8258,0.8261,0.8154,0.8167,1698413.0
1762722000000,0.8167,0.8202,0.8136,0.8161,1269859.0
1762725600000,0.8162,0.8187,0.8093,0.8168,1499617.0
1762729200000,0.8168,0.8258,0.8119,0.8165,2227352.0
1762732800000,0.8165,0.834,0.8098,0.8282,3773391.0
1762736400000,0.8281,0.8325,0.8218,0.822,2834734.0
1762740000000,0.822,0.8254,0.817,0.8244,2917312.0
1762743600000,0.8244,0.8319,0.8234,0.826,2493994.0
1762747200000,0.8259,0.8349,0.8226,0.8311,2619064.0
1762750800000,0.8312,0.8376,0.8242,0.8338,2829978.0
1762754400000,0.8338,0.8351,0.8259,0.8311,1425526.0
1762758000000,0.8312,0.8374,0.8271,0.8322,2620380.0
1762761600000,0.8323,0.8335,0.8223,0.8282,2949285.0
1762765200000,0.8283,0.8479,0.8274,0.8444,3015475.0
1762768800000,0.8445,0.8456,0.8296,0.8346,2747531.0
1762772400000,0.8347,0.8442,0.8337,0.838,1919708.0
1762776000000,0.8379,0.8397,0.8298,0.8321,2636608.0
1762779600000,0.8321,0.8455,0.8315,0.8393,2393651.0
1762783200000,0.8393,0.8393,0.8146,0.8241,6231206.0
1762786800000,0.824,0.8372,0.8193,0.8246,4103434.0
1762790400000,0.8246,0.8296,0.8085,0.8114,4788733.0
1762794000000,0.8112,0.8258,0.8093,0.8203,2443052.0
1762797600000,0.8204,0.8224,0.8121,0.8123,1666675.0
1762801200000,0.8123,0.8289,0.811,0.8199,2445225.0
1762804800000,0.8198,0.8297,0.8179,0.8236,1468610.0
1762808400000,0.8237,0.8241,0.8096,0.818,1869443.0
1762812000000,0.818,0.8426,0.8107,0.8378,3718144.0
1762815600000,0.8377,0.8382,0.825,0.8305,3546078.0
1762819200000,0.8306,0.8349,0.8155,0.8241,3803303.0
1762822800000,0.824,0.8466,0.8205,0.8221,6344785.0
1762826400000,0.8222,0.8442,0.8178,0.8371,5478742.0
1762830000000,0.8371,0.8434,0.8352,0.8376,2415176.0
1762833600000,0.8375,0.8399,0.8225,0.8235,2731139.0
1762837200000,0.8236,0.8239,0.8096,0.8108,5857641.0
1762840800000,0.8108,0.8121,0.8025,0.8088,5175234.0
1762844400000,0.8088,0.8091,0.7932,0.7936,4427277.0
1762848000000,0.7934,0.8011,0.7903,0.7988,3974974.0
1762851600000,0.7987,0.8062,0.7959,0.7969,3020158.0
1762855200000,0.7968,0.8022,0.7961,0.8001,1818760.0
1762858800000,0.8,0.8058,0.796,0.8,3033722.0
1762862400000,0.8,0.8079,0.7937,0.7969,3118307.0
1762866000000,0.7969,0.804,0.7936,0.7951,4145010.0
1762869600000,0.7951,0.8067,0.7872,0.806,6080551.0
1762873200000,0.8059,0.8059,0.7927,0.7968,4389227.0
1762876800000,0.7968,0.8103,0.7949,0.8025,4554577.0
1762880400000,0.8024,0.8082,0.7912,0.7974,2731075.0
1762884000000,0.7973,0.8012,0.7883,0.7917,2122571.0
1762887600000,0.7916,0.7922,0.7804,0.7834,3621713.0
1762891200000,0.7834,0.7854,0.7739,0.7766,4736200.0
1762894800000,0.7766,0.781,0.7708,0.7728,3180019.0
1762898400000,0.7727,0.7815,0.7662,0.7796,3801589.0
1762902000000,0.7797,0.7808,0.7681,0.7709,2972885.0
1762905600000,0.7708,0.7756,0.7645,0.7663,3867910.0
1762909200000,0.7663,0.7792,0.7662,0.7772,2875871.0
1762912800000,0.7771,0.7813,0.7715,0.7796,2330607.0
1762916400000,0.7797,0.7876,0.7783,0.7847,2535915.0
1762920000000,0.7846,0.7859,0.7795,0.7835,2208717.0
1762923600000,0.7836,0.7875,0.7807,0.7862,1774259.0
1762927200000,0.7863,0.7986,0.7858,0.7947,2865688.0
1762930800000,0.7948,0.7962,0.7844,0.7866,2155399.0
1762934400000,0.7867,0.8014,0.7865,0.7989,3414434.0
1762938000000,0.7989,0.8024,0.794,0.8016,3085059.0
1762941600000,0.8017,0.8147,0.8016,0.8077,3861471.0
1762945200000,0.8076,0.8106,0.8021,0.8056,2683497.0
1762948800000,0.8055,0.8132,0.8037,0.8049,2092752.0
1762952400000,0.805,0.8122,0.8003,0.8077,2017842.0
1762956000000,0.8077,0.8086,0.7807,0.7929,6631489.0
1762959600000,0.7929,0.7992,0.7667,0.7707,9272361.0
1762963200000,0.7708,0.773,0.7452,0.754,13605301.0
1762966800000,0.7539,0.7642,0.7446,0.7588,6712314.0
1762970400000,0.7587,0.763,0.7506,0.7522,3281269.0
1762974000000,0.7523,0.7579,0.7452,0.7526,3154092.0
1762977600000,0.7527,0.7654,0.7503,0.7616,2409403.0
1762981200000,0.7617,0.7698,0.7608,0.7684,1805050.0
1762984800000,0.7683,0.7688,0.7604,0.7648,1363186.0
1762988400000,0.7648,0.7648,0.7573,0.7614,1140083.0
1762992000000,0.7612,0.7714,0.7597,0.7645,2308943.0
1762995600000,0.7645,0.7812,0.7638,0.7739,4382088.0
1762999200000,0.774,0.7802,0.7704,0.7749,2055750.0
1763002800000,0.775,0.7942,0.7624,0.7841,6463575.0
1763006400000,0.7843,0.7898,0.7787,0.7848,4745165.0
1763010000000,0.7847,0.8093,0.7822,0.803,4225992.0
1763013600000,0.8029,0.8052,0.7991,0.803,3052123.0
1763017200000,0.8031,0.8076,0.7936,0.7958,3921378.0
1763020800000,0.7957,0.7976,0.7913,0.7946,2130340.0
1763024400000,0.7945,0.7955,0.7822,0.7862,3996473.0
1763028000000,0.7863,0.7931,0.7831,0.7852,1404686.0
1763031600000,0.7852,0.7875,0.7823,0.7839,1578848.0
1763035200000,0.784,0.7901,0.7827,0.7874,1807812.0
1763038800000,0.7874,0.7911,0.7802,0.7871,4004808.0
1763042400000,0.7871,0.8035,0.7756,0.796,9861571.0
1763046000000,0.7961,0.8017,0.7762,0.782,7997053.0
1763049600000,0.7819,0.7842,0.7625,0.7643,7486976.0
1763053200000,0.7643,0.7652,0.7389,0.741,10642470.0
1763056800000,0.7411,0.744,0.7252,0.7328,10361874.0
1763060400000,0.7328,0.7402,0.7218,0.7267,6438471.0
1763064000000,0.7267,0.7321,0.7214,0.7248,4149325.0
1763067600000,0.7249,0.7295,0.7186,0.7226,3100165.0
1763071200000,0.7225,0.742,0.7207,0.7393,2905258.0
1763074800000,0.7393,0.7536,0.7372,0.7435,5786631.0
1763078400000,0.7436,0.7485,0.7342,0.7385,5886795.0
1763082000000,0.7386,0.7439,0.7353,0.7375,4269564.0
1763085600000,0.7375,0.7451,0.737,0.7391,3344289.0
1763089200000,0.7392,0.7395,0.7303,0.7329,3764877.0
1763092800000,0.7329,0.7331,0.6983,0.7196,19417503.0
1763096400000,0.7195,0.7335,0.7192,0.7296,9461631.0
1763100000000,0.7297,0.7414,0.7171,0.7407,7814916.0
1763103600000,0.7406,0.7445,0.7349,0.7356,6315905.0
1763107200000,0.7357,0.737,0.7284,0.7326,3773362.0
1763110800000,0.7326,0.7348,0.7208,0.7213,4476967.0
1763114400000,0.7213,0.7293,0.7207,0.7223,2982667.0
1763118000000,0.7222,0.7234,0.7104,0.7169,6893785.0
1763121600000,0.7168,0.7212,0.6997,0.7191,11337222.0
1763125200000,0.7192,0.7255,0.7085,0.716,6647089.0
1763128800000,0.7159,0.7345,0.7102,0.7289,10386643.0
1763132400000,0.7289,0.7402,0.7203,0.7317,8917898.0
1763136000000,0.7318,0.7368,0.7239,0.7321,5761066.0
1763139600000,0.7322,0.7332,0.7147,0.7194,3891445.0
1763143200000,0.7193,0.7284,0.7163,0.7215,3683705.0
1763146800000,0.7214,0.7343,0.7197,0.7295,2488627.0
1763150400000,0.7296,0.73,0.7027,0.7105,6738052.0
1763154000000,0.7106,0.7205,0.7068,0.7159,3755041.0
1763157600000,0.7158,0.7209,0.7087,0.7123,2543716.0
1763161200000,0.7122,0.7124,0.6884,0.7043,8758035.0
1763164800000,0.7043,0.7143,0.7035,0.7139,4174882.0
1763168400000,0.7138,0.7201,0.7088,0.7181,2658896.0
1763172000000,0.7181,0.7249,0.7166,0.7248,2022027.0
1763175600000,0.7247,0.7259,0.7217,0.7241,1716522.0
1763179200000,0.7242,0.727,0.7199,0.7205,1445274.0
1763182800000,0.7205,0.7223,0.7165,0.7209,2981976.0
1763186400000,0.721,0.7247,0.7178,0.7187,1810781.0
1763190000000,0.7186,0.7186,0.7118,0.7144,2505970.0
1763193600000,0.7144,0.7149,0.6994,0.7016,4549794.0
1763197200000,0.7016,0.7076,0.6997,0.7025,2523374.0
1763200800000,0.7024,0.7082,0.7005,0.7065,2159095.0
1763204400000,0.7065,0.7077,0.6988,0.7029,2050552.0
1763208000000,0.7028,0.7088,0.7014,0.7075,1590359.0
1763211600000,0.7073,0.7145,0.7057,0.7101,2978943.0
1763215200000,0.71,0.7104,0.7014,0.7035,2321651.0
1763218800000,0.7034,0.7043,0.6991,0.7011,2270446.0
1763222400000,0.7011,0.7019,0.6922,0.7009,4718012.0
1763226000000,0.7009,0.7066,0.6979,0.7038,3270362.0
1763229600000,0.7038,0.7059,0.7,0.7022,1951932.0
1763233200000,0.7023,0.7035,0.6987,0.7009,770354.0
1763236800000,0.7008,0.701,0.6933,0.6944,1786724.0
1763240400000,0.6944,0.7005,0.6902,0.6914,2537300.0
1763244000000,0.6913,0.6991,0.689,0.6983,1621666.0
1763247600000,0.6983,0.7012,0.6971,0.6988,1666703.0
1763251200000,0.6989,0.7008,0.6907,0.6954,2522262.0
1763254800000,0.6954,0.6978,0.6837,0.6936,4943764.0
1763258400000,0.6935,0.703,0.6913,0.7029,3179498.0
1763262000000,0.703,0.7032,0.6982,0.7,2111466.0
1763265600000,0.7001,0.7008,0.6942,0.6978,1689713.0
1763269200000,0.6978,0.7025,0.6946,0.6954,2396486.0
1763272800000,0.6953,0.6995,0.6945,0.696,3497821.0
1763276400000,0.6961,0.701,0.6953,0.7002,2503631.0
1763280000000,0.7002,0.7013,0.6944,0.698,1432116.0
1763283600000,0.698,0.7053,0.6952,0.7049,2554214.0
1763287200000,0.7048,0.7051,0.6996,0.7,1617632.0
1763290800000,0.7,0.701,0.6789,0.6825,9200200.0
1763294400000,0.6825,0.6854,0.6746,0.6809,6245864.0
1763298000000,0.6808,0.6828,0.673,0.677,4256166.0
1763301600000,0.677,0.6851,0.6746,0.6843,3413700.0
1763305200000,0.6843,0.6853,0.6673,0.6686,7481397.0
1763308800000,0.6686,0.6772,0.6611,0.6643,8993386.0
1763312400000,0.6642,0.6651,0.6524,0.6613,11848656.0
1763316000000,0.6613,0.6742,0.6574,0.66,9634748.0
1763319600000,0.6598,0.6712,0.6596,0.6627,3377202.0
1763323200000,0.6627,0.6706,0.6612,0.6656,1791278.0
1763326800000,0.6657,0.6678,0.6586,0.6676,3783973.0
1763330400000,0.6677,0.6748,0.6605,0.6712,3703049.0
1763334000000,0.6713,0.6789,0.6577,0.6731,7151529.0
1763337600000,0.6731,0.6809,0.6644,0.6766,4853653.0
1763341200000,0.6765,0.6787,0.6718,0.6742,2704223.0
1763344800000,0.6743,0.679,0.6724,0.6768,2928275.0
1763348400000,0.6769,0.6841,0.6766,0.6822,2216729.0
1763352000000,0.6823,0.6864,0.6803,0.682,2136349.0
1763355600000,0.682,0.6825,0.6789,0.6797,1355058.0
1763359200000,0.6799,0.6826,0.6768,0.6817,1620798.0
1763362800000,0.6817,0.686,0.6801,0.685,2273299.0
1763366400000,0.6851,0.6859,0.6811,0.6824,1650540.0
1763370000000,0.6823,0.6862,0.6801,0.6827,1555225.0
1763373600000,0.6827,0.6851,0.6808,0.6821,1346215.0
1763377200000,0.682,0.6874,0.681,0.6836,1497631.0
1763380800000,0.6836,0.6844,0.6795,0.6809,1458966.0
1763384400000,0.6808,0.6814,0.6569,0.6653,9036062.0
1763388000000,0.6653,0.696,0.6618,0.6777,17312828.0
1763391600000,0.6778,0.6812,0.6643,0.6698,9094766.0
1763395200000,0.6698,0.6778,0.658,0.6765,8404480.0
1763398800000,0.6765,0.6775,0.6558,0.6588,5793868.0
1763402400000,0.6588,0.6652,0.6468,0.6516,10377192.0
1763406000000,0.6517,0.6546,0.6396,0.6433,9006723.0
1763409600000,0.6433,0.6486,0.6369,0.6438,6452999.0
1763413200000,0.6438,0.6481,0.636,0.6419,4146458.0
1763416800000,0.642,0.6493,0.6387,0.6468,2397114.0
1763420400000,0.6468,0.652,0.6433,0.6513,2521122.0
1763424000000,0.6514,0.6585,0.6407,0.6578,4745170.0
1763427600000,0.6577,0.6621,0.6527,0.6558,3329712.0
1763431200000,0.6558,0.6679,0.65,0.6576,7129882.0
1763434800000,0.6575,0.6708,0.6501,0.6678,9527936.0
1763438400000,0.6679,0.6718,0.6591,0.67,6352285.0
1763442000000,0.6701,0.6762,0.665,0.6672,4160243.0
1763445600000,0.6672,0.6693,0.6612,0.6616,3818737.0
1763449200000,0.6615,0.67,0.6594,0.6668,5003835.0
1763452800000,0.6667,0.6748,0.6662,0.6704,4450819.0
1763456400000,0.6703,0.6739,0.6653,0.6729,3527026.0
1763460000000,0.6729,0.6755,0.6707,0.6748,2187232.0
1763463600000,0.6747,0.6747,0.6665,0.6709,2571764.0
1763467200000,0.6709,0.6776,0.6682,0.6766,3185940.0
1763470800000,0.6766,0.6772,0.6663,0.671,3331082.0
1763474400000,0.6709,0.6809,0.6678,0.6682,6281603.0
1763478000000,0.6681,0.6863,0.6641,0.6823,9056548.0
1763481600000,0.6822,0.6953,0.6805,0.6895,7991656.0
1763485200000,0.6895,0.6914,0.6826,0.6849,3460354.0
1763488800000,0.6849,0.6909,0.6849,0.6869,2084584.0
1763492400000,0.687,0.6929,0.6863,0.69,1699721.0
1763496000000,0.6899,0.6904,0.6847,0.6872,1637767.0
1763499600000,0.6872,0.6897,0.6808,0.6809,1836531.0
1763503200000,0.6808,0.6917,0.6808,0.6914,1820806.0
1763506800000,0.6914,0.6923,0.6842,0.6867,1682571.0
1763510400000,0.6867,0.6888,0.678,0.6872,3139847.0
1763514000000,0.6871,0.6896,0.6833,0.6867,2160277.0
1763517600000,0.6868,0.6895,0.6832,0.6842,1713040.0
1763521200000,0.6843,0.686,0.6745,0.6749,4765524.0
1763524800000,0.6748,0.6761,0.6704,0.6709,3607651.0
1763528400000,0.671,0.6718,0.6555,0.6618,6904006.0
1763532000000,0.6617,0.6681,0.6603,0.6677,4367330.0
1763535600000,0.6677,0.6723,0.6669,0.6705,2830770.0
1763539200000,0.6706,0.6709,0.665,0.6676,2366564.0
1763542800000,0.6676,0.6676,0.6601,0.6673,3138373.0
1763546400000,0.6671,0.671,0.6637,0.6638,1816852.0
1763550000000,0.6638,0.6674,0.6633,0.6653,1521289.0
1763553600000,0.6653,0.6699,0.6643,0.6695,1720436.0
1763557200000,0.6696,0.6708,0.6615,0.6629,2288615.0
1763560800000,0.6628,0.6678,0.6567,0.6669,5775197.0
1763564400000,0.667,0.6769,0.652,0.6537,11482593.0
1763568000000,0.6536,0.6596,0.6436,0.647,8739675.0
1763571600000,0.6469,0.65,0.6361,0.6459,6914831.0
1763575200000,0.6459,0.6486,0.6326,0.6386,6864686.0
1763578800000,0.6386,0.6399,0.633,0.6372,3011203.0
1763582400000,0.6373,0.6524,0.6364,0.6515,3155588.0
1763586000000,0.6516,0.6669,0.6496,0.6639,8686338.0
1763589600000,0.6638,0.6642,0.6565,0.6606,1892641.0
1763593200000,0.6607,0.6712,0.6607,0.6668,3963208.0
1763596800000,0.6669,0.6709,0.6641,0.6675,2576030.0
1763600400000,0.6676,0.6739,0.6664,0.673,3279189.0
1763604000000,0.6729,0.6758,0.6711,0.673,3775612.0
1763607600000,0.673,0.6753,0.6716,0.6732,1738845.0
1763611200000,0.6732,0.6779,0.6712,0.6779,3482641.0
1763614800000,0.6779,0.6788,0.6753,0.6773,2238257.0
1763618400000,0.6774,0.6817,0.6761,0.6793,3597175.0
1763622000000,0.6793,0.6875,0.6782,0.6869,2134049.0
1763625600000,0.6869,0.6924,0.6855,0.692,3070572.0
1763629200000,0.6919,0.7085,0.6904,0.6972,10224225.0
1763632800000,0.6972,0.6981,0.6851,0.6883,6273767.0
1763636400000,0.6883,0.7016,0.688,0.6988,4914553.0
1763640000000,0.6988,0.7112,0.6978,0.7107,6616222.0
1763643600000,0.7107,0.7138,0.7012,0.703,6900477.0
1763647200000,0.7031,0.7114,0.6905,0.7075,10373007.0
1763650800000,0.7075,0.7088,0.6833,0.6849,8427394.0
1763654400000,0.6849,0.6867,0.6479,0.6537,20390255.0
1763658000000,0.6536,0.6572,0.6419,0.6505,8772301.0
1763661600000,0.6505,0.6552,0.6374,0.638,6763542.0
1763665200000,0.638,0.6532,0.6342,0.6506,4539674.0
1763668800000,0.6506,0.6572,0.6442,0.6487,4856031.0
1763672400000,0.6486,0.6653,0.6478,0.6588,2864944.0
1763676000000,0.6588,0.6795,0.6588,0.6719,3679595.0
1763679600000,0.672,0.6727,0.6521,0.654,5268132.0
1763683200000,0.654,0.6643,0.6517,0.6617,4796515.0
1763686800000,0.6617,0.6659,0.6577,0.6599,3741641.0
1763690400000,0.6598,0.6598,0.6406,0.643,8571424.0
1763694000000,0.6429,0.6564,0.6426,0.6497,5240283.0
1763697600000,0.6497,0.6537,0.6403,0.6514,4846241.0
1763701200000,0.6513,0.6524,0.6428,0.6448,3953968.0
1763704800000,0.6449,0.648,0.6394,0.6441,5001141.0
1763708400000,0.6442,0.6453,0.5619,0.6134,47582503.0
1763712000000,0.6134,0.6194,0.604,0.6063,14242060.0
1763715600000,0.6063,0.6107,0.5966,0.5969,8217828.0
1763719200000,0.5969,0.6058,0.5918,0.5995,9997790.0
1763722800000,0.5995,0.6055,0.5886,0.5906,6996206.0
1763726400000,0.5906,0.6044,0.5754,0.5985,20831681.0
1763730000000,0.5984,0.6084,0.5947,0.6014,9012696.0
1763733600000,0.6014,0.6132,0.5941,0.61,12992877.0
1763737200000,0.6101,0.612,0.5933,0.5966,11615775.0
1763740800000,0.5966,0.6121,0.5871,0.612,16491440.0
1763744400000,0.6121,0.6218,0.6095,0.6114,9794423.0
1763748000000,0.6115,0.6149,0.5954,0.6089,9983790.0
1763751600000,0.6089,0.6101,0.5974,0.5999,4203948.0
1763755200000,0.5999,0.5999,0.5843,0.5888,8399348.0
1763758800000,0.5888,0.6002,0.5821,0.5973,6583348.0
1763762400000,0.5973,0.6015,0.5712,0.5736,9281205.0
1763766000000,0.5735,0.5949,0.5692,0.5932,7044052.0
1763769600000,0.5933,0.6032,0.5924,0.602,4976279.0
1763773200000,0.602,0.6088,0.5988,0.6083,3981614.0
1763776800000,0.6083,0.6115,0.6018,0.6053,4040294.0
1763780400000,0.6054,0.6078,0.5965,0.6005,3511945.0
1763784000000,0.6005,0.6016,0.5858,0.5944,5058960.0
1763787600000,0.5944,0.5973,0.5831,0.5892,4329419.0
1763791200000,0.5892,0.601,0.5852,0.5986,4250459.0
1763794800000,0.5986,0.6014,0.5955,0.5997,3071711.0
1763798400000,0.5998,0.6006,0.5851,0.5862,4631593.0
1763802000000,0.5862,0.5962,0.5845,0.5915,3732256.0
1763805600000,0.5913,0.5944,0.5844,0.5891,2935622.0
1763809200000,0.589,0.5995,0.5889,0.5957,3380893.0
1763812800000,0.5958,0.5962,0.5882,0.5919,2224057.0
1763816400000,0.5919,0.5948,0.5871,0.593,2720194.0
1763820000000,0.593,0.6034,0.5926,0.5999,4282906.0
1763823600000,0.5999,0.6016,0.5921,0.5966,3736442.0
1763827200000,0.5966,0.6062,0.5955,0.604,3298011.0
1763830800000,0.6041,0.6043,0.5989,0.6009,1643266.0
1763834400000,0.601,0.6032,0.597,0.5992,2168548.0
1763838000000,0.5991,0.6023,0.598,0.5999,1361789.0
1763841600000,0.6,0.6034,0.5944,0.5969,1730990.0
1763845200000,0.5969,0.5997,0.5945,0.5996,950686.0
1763848800000,0.5997,0.6104,0.5981,0.6082,2956670.0
1763852400000,0.6082,0.6097,0.6011,0.6051,2277980.0
1763856000000,0.605,0.6078,0.5999,0.6027,1777964.0
1763859600000,0.6027,0.6125,0.6019,0.6098,2031083.0
1763863200000,0.6098,0.6139,0.608,0.6102,3260960.0
1763866800000,0.6102,0.6117,0.6044,0.6082,2304786.0
1763870400000,0.6081,0.6159,0.6074,0.6128,2708189.0
1763874000000,0.6128,0.6161,0.6114,0.6147,2048070.0
1763877600000,0.6148,0.6174,0.6092,0.6112,2336127.0
1763881200000,0.6112,0.6114,0.6026,0.6083,3219034.0
1763884800000,0.6083,0.6116,0.6063,0.6111,2220203.0
1763888400000,0.611,0.6142,0.6094,0.6111,1968789.0
1763892000000,0.611,0.611,0.6069,0.6081,1615055.0
1763895600000,0.608,0.609,0.6023,0.6069,2161868.0
1763899200000,0.6069,0.6138,0.6061,0.6093,3116205.0
1763902800000,0.6094,0.6128,0.6065,0.6117,1976648.0
1763906400000,0.6118,0.616,0.6036,0.6046,4079014.0
1763910000000,0.6047,0.6152,0.604,0.6134,2800563.0
1763913600000,0.6133,0.618,0.6091,0.6093,3493619.0
1763917200000,0.6094,0.6123,0.6071,0.6102,3351279.0
1763920800000,0.6102,0.6198,0.6098,0.6173,2762174.0
1763924400000,0.6173,0.6259,0.616,0.6229,1703208.0
1763928000000,0.6228,0.6244,0.6186,0.6211,1481870.0
1763931600000,0.6211,0.625,0.6183,0.6243,1727128.0
1763935200000,0.6244,0.6255,0.6171,0.6187,1611939.0
1763938800000,0.6187,0.6197,0.6073,0.609,3163523.0
1763942400000,0.6091,0.6124,0.6006,0.6062,6026676.0
1763946000000,0.6062,0.6103,0.6027,0.6103,3539216.0
1763949600000,0.6102,0.6267,0.6085,0.6175,8675797.0
1763953200000,0.6175,0.6256,0.6161,0.6185,2763218.0
1763956800000,0.6185,0.6214,0.6062,0.6112,5664083.0
1763960400000,0.6111,0.6248,0.6103,0.619,5655374.0
1763964000000,0.619,0.6197,0.6097,0.6143,5505640.0
1763967600000,0.6142,0.616,0.6105,0.6128,2299977.0
1763971200000,0.6126,0.6152,0.6101,0.6129,2028560.0
1763974800000,0.6129,0.6131,0.6006,0.6022,5314399.0
1763978400000,0.6021,0.605,0.5988,0.6023,3241604.0
1763982000000,0.6022,0.605,0.6,0.6048,3001180.0
1763985600000,0.6047,0.6047,0.5965,0.5987,3021944.0
1763989200000,0.5987,0.6071,0.5978,0.602,4412691.0
1763992800000,0.6019,0.6118,0.5937,0.6087,11024240.0
1763996400000,0.6087,0.6172,0.6039,0.6127,9438616.0
1764000000000,0.6128,0.6239,0.6128,0.6202,7065134.0
1764003600000,0.6202,0.6414,0.6179,0.6404,13292836.0
1764007200000,0.6405,0.6428,0.6366,0.639,8219004.0
1764010800000,0.6391,0.6428,0.6346,0.6353,4322823.0
1764014400000,0.6354,0.6452,0.6354,0.6429,4488709.0
1764018000000,0.6428,0.6444,0.6365,0.6393,2400923.0
1764021600000,0.6392,0.6444,0.6367,0.6397,1730403.0
1764025200000,0.6396,0.6411,0.6347,0.6368,1878857.0
1764028800000,0.6368,0.639,0.631,0.6364,3323040.0
1764032400000,0.6364,0.6384,0.6324,0.6324,1660641.0
1764036000000,0.6324,0.6345,0.6274,0.6323,3986715.0
1764039600000,0.6322,0.637,0.6301,0.6318,2221873.0
1764043200000,0.6318,0.6359,0.6225,0.6328,11421035.0
1764046800000,0.6327,0.6341,0.6296,0.6308,1889013.0
1764050400000,0.6307,0.6308,0.624,0.6269,3893354.0
1764054000000,0.6269,0.6289,0.6242,0.6247,5202424.0
1764057600000,0.6248,0.6288,0.6211,0.6223,3350718.0
1764061200000,0.6224,0.6277,0.6199,0.6276,4072324.0
1764064800000,0.6275,0.631,0.6245,0.6299,1485002.0
1764068400000,0.6302,0.6308,0.6273,0.6286,1427362.0
1764072000000,0.6286,0.636,0.6264,0.6327,3765871.0
1764075600000,0.6327,0.6338,0.6239,0.6261,3928849.0
1764079200000,0.6262,0.6296,0.6132,0.6212,8212599.0
1764082800000,0.621,0.6282,0.6148,0.624,5019541.0
1764086400000,0.624,0.6311,0.6213,0.6267,2847225.0
1764090000000,0.6267,0.6341,0.6233,0.6301,4481624.0
1764093600000,0.6301,0.6333,0.6261,0.6265,2317538.0
1764097200000,0.6265,0.6285,0.6163,0.6282,5349383.0
1764100800000,0.6283,0.6361,0.6277,0.6341,2807412.0
1764104400000,0.6341,0.6357,0.632,0.6322,1561498.0
1764108000000,0.6322,0.6415,0.6261,0.6401,2868402.0
1764111600000,0.64,0.6448,0.6371,0.6405,2511525.0
1764115200000,0.6405,0.6411,0.6361,0.6371,1925581.0
1764118800000,0.6371,0.6453,0.6362,0.641,2208199.0
1764122400000,0.641,0.6414,0.6369,0.6372,996185.0
1764126000000,0.6371,0.6399,0.6328,0.6353,2178876.0
1764129600000,0.6352,0.6388,0.634,0.6347,2174935.0
1764133200000,0.6346,0.6393,0.6337,0.6384,1512761.0
1764136800000,0.6382,0.6407,0.6355,0.6399,1550493.0
1764140400000,0.6398,0.6408,0.6382,0.6408,858143.0
1764144000000,0.6407,0.6407,0.6316,0.6317,2294345.0
1764147600000,0.6318,0.6328,0.6274,0.6285,3056673.0
1764151200000,0.6285,0.6306,0.6247,0.6278,1478019.0
1764154800000,0.6279,0.6284,0.6244,0.6254,1001401.0
1764158400000,0.6253,0.6258,0.6195,0.6217,3645940.0
1764162000000,0.6217,0.6272,0.6211,0.6265,2496977.0
1764165600000,0.6265,0.6299,0.6193,0.6209,5227028.0
1764169200000,0.6208,0.6255,0.6171,0.6207,3703273.0
1764172800000,0.6206,0.6328,0.6204,0.6305,3865475.0
1764176400000,0.6306,0.6509,0.6283,0.6497,6789361.0
1764180000000,0.6498,0.6589,0.648,0.6586,5387932.0
1764183600000,0.6587,0.6591,0.653,0.6557,2124521.0
1764187200000,0.6556,0.6557,0.6513,0.6529,1746405.0
1764190800000,0.653,0.659,0.6497,0.6563,2995880.0
1764194400000,0.6564,0.6576,0.6532,0.6559,1647301.0
1764198000000,0.6559,0.659,0.654,0.656,2708330.0
1764201600000,0.656,0.6583,0.6525,0.6555,3292548.0
1764205200000,0.6556,0.6608,0.6547,0.6593,3058146.0
1764208800000,0.6592,0.6634,0.6559,0.6566,3374606.0
1764212400000,0.6567,0.6591,0.6536,0.6565,1941818.0
1764216000000,0.6566,0.66,0.6558,0.6558,1264058.0
1764219600000,0.6557,0.6566,0.6498,0.6508,2263566.0
1764223200000,0.6508,0.6545,0.6502,0.6528,1284682.0
1764226800000,0.6529,0.653,0.649,0.6505,1848700.0
1764230400000,0.6505,0.6505,0.6457,0.6493,2009317.0
1764234000000,0.6493,0.6542,0.6458,0.6509,4960936.0
1764237600000,0.6508,0.6515,0.6465,0.6477,1239432.0
1764241200000,0.6477,0.6482,0.646,0.647,1316179.0
1764244800000,0.6469,0.6485,0.6438,0.6446,2648881.0
1764248400000,0.6447,0.6523,0.6443,0.6507,2284085.0
1764252000000,0.6508,0.6563,0.6491,0.655,1860839.0
1764255600000,0.655,0.6591,0.6503,0.6583,2432156.0
1764259200000,0.6583,0.6667,0.6564,0.6634,3867290.0
1764262800000,0.6634,0.6639,0.6593,0.6622,1398849.0
1764266400000,0.6623,0.6699,0.6596,0.6672,2665392.0
1764270000000,0.6673,0.669,0.6649,0.6662,1312945.0
1764273600000,0.6662,0.6677,0.665,0.6669,875759.0
1764277200000,0.6669,0.6685,0.6616,0.662,1442609.0
1764280800000,0.662,0.6623,0.6523,0.654,2503409.0
1764284400000,0.6539,0.6568,0.6512,0.6529,1516223.0
1764288000000,0.653,0.656,0.6508,0.6514,2130788.0
1764291600000,0.6514,0.6518,0.6405,0.6418,2788126.0
1764295200000,0.6418,0.6442,0.6372,0.6425,3226417.0
1764298800000,0.6426,0.6452,0.6412,0.6442,1631499.0
1764302400000,0.6441,0.6456,0.6418,0.642,1398324.0
1764306000000,0.6419,0.6454,0.6406,0.6441,1638097.0
1764309600000,0.6441,0.6441,0.6386,0.6399,1639813.0
1764313200000,0.64,0.6431,0.6395,0.6407,1609927.0
1764316800000,0.6408,0.6658,0.6406,0.6654,8982212.0
1764320400000,0.6654,0.6661,0.6573,0.658,2639190.0
1764324000000,0.6581,0.6589,0.6515,0.653,3144227.0
1764327600000,0.653,0.6531,0.6406,0.6467,3774099.0
1764331200000,0.6467,0.6492,0.6462,0.6479,1140500.0
1764334800000,0.6478,0.6593,0.6442,0.6568,3238350.0
1764338400000,0.6568,0.6632,0.6506,0.6545,4115523.0
1764342000000,0.6545,0.6633,0.6531,0.657,3725701.0
1764345600000,0.657,0.657,0.6433,0.6452,4738483.0
1764349200000,0.6452,0.6458,0.6357,0.6381,4836936.0
1764352800000,0.6381,0.6402,0.6328,0.6377,2073854.0
1764356400000,0.6378,0.6503,0.6376,0.6474,2359776.0
1764360000000,0.6475,0.6492,0.6441,0.6467,1793065.0
1764363600000,0.6467,0.6477,0.6437,0.6439,921260.0
1764367200000,0.6439,0.6491,0.641,0.6483,1834516.0
1764370800000,0.6483,0.6524,0.6477,0.6481,1594501.0
1764374400000,0.6482,0.6487,0.6433,0.6479,2740458.0
1764378000000,0.648,0.6576,0.648,0.6506,3212259.0
1764381600000,0.6507,0.6512,0.6459,0.6485,1687643.0
1764385200000,0.6484,0.6516,0.6442,0.6451,1664885.0
1764388800000,0.6452,0.6478,0.643,0.6472,1528381.0
1764392400000,0.6472,0.6479,0.6442,0.6448,620250.0
1764396000000,0.6449,0.6464,0.6387,0.6409,3852327.0
1764399600000,0.641,0.6439,0.6398,0.6412,1030049.0
1764403200000,0.6413,0.6429,0.6379,0.6383,2028508.0
1764406800000,0.6382,0.6394,0.6358,0.636,1251034.0
1764410400000,0.636,0.6401,0.6335,0.6385,1715793.0
1764414000000,0.6386,0.6446,0.638,0.6436,1923543.0
1764417600000,0.6437,0.6451,0.637,0.637,1784667.0
1764421200000,0.637,0.6401,0.6365,0.6381,1175702.0
1764424800000,0.6382,0.6386,0.6357,0.6358,1033714.0
1764428400000,0.6358,0.6428,0.6358,0.6402,1838985.0
1764432000000,0.6402,0.6402,0.636,0.6379,732053.0
1764435600000,0.6379,0.6383,0.6305,0.6322,2532056.0
1764439200000,0.6321,0.6337,0.6276,0.6325,3499880.0
1764442800000,0.6326,0.6351,0.6314,0.6319,1589088.0
1764446400000,0.632,0.6347,0.6283,0.634,1638856.0
1764450000000,0.6341,0.6349,0.6316,0.6333,784870.0
1764453600000,0.6332,0.6338,0.6307,0.6314,989541.0
1764457200000,0.6314,0.633,0.6282,0.6306,1085304.0
1764460800000,0.6305,0.6331,0.63,0.63,1153804.0
1764464400000,0.6301,0.6339,0.6294,0.6304,1162804.0
1764468000000,0.6304,0.6329,0.6271,0.6274,1390243.0
1764471600000,0.6274,0.6324,0.622,0.6324,4408119.0
1764475200000,0.6325,0.6335,0.6276,0.6283,1865378.0
1764478800000,0.6283,0.6283,0.6238,0.6251,1577288.0
1764482400000,0.6251,0.631,0.6249,0.6282,1311425.0
1764486000000,0.6283,0.63,0.6272,0.6291,675191.0
1764489600000,0.6292,0.6335,0.6266,0.6284,2545085.0
1764493200000,0.6285,0.6313,0.6274,0.6308,1795043.0
1764496800000,0.6309,0.6321,0.6283,0.6284,1049342.0
1764500400000,0.6285,0.6315,0.6255,0.6269,1381695.0
1764504000000,0.6269,0.6346,0.6238,0.6317,2958337.0
1764507600000,0.6317,0.6399,0.6308,0.6365,4875532.0
1764511200000,0.6365,0.6367,0.6271,0.6292,2750114.0
1764514800000,0.6292,0.6292,0.6241,0.6274,2668713.0
1764518400000,0.6274,0.637,0.6271,0.6339,3278875.0
1764522000000,0.6339,0.6356,0.6296,0.6349,1774065.0
1764525600000,0.635,0.6382,0.634,0.6372,1451733.0
1764529200000,0.6371,0.6399,0.6358,0.6376,1489112.0
1764532800000,0.6376,0.6439,0.6356,0.639,2489030.0
1764536400000,0.6391,0.6391,0.6338,0.6365,1297049.0
1764540000000,0.6365,0.643,0.6334,0.6371,1731257.0
1764543600000,0.6372,0.6373,0.6162,0.6188,6011786.0
1764547200000,0.6188,0.6203,0.5762,0.5783,28163603.0
1764550800000,0.5782,0.5864,0.5756,0.5783,6382610.0
1764554400000,0.5782,0.5837,0.5774,0.5788,6291769.0
1764558000000,0.5787,0.5797,0.5721,0.5733,4878708.0
1764561600000,0.5731,0.5754,0.5704,0.5724,4136195.0
1764565200000,0.5724,0.5803,0.5721,0.579,5206153.0
1764568800000,0.5791,0.583,0.5766,0.5786,3551001.0
1764572400000,0.5787,0.5792,0.5748,0.5766,2544304.0
1764576000000,0.5766,0.5789,0.5741,0.5777,1929931.0
1764579600000,0.5777,0.5808,0.5754,0.5759,2564089.0
1764583200000,0.5759,0.5819,0.5757,0.5763,2024715.0
1764586800000,0.5762,0.5765,0.5706,0.572,2596350.0
1764590400000,0.5721,0.575,0.5622,0.5734,8039815.0
1764594000000,0.5733,0.576,0.5663,0.5695,3774220.0
1764597600000,0.5694,0.5782,0.5676,0.5715,4263889.0
1764601200000,0.5716,0.5726,0.5558,0.5675,13861307.0
1764604800000,0.5675,0.5677,0.5596,0.5603,5591666.0
1764608400000,0.5603,0.5637,0.5562,0.5575,2795269.0
1764612000000,0.5576,0.564,0.5569,0.5619,3232538.0
1764615600000,0.5618,0.5623,0.557,0.5597,1283388.0
1764619200000,0.5596,0.5692,0.5595,0.5673,3586032.0
1764622800000,0.5674,0.5771,0.5673,0.574,3742809.0
1764626400000,0.5741,0.5781,0.5722,0.574,1732357.0
1764630000000,0.574,0.5779,0.5735,0.5741,1537575.0
1764633600000,0.574,0.5765,0.5731,0.5745,2168481.0
1764637200000,0.5744,0.5824,0.573,0.5739,2959387.0
1764640800000,0.5739,0.5767,0.5716,0.5734,1702415.0
1764644400000,0.5734,0.5759,0.5683,0.5749,2196793.0
1764648000000,0.575,0.5773,0.5731,0.5737,1985516.0
1764651600000,0.5737,0.5759,0.5723,0.5738,1339862.0
1764655200000,0.5738,0.5773,0.5734,0.5756,2323689.0
1764658800000,0.5755,0.5765,0.5731,0.5734,1088067.0
1764662400000,0.5734,0.5736,0.5663,0.5684,3741247.0
1764666000000,0.5684,0.5723,0.5672,0.5699,2312945.0
1764669600000,0.5699,0.5786,0.5696,0.5758,3163171.0
1764673200000,0.5757,0.5797,0.5741,0.578,2101109.0
1764676800000,0.5781,0.5823,0.5768,0.579,3016234.0
1764680400000,0.579,0.5886,0.5772,0.5871,4187965.0
1764684000000,0.5871,0.6103,0.5858,0.6075,9945375.0
1764687600000,0.6075,0.6593,0.6074,0.6584,34524588.0
1764691200000,0.6583,0.6646,0.6451,0.6569,11795687.0
1764694800000,0.657,0.6616,0.6436,0.6498,6051620.0
1764698400000,0.6498,0.6505,0.642,0.6439,3082533.0
1764702000000,0.6439,0.6448,0.6338,0.6358,3383814.0
1764705600000,0.6357,0.6384,0.6279,0.6331,3124968.0
1764709200000,0.6332,0.6336,0.6267,0.6312,1576411.0
1764712800000,0.6313,0.6362,0.6288,0.6342,2597914.0
1764716400000,0.6342,0.6353,0.6267,0.6278,3559531.0
1764720000000,0.6279,0.6307,0.6242,0.6271,3460732.0
1764723600000,0.627,0.6329,0.6185,0.6278,7450432.0
1764727200000,0.6277,0.6331,0.6275,0.6303,3571009.0
1764730800000,0.6303,0.6348,0.6299,0.6313,3655693.0
1764734400000,0.6313,0.6375,0.6283,0.637,3753633.0
1764738000000,0.6368,0.6408,0.6363,0.6369,3212422.0
1764741600000,0.6368,0.6414,0.6333,0.6348,3721329.0
1764745200000,0.6348,0.6355,0.6316,0.6328,2947586.0
1764748800000,0.6329,0.6397,0.6329,0.6371,3107739.0
1764752400000,0.6372,0.6374,0.6298,0.6342,3067770.0
1764756000000,0.6342,0.6359,0.6283,0.6288,3315072.0
1764759600000,0.6289,0.6322,0.627,0.6319,3444033.0
1764763200000,0.6319,0.6351,0.6298,0.631,2745766.0
1764766800000,0.631,0.6338,0.6292,0.63,2876546.0
1764770400000,0.6301,0.6389,0.6167,0.6247,17906690.0
1764774000000,0.6247,0.6348,0.6206,0.6264,12415455.0
1764777600000,0.6264,0.63,0.6225,0.6256,4104641.0
1764781200000,0.6256,0.6346,0.6254,0.6323,2893085.0
1764784800000,0.6324,0.637,0.6284,0.6309,2837018.0
1764788400000,0.6309,0.6326,0.6265,0.6303,1230578.0
1764792000000,0.6304,0.6347,0.6276,0.6301,1902306.0
1764795600000,0.6301,0.636,0.629,0.6352,8636301.0
1764799200000,0.6352,0.6406,0.6328,0.6383,4110366.0
1764802800000,0.6384,0.6423,0.6334,0.6343,2285960.0
1764806400000,0.6344,0.6378,0.6314,0.6348,1576084.0
1764810000000,0.6349,0.6436,0.6343,0.6372,3085556.0
1764813600000,0.6372,0.6432,0.6364,0.6398,2651770.0
1764817200000,0.6398,0.6421,0.6371,0.638,951538.0
1764820800000,0.6381,0.6407,0.6367,0.6399,865565.0
1764824400000,0.6399,0.6429,0.6384,0.6412,2811843.0
1764828000000,0.6411,0.6428,0.6378,0.6403,2370011.0
1764831600000,0.6403,0.6404,0.6354,0.639,2197960.0
1764835200000,0.639,0.6404,0.6346,0.6381,1893326.0
1764838800000,0.6381,0.6442,0.6381,0.6382,1805250.0
1764842400000,0.6382,0.6405,0.6359,0.6364,1241027.0
1764846000000,0.6364,0.6369,0.6333,0.6363,1640347.0
1764849600000,0.6363,0.6381,0.6318,0.6331,1743727.0
1764853200000,0.6331,0.6355,0.6283,0.6299,3650472.0
1764856800000,0.6299,0.6332,0.6266,0.6284,2870347.0
1764860400000,0.6284,0.6411,0.6284,0.638,5360882.0
1764864000000,0.6379,0.6411,0.6327,0.6344,3624674.0
1764867600000,0.6343,0.6353,0.6281,0.6338,2282776.0
1764871200000,0.6339,0.6386,0.6318,0.6337,4516938.0
1764874800000,0.6337,0.6342,0.6154,0.6271,9552037.0
1764878400000,0.6272,0.63,0.6235,0.628,1562545.0
1764882000000,0.6279,0.6287,0.6204,0.6206,1958077.0
1764885600000,0.6206,0.6243,0.6201,0.6229,1341731.0
1764889200000,0.6229,0.6229,0.6186,0.6193,2110978.0
1764892800000,0.6194,0.6244,0.6174,0.6187,2671292.0
1764896400000,0.6188,0.6218,0.6176,0.6178,1799375.0
1764900000000,0.6179,0.6222,0.6166,0.6192,1746095.0
1764903600000,0.6192,0.6207,0.6133,0.6149,2097662.0
1764907200000,0.6149,0.6164,0.6074,0.6128,5053332.0
1764910800000,0.6127,0.6139,0.6106,0.6123,1772896.0
1764914400000,0.6123,0.6159,0.6123,0.6157,1985927.0
1764918000000,0.6157,0.6195,0.6148,0.6185,1641662.0
1764921600000,0.6185,0.6185,0.6115,0.6134,2538868.0
1764925200000,0.6133,0.6135,0.6043,0.6058,4869676.0
1764928800000,0.6057,0.6104,0.6043,0.6065,2147581.0
1764932400000,0.6064,0.607,0.5991,0.6026,3321725.0
1764936000000,0.6026,0.6048,0.601,0.6033,1837394.0
1764939600000,0.6033,0.6052,0.5927,0.5953,4956464.0
1764943200000,0.5952,0.5967,0.5876,0.5884,4528943.0
1764946800000,0.5883,0.6027,0.5854,0.589,8730140.0
1764950400000,0.589,0.589,0.5678,0.5728,14613553.0
1764954000000,0.5728,0.5803,0.5719,0.5762,7353083.0
1764957600000,0.5761,0.5787,0.5661,0.5667,4632207.0
1764961200000,0.5667,0.5714,0.5635,0.5685,4159847.0
1764964800000,0.5686,0.5709,0.5636,0.5643,2248376.0
1764968400000,0.5642,0.5695,0.5641,0.5677,2560182.0
1764972000000,0.5678,0.5756,0.5662,0.5724,2499548.0
1764975600000,0.5725,0.5745,0.5671,0.5733,2374659.0
1764979200000,0.5734,0.5782,0.5717,0.5764,1697101.0
1764982800000,0.5764,0.5796,0.5731,0.5739,2202931.0
1764986400000,0.5739,0.5759,0.5723,0.5751,1222461.0
1764990000000,0.5751,0.5795,0.5741,0.5785,1351880.0
1764993600000,0.5785,0.5787,0.5741,0.5748,1119426.0
1764997200000,0.5747,0.5759,0.5732,0.5737,890641.0
1765000800000,0.5737,0.5785,0.5726,0.5781,1218168.0
1765004400000,0.5781,0.58,0.5761,0.5788,1726424.0
1765008000000,0.5788,0.5788,0.5735,0.5739,1813000.0
1765011600000,0.5738,0.5778,0.5737,0.5745,1246433.0
1765015200000,0.5744,0.5749,0.5702,0.5713,1654327.0
1765018800000,0.5712,0.5754,0.5702,0.575,1259199.0
1765022400000,0.575,0.5781,0.5736,0.5751,1849910.0
1765026000000,0.5752,0.5768,0.5737,0.5742,1045960.0
1765029600000,0.5741,0.5822,0.5738,0.5788,2225041.0
1765033200000,0.5787,0.579,0.5734,0.5751,1615506.0
1765036800000,0.5751,0.5782,0.575,0.5757,1011366.0
1765040400000,0.5758,0.5796,0.5753,0.5784,1342451.0
1765044000000,0.5785,0.5819,0.5779,0.5784,925792.0
1765047600000,0.5783,0.58,0.5742,0.5759,1798778.0
1765051200000,0.576,0.5775,0.5752,0.577,682217.0
1765054800000,0.577,0.5847,0.5762,0.5788,2974328.0
1765058400000,0.5788,0.5812,0.5747,0.576,989145.0
1765062000000,0.5759,0.5773,0.5722,0.5771,2425997.0
1765065600000,0.5772,0.5825,0.577,0.5822,2324388.0
1765069200000,0.5822,0.5822,0.5772,0.5772,807540.0
1765072800000,0.5773,0.5803,0.5766,0.5793,808750.0
1765076400000,0.5793,0.58,0.5782,0.5798,664027.0
1765080000000,0.5798,0.5802,0.5763,0.5772,843224.0
1765083600000,0.5772,0.5808,0.5771,0.5796,541838.0
1765087200000,0.5797,0.5835,0.5792,0.5828,943224.0
1765090800000,0.5828,0.5838,0.5771,0.5791,1365986.0
1765094400000,0.5791,0.5819,0.5772,0.5786,1176609.0
1765098000000,0.5785,0.5802,0.5735,0.5743,1834321.0
1765101600000,0.5743,0.5769,0.5719,0.5749,1864832.0
1765105200000,0.575,0.5842,0.575,0.5775,5271174.0
1765108800000,0.5775,0.5792,0.5745,0.5763,1881365.0
1765112400000,0.5763,0.5776,0.5702,0.5715,2891059.0
1765116000000,0.5715,0.5722,0.5514,0.5569,15439431.0
1765119600000,0.5569,0.573,0.5564,0.5723,8041792.0
1765123200000,0.5723,0.5723,0.5658,0.5713,3837229.0
1765126800000,0.5713,0.5924,0.5672,0.5867,11699034.0
1765130400000,0.5868,0.5944,0.5868,0.5897,3645862.0
1765134000000,0.5898,0.591,0.5853,0.591,1736750.0
1765137600000,0.5911,0.5925,0.5895,0.5906,1289776.0
1765141200000,0.5906,0.5906,0.5686,0.5729,4723133.0
1765144800000,0.5728,0.5729,0.5566,0.5647,7961371.0
1765148400000,0.5646,0.5661,0.5602,0.5654,2426418.0
1765152000000,0.5655,0.569,0.5623,0.5632,3471356.0
1765155600000,0.5632,0.5837,0.5631,0.5734,5313482.0
1765159200000,0.5735,0.5768,0.5708,0.5758,2554654.0
1765162800000,0.5758,0.5799,0.5744,0.5751,2157143.0
1765166400000,0.5752,0.5828,0.5752,0.5791,2097961.0
1765170000000,0.579,0.5828,0.5775,0.5814,1406447.0
1765173600000,0.5815,0.5869,0.58,0.585,2079163.0
1765177200000,0.5851,0.5884,0.5814,0.5859,3493069.0
1765180800000,0.5858,0.5881,0.5833,0.5867,1902331.0
1765184400000,0.5867,0.5972,0.5867,0.5902,4458902.0
1765188000000,0.5903,0.5934,0.5898,0.5927,1253020.0
1765191600000,0.5927,0.5935,0.5874,0.5918,3387938.0
1765195200000,0.5918,0.5942,0.5893,0.5938,3129807.0
1765198800000,0.5937,0.5961,0.5901,0.5921,2476669.0
1765202400000,0.592,0.6026,0.589,0.5942,5896191.0
1765206000000,0.5942,0.5976,0.5863,0.5914,5996585.0
1765209600000,0.5914,0.6033,0.5877,0.5977,5082298.0
1765213200000,0.5976,0.6009,0.5898,0.5951,2533443.0
1765216800000,0.595,0.5967,0.5811,0.5847,4619007.0
1765220400000,0.5847,0.588,0.5829,0.5849,1809372.0
1765224000000,0.585,0.5935,0.5845,0.5917,1758223.0
1765227600000,0.5918,0.6049,0.5905,0.6033,7691373.0
1765231200000,0.6034,0.6143,0.6004,0.6113,5508472.0
1765234800000,0.6113,0.6169,0.6063,0.6136,6801620.0
1765238400000,0.6136,0.6188,0.6045,0.6072,6277723.0
1765242000000,0.6072,0.6119,0.5993,0.601,4639588.0
1765245600000,0.6009,0.6069,0.5983,0.6015,3851021.0
1765249200000,0.6016,0.6185,0.6008,0.6171,5759421.0
1765252800000,0.6171,0.6198,0.6062,0.6073,4927670.0
1765256400000,0.6072,0.6081,0.597,0.5991,5150587.0
1765260000000,0.5991,0.6009,0.5929,0.5971,3093891.0
1765263600000,0.5971,0.6053,0.5951,0.6004,4748087.0
1765267200000,0.6003,0.6007,0.5944,0.5956,2595233.0
1765270800000,0.5955,0.5957,0.5871,0.5899,3164921.0
1765274400000,0.59,0.5959,0.5897,0.5945,3404657.0
1765278000000,0.5945,0.5972,0.5936,0.5965,1857883.0
1765281600000,0.5965,0.6095,0.5949,0.6067,4954345.0
1765285200000,0.6068,0.6118,0.6035,0.6076,3574319.0
1765288800000,0.6077,0.6103,0.6027,0.6072,3672209.0
1765292400000,0.6072,0.6262,0.6057,0.6237,8014616.0
1765296000000,0.6238,0.6424,0.6238,0.6396,10177145.0
1765299600000,0.6395,0.6455,0.6324,0.6388,6535986.0
1765303200000,0.6388,0.644,0.6374,0.6412,2729859.0
1765306800000,0.6412,0.6473,0.6365,0.6459,2945119.0
1765310400000,0.6459,0.6464,0.6364,0.6418,3875383.0
1765314000000,0.6419,0.6437,0.6296,0.6352,2894155.0
1765317600000,0.6352,0.6439,0.6351,0.6407,2097165.0
1765321200000,0.6406,0.6463,0.6386,0.6435,1410460.0
1765324800000,0.6434,0.644,0.6357,0.6359,2195373.0
1765328400000,0.6359,0.6395,0.6319,0.6388,2392836.0
1765332000000,0.6387,0.6387,0.6328,0.6346,1654995.0
1765335600000,0.6346,0.6352,0.631,0.6312,1216267.0
1765339200000,0.6312,0.6327,0.6275,0.6306,2048468.0
1765342800000,0.6306,0.6358,0.6301,0.6336,1726935.0
1765346400000,0.6337,0.6389,0.6319,0.6359,2278350.0
1765350000000,0.636,0.636,0.6276,0.6298,2019894.0
1765353600000,0.6298,0.6298,0.6215,0.6223,2796089.0
1765357200000,0.6223,0.6258,0.6183,0.6249,2722319.0
1765360800000,0.6249,0.6298,0.6186,0.6211,3492990.0
1765364400000,0.6211,0.6241,0.6202,0.6236,1189682.0
1765368000000,0.6237,0.6287,0.6232,0.6281,1760220.0
1765371600000,0.6281,0.6309,0.6251,0.629,1349507.0
1765375200000,0.629,0.6326,0.6238,0.6293,2343987.0
1765378800000,0.6293,0.6336,0.6241,0.6246,2313462.0
1765382400000,0.6245,0.6304,0.622,0.6254,1926766.0
1765386000000,0.6253,0.632,0.6236,0.6259,1155780.0
1765389600000,0.6259,0.6384,0.624,0.629,2764434.0
1765393200000,0.629,0.6419,0.6227,0.639,8170822.0
1765396800000,0.639,0.6528,0.6283,0.6308,6634078.0
1765400400000,0.6307,0.634,0.6205,0.6218,2814306.0
1765404000000,0.6217,0.6261,0.6136,0.6251,3881520.0
1765407600000,0.625,0.6252,0.6151,0.6157,1620973.0
1765411200000,0.6157,0.6168,0.6027,0.605,4164873.0
1765414800000,0.6049,0.608,0.5973,0.5986,5053869.0
1765418400000,0.5986,0.5991,0.5903,0.593,3585647.0
1765422000000,0.5931,0.5931,0.5812,0.5815,5271959.0
1765425600000,0.5815,0.594,0.579,0.5928,3921010.0
1765429200000,0.5928,0.5971,0.5906,0.5912,2010921.0
1765432800000,0.5913,0.5928,0.5879,0.5899,1588838.0
1765436400000,0.5898,0.5909,0.5873,0.5892,1120209.0
1765440000000,0.5892,0.5925,0.5843,0.5873,2246316.0
1765443600000,0.5872,0.5906,0.5867,0.5876,1060533.0
1765447200000,0.5876,0.5886,0.5863,0.5872,1709459.0
1765450800000,0.5871,0.5938,0.5866,0.5898,1685129.0
1765454400000,0.5897,0.5914,0.5868,0.5893,1449430.0
1765458000000,0.5893,0.5916,0.5868,0.5894,1064267.0
1765461600000,0.5893,0.5913,0.5781,0.5829,5861950.0
1765465200000,0.5828,0.5908,0.5801,0.5846,3837533.0
1765468800000,0.5845,0.5892,0.5794,0.5842,2234525.0
1765472400000,0.5842,0.5931,0.5827,0.5882,2923596.0
1765476000000,0.5881,0.6081,0.5874,0.5989,4029862.0
1765479600000,0.599,0.6043,0.594,0.5951,4420164.0
1765483200000,0.5952,0.6009,0.5943,0.5974,2511715.0
1765486800000,0.5973,0.6049,0.5953,0.5985,5530871.0
1765490400000,0.5985,0.6017,0.5932,0.5963,2468808.0
1765494000000,0.5963,0.5975,0.5891,0.5959,1974659.0
1765497600000,0.5959,0.601,0.5878,0.5884,2421652.0
1765501200000,0.5884,0.5974,0.5877,0.5944,2109700.0
1765504800000,0.5943,0.6019,0.5928,0.6002,2015496.0
1765508400000,0.6003,0.6011,0.5953,0.5971,1307296.0
1765512000000,0.5972,0.5978,0.5943,0.5953,772586.0
1765515600000,0.5953,0.6022,0.5946,0.6019,1597848.0
1765519200000,0.6019,0.607,0.6009,0.6021,2197574.0
1765522800000,0.6022,0.6028,0.5984,0.5992,1542171.0
1765526400000,0.5991,0.5992,0.5948,0.5981,2012124.0
1765530000000,0.5981,0.6049,0.5973,0.6044,1515469.0
1765533600000,0.6044,0.6072,0.6012,0.6018,1615422.0
1765537200000,0.6017,0.6043,0.5999,0.6034,1153288.0
1765540800000,0.6033,0.6069,0.6008,0.6052,2018834.0
1765544400000,0.6051,0.6071,0.6033,0.6039,1036036.0
1765548000000,0.6038,0.6093,0.6021,0.6059,2825294.0
1765551600000,0.6058,0.6058,0.5724,0.5759,14048650.0
1765555200000,0.5758,0.5772,0.5625,0.5692,11079135.0
1765558800000,0.5692,0.5802,0.5689,0.5716,6861659.0
1765562400000,0.5717,0.5776,0.5701,0.573,4405558.0
1765566000000,0.573,0.5734,0.567,0.5718,1784389.0
1765569600000,0.5717,0.5742,0.5693,0.5711,1392999.0
1765573200000,0.5712,0.5774,0.5707,0.5746,1099984.0
1765576800000,0.5746,0.5814,0.5745,0.5795,1464139.0
1765580400000,0.5795,0.581,0.5791,0.5801,634072.0
1765584000000,0.5802,0.5837,0.5794,0.5808,1963429.0
1765587600000,0.5808,0.5815,0.5775,0.5799,1110253.0
1765591200000,0.5798,0.5827,0.5798,0.5813,833023.0
1765594800000,0.5813,0.5906,0.5812,0.5883,2706720.0
1765598400000,0.5883,0.5911,0.5864,0.5891,1245029.0
1765602000000,0.589,0.5893,0.5828,0.5839,1506502.0
1765605600000,0.5839,0.5843,0.5802,0.5818,1329728.0
1765609200000,0.5817,0.5857,0.5816,0.5849,1098556.0
1765612800000,0.585,0.5902,0.5849,0.5877,1769043.0
1765616400000,0.5878,0.5888,0.5862,0.5863,614676.0
1765620000000,0.5863,0.5899,0.5858,0.5892,1189674.0
1765623600000,0.5892,0.5897,0.5867,0.5881,850912.0
1765627200000,0.5882,0.5937,0.5861,0.59,2959865.0
1765630800000,0.5899,0.5905,0.5874,0.5882,947871.0
1765634400000,0.5882,0.59,0.5858,0.5889,1334549.0
1765638000000,0.5889,0.5955,0.5887,0.5928,2226553.0
1765641600000,0.5928,0.6003,0.5926,0.5982,3735590.0
1765645200000,0.5983,0.5995,0.5914,0.5931,2203411.0
1765648800000,0.5931,0.6,0.5927,0.596,1352370.0
1765652400000,0.5959,0.5968,0.5932,0.5955,1316708.0
1765656000000,0.5956,0.5977,0.5933,0.5938,698480.0
1765659600000,0.5938,0.5944,0.5885,0.5933,1345657.0
1765663200000,0.5933,0.5943,0.5906,0.592,618819.0
1765666800000,0.592,0.5942,0.5909,0.5938,623780.0
1765670400000,0.5938,0.5943,0.5909,0.592,794961.0
1765674000000,0.5919,0.5922,0.5885,0.5893,1067334.0
1765677600000,0.5893,0.5922,0.5889,0.5906,831924.0
1765681200000,0.5907,0.5919,0.5869,0.5879,1290743.0
1765684800000,0.588,0.5889,0.5827,0.5846,1612212.0
1765688400000,0.5846,0.585,0.5808,0.582,1223348.0
1765692000000,0.5821,0.584,0.5809,0.5831,1038763.0
1765695600000,0.583,0.5855,0.5828,0.5841,1094421.0
1765699200000,0.5841,0.5861,0.5826,0.5828,604094.0
1765702800000,0.5827,0.584,0.5816,0.5839,693173.0
1765706400000,0.5838,0.5842,0.5791,0.581,2745143.0
1765710000000,0.581,0.5816,0.5712,0.5775,4610934.0
1765713600000,0.5776,0.5816,0.5744,0.5788,1798034.0
1765717200000,0.5789,0.5789,0.575,0.5775,1613791.0
1765720800000,0.5775,0.5788,0.5683,0.5706,2812489.0
1765724400000,0.5706,0.573,0.5683,0.5709,2095077.0
1765728000000,0.5709,0.5769,0.5696,0.5718,2447765.0
1765731600000,0.5719,0.5734,0.5626,0.5639,4465312.0
1765735200000,0.5639,0.568,0.5628,0.5666,1941092.0
1765738800000,0.5666,0.5667,0.5613,0.5634,1214851.0
1765742400000,0.5634,0.5668,0.5597,0.563,2510830.0
1765746000000,0.5631,0.5642,0.5576,0.5589,2605235.0
1765749600000,0.5589,0.563,0.5576,0.5617,1973972.0
1765753200000,0.5618,0.5648,0.5542,0.562,4603594.0
1765756800000,0.562,0.5709,0.5618,0.5686,4722926.0
1765760400000,0.5686,0.5791,0.5686,0.5763,4441415.0
1765764000000,0.5764,0.5846,0.5744,0.5748,3687045.0
1765767600000,0.5748,0.5765,0.5732,0.5747,1779664.0
1765771200000,0.5748,0.5791,0.5739,0.5781,1792531.0
1765774800000,0.5781,0.5816,0.5778,0.5812,1440344.0
1765778400000,0.5813,0.5824,0.5787,0.58,1064261.0
1765782000000,0.5801,0.5813,0.5758,0.5778,1399412.0
1765785600000,0.5777,0.5806,0.5768,0.5772,1515410.0
1765789200000,0.5773,0.581,0.5769,0.5798,1474672.0
1765792800000,0.5798,0.5826,0.5781,0.5816,1984589.0
1765796400000,0.5817,0.582,0.5771,0.5798,1566111.0
1765800000000,0.5799,0.5803,0.5765,0.5797,1277264.0
1765803600000,0.5797,0.58,0.5712,0.5735,2726188.0
1765807200000,0.5734,0.5806,0.5574,0.5633,9169095.0
1765810800000,0.5633,0.5644,0.5365,0.5416,19022782.0
1765814400000,0.5416,0.543,0.5295,0.5317,5871138.0
1765818000000,0.5316,0.5333,0.5262,0.5295,4409724.0
1765821600000,0.5295,0.5326,0.5224,0.5296,5806417.0
1765825200000,0.5296,0.5369,0.528,0.5302,3533592.0
1765828800000,0.5302,0.5318,0.5247,0.5287,2076258.0
1765832400000,0.5288,0.5362,0.5278,0.5337,1693744.0
1765836000000,0.5338,0.5354,0.5323,0.5352,1045986.0
1765839600000,0.5352,0.5402,0.5351,0.5388,2039693.0
1765843200000,0.5389,0.54,0.5307,0.5311,2089992.0
1765846800000,0.5311,0.5337,0.5296,0.5318,1479690.0
1765850400000,0.5318,0.5359,0.5298,0.5337,1198737.0
1765854000000,0.5337,0.5356,0.5299,0.535,2011082.0
1765857600000,0.535,0.5356,0.5233,0.5297,4167370.0
1765861200000,0.5297,0.5308,0.5283,0.5288,1854079.0
1765864800000,0.5289,0.5346,0.5288,0.5329,2211149.0
1765868400000,0.533,0.5334,0.5183,0.5185,8011755.0
1765872000000,0.5186,0.5273,0.5176,0.5252,4807248.0
1765875600000,0.5252,0.5275,0.524,0.5253,1189003.0
1765879200000,0.5253,0.5418,0.5242,0.5362,4051098.0
1765882800000,0.5363,0.5397,0.5332,0.5379,2400012.0
1765886400000,0.538,0.5385,0.5331,0.5334,1919123.0
1765890000000,0.5333,0.5403,0.5261,0.5261,7470324.0
1765893600000,0.5262,0.5369,0.5221,0.5326,7196040.0
1765897200000,0.5326,0.5376,0.5259,0.5353,4599458.0
1765900800000,0.5352,0.5369,0.5265,0.529,3616974.0
1765904400000,0.529,0.5329,0.5236,0.524,2067377.0
1765908000000,0.5239,0.5349,0.5227,0.5315,3266501.0
1765911600000,0.5314,0.5316,0.5241,0.5291,2542268.0
1765915200000,0.529,0.533,0.5278,0.5281,1225936.0
1765918800000,0.5281,0.5293,0.5252,0.528,948051.0
1765922400000,0.5279,0.5298,0.5262,0.5284,989780.0
1765926000000,0.5284,0.5285,0.5252,0.5276,794618.0
1765929600000,0.5276,0.5276,0.5226,0.5249,1801349.0
1765933200000,0.525,0.5316,0.5236,0.525,1760339.0
1765936800000,0.525,0.5268,0.5209,0.5249,2355481.0
1765940400000,0.525,0.5286,0.5224,0.5235,1236869.0
1765944000000,0.5234,0.525,0.5113,0.5157,6444675.0
1765947600000,0.5156,0.5185,0.5131,0.517,3223692.0
1765951200000,0.5169,0.5209,0.513,0.5138,3454881.0
1765954800000,0.5138,0.5167,0.5125,0.5145,2773698.0
1765958400000,0.5145,0.5146,0.5093,0.5113,3222729.0
1765962000000,0.5113,0.5145,0.5107,0.5132,2180976.0
1765965600000,0.5132,0.5148,0.5113,0.5132,1754979.0
1765969200000,0.5131,0.5186,0.5129,0.5172,1929069.0
1765972800000,0.5174,0.5195,0.5156,0.5175,1648904.0
1765976400000,0.5176,0.5269,0.5151,0.5249,4372787.0
1765980000000,0.5249,0.5384,0.5141,0.5381,9918207.0
1765983600000,0.538,0.5453,0.5146,0.5168,18450953.0
1765987200000,0.5168,0.5222,0.5008,0.5086,13303138.0
1765990800000,0.5086,0.5097,0.4973,0.4998,6194245.0
1765994400000,0.4999,0.5043,0.4937,0.4953,6680413.0
1765998000000,0.4953,0.5004,0.4925,0.5001,4275730.0
1766001600000,0.5001,0.5056,0.497,0.4995,2945187.0
1766005200000,0.4994,0.5009,0.4934,0.4952,3057375.0
1766008800000,0.4953,0.4984,0.4929,0.497,1690467.0
1766012400000,0.497,0.4971,0.493,0.4965,1961326.0
1766016000000,0.4965,0.4983,0.4952,0.4975,1346164.0
1766019600000,0.4974,0.4975,0.4917,0.4943,2210754.0
1766023200000,0.4944,0.5009,0.4925,0.4983,2404653.0
1766026800000,0.4983,0.4993,0.495,0.4957,1384228.0
1766030400000,0.4958,0.4982,0.4952,0.4959,1121861.0
1766034000000,0.4959,0.4961,0.4875,0.4898,5300179.0
1766037600000,0.4898,0.4946,0.4882,0.4942,2425554.0
1766041200000,0.4941,0.4967,0.4926,0.4951,1731785.0
1766044800000,0.4951,0.5002,0.4946,0.4959,3165822.0
1766048400000,0.496,0.4993,0.4949,0.4976,1976402.0
1766052000000,0.4976,0.5002,0.4966,0.5002,1377325.0
1766055600000,0.5003,0.5019,0.4977,0.5018,2369230.0
1766059200000,0.5019,0.5048,0.4997,0.5042,2159445.0
1766062800000,0.5042,0.5211,0.5042,0.5206,9892091.0
1766066400000,0.5206,0.5254,0.5078,0.513,7404408.0
1766070000000,0.5131,0.521,0.5052,0.5164,5239921.0
1766073600000,0.5164,0.5169,0.5108,0.5142,2178355.0
1766077200000,0.5143,0.5145,0.4846,0.4964,17352058.0
1766080800000,0.4964,0.5026,0.4871,0.4879,5430481.0
1766084400000,0.4878,0.4898,0.4723,0.4734,8969832.0
1766088000000,0.4733,0.4803,0.4731,0.4745,4650127.0
1766091600000,0.4745,0.4844,0.4745,0.4843,4370041.0
1766095200000,0.4844,0.4872,0.4821,0.4825,1461018.0
1766098800000,0.4826,0.4829,0.4782,0.4789,1789346.0
1766102400000,0.479,0.4812,0.4773,0.4811,3136522.0
1766106000000,0.481,0.481,0.4747,0.4775,2762898.0
1766109600000,0.4774,0.4823,0.4756,0.4807,3050140.0
1766113200000,0.4807,0.5018,0.4802,0.4957,10871186.0
1766116800000,0.4958,0.4994,0.4952,0.4987,3071245.0
1766120400000,0.4987,0.4987,0.4956,0.4971,2031744.0
1766124000000,0.4972,0.5015,0.4943,0.5013,2452033.0
1766127600000,0.5011,0.5118,0.5008,0.5041,5854192.0
1766131200000,0.5042,0.5064,0.5019,0.5044,1909951.0
1766134800000,0.5044,0.5047,0.5024,0.5041,1293161.0
1766138400000,0.5041,0.5049,0.5006,0.5028,1673296.0
1766142000000,0.5028,0.5066,0.5013,0.5056,2240089.0
1766145600000,0.5057,0.5088,0.5043,0.507,2023076.0
1766149200000,0.5071,0.5076,0.5031,0.5059,2209016.0
1766152800000,0.5058,0.5166,0.5045,0.5118,5330125.0
1766156400000,0.5117,0.5226,0.5097,0.5122,8223240.0
1766160000000,0.5121,0.5245,0.5115,0.5157,4903509.0
1766163600000,0.5157,0.5209,0.5069,0.5074,4790365.0
1766167200000,0.5075,0.5164,0.5075,0.515,3146520.0
1766170800000,0.5149,0.5274,0.5149,0.5237,3522393.0
1766174400000,0.5238,0.5291,0.5234,0.5274,2602749.0
1766178000000,0.5273,0.5273,0.5208,0.5211,1292860.0
1766181600000,0.5212,0.5262,0.5212,0.5238,753618.0
1766185200000,0.5237,0.5237,0.5213,0.5221,635916.0
1766188800000,0.522,0.5227,0.5188,0.5207,1557963.0
1766192400000,0.5207,0.5214,0.5181,0.5189,1262403.0
1766196000000,0.5189,0.5195,0.5178,0.5181,768939.0
1766199600000,0.5182,0.5195,0.516,0.5176,1561221.0
1766203200000,0.5176,0.5182,0.513,0.5145,2223229.0
1766206800000,0.5146,0.5171,0.5145,0.5159,1658537.0
1766210400000,0.5159,0.5178,0.5158,0.5171,692315.0
1766214000000,0.5171,0.5223,0.5168,0.5221,2171322.0
1766217600000,0.5221,0.5244,0.5213,0.5215,1510427.0
1766221200000,0.5215,0.5228,0.5208,0.521,946186.0
1766224800000,0.521,0.5216,0.5174,0.5183,1072057.0
1766228400000,0.5182,0.5227,0.518,0.5225,1023999.0
1766232000000,0.5226,0.523,0.5188,0.5201,911968.0
1766235600000,0.52,0.521,0.5165,0.5194,2312860.0
1766239200000,0.5193,0.5215,0.5163,0.5211,1389953.0
1766242800000,0.5211,0.5215,0.5177,0.5202,1333132.0
1766246400000,0.5202,0.5213,0.519,0.5202,931637.0
1766250000000,0.5203,0.5236,0.5203,0.5213,1449851.0
1766253600000,0.5214,0.5234,0.52,0.5222,588199.0
1766257200000,0.5223,0.5224,0.5209,0.5212,448941.0
1766260800000,0.5211,0.5223,0.5207,0.5218,673313.0
1766264400000,0.5219,0.5242,0.5218,0.5219,1147804.0
1766268000000,0.5219,0.5247,0.5212,0.524,699735.0
1766271600000,0.524,0.5246,0.5224,0.523,448029.0
1766275200000,0.5231,0.5236,0.5199,0.5215,957317.0
1766278800000,0.5214,0.5214,0.5151,0.5154,2741702.0
1766282400000,0.5154,0.5168,0.5098,0.5113,4060528.0
1766286000000,0.5114,0.5148,0.511,0.5141,1114888.0
1766289600000,0.5142,0.5151,0.5126,0.5139,827884.0
1766293200000,0.5138,0.5175,0.5138,0.516,954620.0
1766296800000,0.516,0.5165,0.515,0.5162,415633.0
1766300400000,0.5162,0.5168,0.5154,0.5165,614992.0
1766304000000,0.5165,0.5218,0.5149,0.5202,3047824.0
1766307600000,0.5203,0.523,0.5174,0.5214,2650026.0
1766311200000,0.5215,0.5225,0.5156,0.5167,2448708.0
1766314800000,0.5167,0.5175,0.5141,0.5146,1254900.0
1766318400000,0.5146,0.5152,0.5071,0.5106,6078570.0
1766322000000,0.5107,0.5109,0.4955,0.4971,9830549.0
1766325600000,0.497,0.5028,0.4961,0.5007,3093771.0
1766329200000,0.5006,0.5031,0.4979,0.5011,2520893.0
1766332800000,0.5011,0.5053,0.4992,0.5051,2077441.0
1766336400000,0.5052,0.5079,0.5028,0.5032,1794077.0
1766340000000,0.5032,0.5036,0.4992,0.502,1233115.0
1766343600000,0.5021,0.5061,0.5005,0.5054,1279257.0
1766347200000,0.5054,0.5061,0.5016,0.5027,1210139.0
1766350800000,0.5027,0.5061,0.5013,0.5027,1912389.0
1766354400000,0.5026,0.5093,0.502,0.5093,1694509.0
1766358000000,0.5093,0.5139,0.5083,0.511,2688671.0
1766361600000,0.511,0.5236,0.511,0.5138,6868252.0
1766365200000,0.5138,0.519,0.5121,0.5131,2367412.0
1766368800000,0.5131,0.5132,0.5043,0.511,4756248.0
1766372400000,0.511,0.5162,0.5094,0.5131,1540926.0
1766376000000,0.5131,0.5175,0.5131,0.5161,1819771.0
1766379600000,0.5161,0.5169,0.5124,0.5133,1186464.0
1766383200000,0.5132,0.5163,0.5126,0.5131,1209271.0
1766386800000,0.513,0.5175,0.5126,0.5164,1321109.0
1766390400000,0.5165,0.5218,0.5146,0.5151,2772638.0
1766394000000,0.5151,0.5167,0.5134,0.5158,1699805.0
1766397600000,0.5159,0.5176,0.5144,0.5154,1325487.0
1766401200000,0.5155,0.5174,0.5122,0.5154,3157053.0
1766404800000,0.5154,0.5199,0.5143,0.5176,1947403.0
1766408400000,0.5175,0.5189,0.5128,0.5151,1680617.0
1766412000000,0.515,0.5202,0.5129,0.5174,4002286.0
1766415600000,0.5175,0.5202,0.5094,0.5157,5209328.0
1766419200000,0.5156,0.5172,0.512,0.513,2272498.0
1766422800000,0.513,0.5133,0.5098,0.5121,3267014.0
1766426400000,0.5121,0.5146,0.5098,0.5113,1955669.0
1766430000000,0.5112,0.5115,0.4977,0.4995,4776256.0
1766433600000,0.4995,0.5018,0.4959,0.4982,3268872.0
1766437200000,0.4981,0.5026,0.4977,0.5004,1916707.0
1766440800000,0.5003,0.506,0.4985,0.5048,1770151.0
1766444400000,0.5049,0.5055,0.5027,0.5039,1256298.0
1766448000000,0.5039,0.5102,0.5033,0.5089,2443640.0
1766451600000,0.509,0.5105,0.5034,0.505,1985903.0
1766455200000,0.5051,0.5073,0.4997,0.5003,2546321.0
1766458800000,0.5002,0.5008,0.4952,0.4978,3395987.0
1766462400000,0.4978,0.4997,0.4958,0.4961,2484865.0
1766466000000,0.496,0.5008,0.4936,0.499,6553434.0
1766469600000,0.4989,0.5005,0.4959,0.4979,2480337.0
1766473200000,0.4977,0.4987,0.4961,0.4968,1424304.0
1766476800000,0.4967,0.4994,0.4948,0.4959,1400633.0
1766480400000,0.4958,0.4976,0.4941,0.4971,1536422.0
1766484000000,0.4972,0.5,0.4969,0.499,848309.0
1766487600000,0.499,0.5004,0.497,0.497,1235880.0
1766491200000,0.4971,0.4971,0.4924,0.4944,2958713.0
1766494800000,0.4944,0.4965,0.4886,0.4914,4864917.0
1766498400000,0.4913,0.4936,0.4835,0.4887,6953515.0
1766502000000,0.4886,0.4922,0.4866,0.4888,4882410.0
1766505600000,0.4888,0.4937,0.4868,0.4914,5932139.0
1766509200000,0.4914,0.4945,0.4843,0.4851,2563506.0
1766512800000,0.4852,0.4966,0.4851,0.4956,3993237.0
1766516400000,0.4956,0.4963,0.4914,0.4946,1733460.0
1766520000000,0.4947,0.5016,0.4933,0.4962,2374681.0
1766523600000,0.4963,0.4967,0.4933,0.495,1411997.0
1766527200000,0.4951,0.4964,0.4907,0.4925,1506395.0
1766530800000,0.4925,0.4937,0.4908,0.4924,987580.0
1766534400000,0.4925,0.495,0.4914,0.4936,1572635.0
1766538000000,0.4936,0.4953,0.4869,0.4878,2244320.0
1766541600000,0.4877,0.4877,0.4817,0.4837,2968865.0
1766545200000,0.4837,0.4863,0.481,0.486,1767847.0
1766548800000,0.486,0.4874,0.4827,0.4831,1496041.0
1766552400000,0.4831,0.4844,0.4801,0.4812,2266607.0
1766556000000,0.4813,0.4837,0.4802,0.4825,1598042.0
1766559600000,0.4826,0.4846,0.4817,0.4818,1569161.0
1766563200000,0.4818,0.483,0.4806,0.4817,2467363.0
1766566800000,0.4818,0.4835,0.4808,0.4812,1159138.0
1766570400000,0.4811,0.4825,0.4806,0.4809,1180930.0
1766574000000,0.4809,0.4833,0.4809,0.482,796443.0
1766577600000,0.4819,0.4853,0.4811,0.4839,1728837.0
1766581200000,0.484,0.484,0.4793,0.4813,2135828.0
1766584800000,0.4814,0.4848,0.4765,0.4824,4772332.0
1766588400000,0.4824,0.4869,0.4806,0.4852,3728966.0
1766592000000,0.4851,0.4873,0.4814,0.4846,2651220.0
1766595600000,0.4847,0.486,0.4814,0.4817,1011430.0
1766599200000,0.4816,0.4829,0.4801,0.4821,1234817.0
1766602800000,0.4821,0.4852,0.4807,0.4851,1439771.0
1766606400000,0.4852,0.4871,0.4848,0.4855,1600636.0
1766610000000,0.4856,0.4874,0.4856,0.4868,626963.0
1766613600000,0.4869,0.4924,0.4865,0.4914,2275903.0
1766617200000,0.4914,0.4917,0.4882,0.4884,610682.0
1766620800000,0.4884,0.4899,0.4874,0.4881,1222679.0
1766624400000,0.488,0.4919,0.4879,0.4901,1347658.0
1766628000000,0.4901,0.4986,0.4892,0.4983,3350388.0
1766631600000,0.4983,0.4994,0.4957,0.4967,1786692.0
1766635200000,0.4968,0.4979,0.4952,0.4963,1818697.0
1766638800000,0.4963,0.4965,0.4936,0.4936,1323922.0
1766642400000,0.4937,0.4979,0.493,0.497,1202488.0
1766646000000,0.4971,0.4992,0.496,0.4989,1052332.0
1766649600000,0.4988,0.5045,0.4971,0.5003,4643266.0
1766653200000,0.5003,0.5024,0.497,0.4979,1264114.0
1766656800000,0.4978,0.4981,0.4894,0.4917,3862108.0
1766660400000,0.4917,0.4944,0.4914,0.4931,1002701.0
1766664000000,0.493,0.498,0.4919,0.497,1656798.0
1766667600000,0.497,0.4978,0.4935,0.4949,1549781.0
1766671200000,0.4948,0.495,0.4903,0.4919,1887927.0
1766674800000,0.492,0.502,0.4906,0.4988,3809824.0
1766678400000,0.4988,0.5016,0.4963,0.4973,2591828.0
1766682000000,0.4974,0.4979,0.4947,0.4971,1088117.0
1766685600000,0.4972,0.5019,0.4972,0.5002,1333826.0
1766689200000,0.5002,0.5024,0.4985,0.5021,761402.0
1766692800000,0.5021,0.5023,0.4986,0.5003,1162658.0
1766696400000,0.5002,0.5018,0.4994,0.5009,787644.0
1766700000000,0.501,0.5014,0.4792,0.4842,5588836.0
1766703600000,0.4841,0.4869,0.4769,0.4793,4698970.0
1766707200000,0.4793,0.4822,0.4775,0.4822,3727740.0
1766710800000,0.4822,0.4851,0.4808,0.4844,1884194.0
1766714400000,0.4844,0.502,0.4842,0.4983,7914697.0
1766718000000,0.4983,0.4994,0.4937,0.4957,2179840.0
1766721600000,0.4958,0.5008,0.4925,0.4994,2882564.0
1766725200000,0.4995,0.5016,0.4975,0.5001,1457524.0
1766728800000,0.5002,0.5035,0.4989,0.5006,3080903.0
1766732400000,0.5005,0.5024,0.4934,0.4947,2612644.0
1766736000000,0.4947,0.4977,0.4943,0.4972,1383290.0
1766739600000,0.4972,0.4977,0.4957,0.4972,1384597.0
1766743200000,0.4971,0.4976,0.4951,0.4965,1113768.0
1766746800000,0.4966,0.4967,0.4944,0.4951,884095.0
1766750400000,0.4952,0.497,0.4931,0.4961,783006.0
1766754000000,0.4962,0.4977,0.4951,0.4968,1150926.0
1766757600000,0.4968,0.4974,0.4853,0.4879,5314815.0
1766761200000,0.4878,0.4893,0.4826,0.4877,7240985.0
1766764800000,0.4878,0.489,0.4828,0.4832,2559812.0
1766768400000,0.4831,0.4907,0.4831,0.4888,2325488.0
1766772000000,0.4888,0.4919,0.4885,0.4907,1358843.0
1766775600000,0.4908,0.4956,0.4903,0.4947,1583079.0
1766779200000,0.4948,0.4952,0.4929,0.4937,1884470.0
1766782800000,0.4937,0.4945,0.4896,0.4901,1265286.0
1766786400000,0.4901,0.4917,0.4888,0.4914,1429101.0
1766790000000,0.4914,0.4922,0.4908,0.492,810534.0
1766793600000,0.4921,0.4933,0.4901,0.4907,1249525.0
1766797200000,0.4906,0.4935,0.4894,0.4933,1225950.0
1766800800000,0.4933,0.4944,0.4923,0.4931,796943.0
1766804400000,0.493,0.4975,0.4925,0.4961,1672994.0
1766808000000,0.4962,0.4964,0.4937,0.4941,965373.0
1766811600000,0.494,0.4945,0.4928,0.4933,616016.0
1766815200000,0.4934,0.4934,0.4911,0.492,903731.0
1766818800000,0.4919,0.4941,0.4918,0.4922,772129.0
1766822400000,0.4921,0.4926,0.4893,0.4893,1820001.0
1766826000000,0.4894,0.4935,0.4879,0.4923,5519513.0
1766829600000,0.4923,0.4943,0.4886,0.4927,1489041.0
1766833200000,0.4928,0.4963,0.4927,0.4954,1652276.0
1766836800000,0.4954,0.4977,0.495,0.4954,1158457.0
1766840400000,0.4954,0.4959,0.4933,0.4942,936526.0
1766844000000,0.4941,0.4971,0.494,0.4966,921118.0
1766847600000,0.4967,0.4995,0.4956,0.4989,1409647.0
1766851200000,0.4989,0.5033,0.4982,0.4983,4572913.0
1766854800000,0.4983,0.5007,0.4982,0.5006,1355718.0
1766858400000,0.5006,0.5009,0.4976,0.4986,544841.0
1766862000000,0.4985,0.5007,0.4983,0.5001,664792.0
1766865600000,0.5002,0.5021,0.4983,0.4987,740498.0
1766869200000,0.4988,0.5041,0.4988,0.5038,1582719.0
1766872800000,0.5039,0.5086,0.5023,0.5041,2105096.0
1766876400000,0.5041,0.5144,0.5041,0.5137,4446987.0
1766880000000,0.5138,0.515,0.5079,0.5082,2223542.0
1766883600000,0.5083,0.5093,0.5069,0.5077,2204439.0
1766887200000,0.5077,0.5118,0.5072,0.5106,1013238.0
1766890800000,0.5106,0.5106,0.5087,0.5092,581368.0
1766894400000,0.5093,0.5106,0.5073,0.5076,956209.0
1766898000000,0.5076,0.5091,0.5064,0.5079,1463323.0
1766901600000,0.508,0.5106,0.5076,0.5097,957709.0
1766905200000,0.5097,0.5114,0.509,0.5098,937195.0
1766908800000,0.5099,0.5127,0.5098,0.5109,960471.0
1766912400000,0.5109,0.5115,0.5074,0.5092,1234465.0
1766916000000,0.5091,0.5121,0.5089,0.5103,1111071.0
1766919600000,0.5103,0.5109,0.5065,0.5086,1403713.0
1766923200000,0.5086,0.5089,0.5033,0.5042,3118657.0
1766926800000,0.5041,0.5064,0.504,0.5057,1179881.0
1766930400000,0.5057,0.5119,0.5056,0.5097,2418727.0
1766934000000,0.5097,0.5122,0.5061,0.5068,2155474.0
1766937600000,0.5069,0.5091,0.5057,0.5073,1200778.0
1766941200000,0.5074,0.5112,0.507,0.5078,1554412.0
1766944800000,0.5077,0.5082,0.5016,0.5028,3308047.0
1766948400000,0.5028,0.5046,0.4994,0.5006,1722777.0
1766952000000,0.5006,0.5024,0.4987,0.5003,1205971.0
1766955600000,0.5003,0.5015,0.4986,0.5012,1354821.0
1766959200000,0.5013,0.5047,0.4996,0.5036,1541701.0
1766962800000,0.5037,0.5057,0.5009,0.5047,1321424.0
1766966400000,0.5047,0.5106,0.5031,0.508,5403083.0
1766970000000,0.508,0.5129,0.5036,0.5111,4182924.0
1766973600000,0.5112,0.5189,0.5109,0.5124,5436261.0
1766977200000,0.5124,0.5205,0.5119,0.5196,3095794.0
1766980800000,0.5196,0.5203,0.5167,0.5174,2937187.0
1766984400000,0.5174,0.5184,0.5155,0.5158,2019220.0
1766988000000,0.5158,0.5189,0.5136,0.5144,1618034.0
1766991600000,0.5144,0.5151,0.5104,0.5141,3257558.0
1766995200000,0.5142,0.5167,0.5125,0.5133,2315687.0
1766998800000,0.5134,0.5148,0.5025,0.5064,6325977.0
1767002400000,0.5064,0.5095,0.5053,0.5074,2408009.0
1767006000000,0.5074,0.5086,0.5042,0.5043,1894279.0
1767009600000,0.5043,0.5045,0.4931,0.498,10068600.0
1767013200000,0.498,0.4985,0.4943,0.496,2540126.0
1767016800000,0.496,0.5031,0.4935,0.5005,6536958.0
1767020400000,0.5004,0.5075,0.4989,0.4995,9955704.0
1767024000000,0.4995,0.5011,0.4953,0.4955,2965217.0
1767027600000,0.4955,0.4999,0.4948,0.4997,1702031.0
1767031200000,0.4997,0.4999,0.4911,0.4931,2234546.0
1767034800000,0.4931,0.4964,0.4912,0.4933,2543177.0
1767038400000,0.4933,0.495,0.4902,0.4919,2270357.0
1767042000000,0.492,0.4951,0.4907,0.4945,2268635.0
1767045600000,0.4944,0.4954,0.4928,0.4933,1328163.0
1767049200000,0.4933,0.4945,0.4918,0.4933,1051499.0
1767052800000,0.4933,0.4954,0.4909,0.4932,2411076.0
1767056400000,0.4932,0.4943,0.4913,0.4926,1018026.0
1767060000000,0.4927,0.4942,0.4904,0.492,2948696.0
1767063600000,0.492,0.4945,0.4875,0.4935,3735949.0
1767067200000,0.4936,0.4956,0.4924,0.4931,1271366.0
1767070800000,0.4931,0.4938,0.4888,0.4906,2952767.0
1767074400000,0.4907,0.4951,0.4902,0.4928,2033410.0
1767078000000,0.4928,0.4948,0.4917,0.4933,1621190.0
1767081600000,0.4933,0.5008,0.4932,0.4966,3694546.0
1767085200000,0.4966,0.4988,0.4961,0.4979,854927.0
1767088800000,0.498,0.4988,0.4959,0.4979,1179687.0
1767092400000,0.4979,0.4989,0.4964,0.4987,1025365.0
1767096000000,0.4987,0.5,0.4962,0.4972,1504539.0
1767099600000,0.4972,0.4996,0.497,0.4977,1266131.0
1767103200000,0.4976,0.4994,0.491,0.4963,6181328.0
1767106800000,0.4963,0.4975,0.4924,0.4956,2280350.0
1767110400000,0.4956,0.4986,0.4918,0.4934,2392163.0
1767114000000,0.4934,0.4946,0.4889,0.4906,2016815.0
1767117600000,0.4905,0.4916,0.4892,0.4907,1029373.0
1767121200000,0.4906,0.4921,0.4861,0.4921,4212625.0
1767124800000,0.492,0.492,0.4887,0.489,779458.0
1767128400000,0.4889,0.4908,0.4884,0.4898,847424.0
1767132000000,0.4898,0.4918,0.489,0.49,1019787.0
1767135600000,0.4899,0.4918,0.4894,0.4909,786769.0
1767139200000,0.4908,0.4909,0.4888,0.4894,1091839.0
1767142800000,0.4894,0.4948,0.4891,0.4915,2356926.0
1767146400000,0.4916,0.4932,0.4906,0.4926,835707.0
1767150000000,0.4926,0.4931,0.4894,0.4907,1512293.0
1767153600000,0.4908,0.4923,0.4903,0.4906,1193009.0
1767157200000,0.4906,0.4917,0.4894,0.4899,1028395.0
1767160800000,0.4899,0.4909,0.489,0.4898,783959.0
1767164400000,0.4899,0.4899,0.4878,0.4894,1302229.0
1767168000000,0.4895,0.4911,0.4852,0.4866,3174607.0
1767171600000,0.4866,0.4901,0.4859,0.4895,2055000.0
1767175200000,0.4895,0.4909,0.488,0.489,1619531.0
1767178800000,0.4889,0.4915,0.4883,0.4909,3772298.0
1767182400000,0.4909,0.4917,0.487,0.4883,3095955.0
1767186000000,0.4883,0.4921,0.4873,0.4918,2159740.0
1767189600000,0.4918,0.4958,0.4891,0.4919,4501599.0
1767193200000,0.492,0.492,0.4856,0.4871,4589995.0
1767196800000,0.4871,0.4874,0.4685,0.4741,17994044.0
1767200400000,0.474,0.4753,0.4708,0.4719,3980747.0
1767204000000,0.4719,0.4738,0.4693,0.4711,3421166.0
1767207600000,0.4712,0.477,0.4711,0.4749,3074809.0
1767211200000,0.4748,0.4812,0.4721,0.4801,5093751.0
1767214800000,0.4802,0.4829,0.4792,0.482,2398545.0
1767218400000,0.482,0.4835,0.4804,0.4818,1946278.0
1767222000000,0.4817,0.4828,0.4801,0.4803,1095743.0
1767225600000,0.4804,0.4858,0.4804,0.4821,2290510.0
1767229200000,0.482,0.484,0.4799,0.4806,1549499.0
1767232800000,0.4807,0.482,0.48,0.4815,1073764.0
1767236400000,0.4815,0.4815,0.4787,0.4791,744355.0
1767240000000,0.4792,0.4793,0.4771,0.4791,1625717.0
1767243600000,0.4791,0.4834,0.4791,0.4832,2586548.0
1767247200000,0.4833,0.4845,0.4819,0.4828,2188930.0
1767250800000,0.4828,0.4839,0.4822,0.483,843117.0
1767254400000,0.483,0.4845,0.4818,0.4843,1034842.0
1767258000000,0.4843,0.4876,0.4842,0.4869,2117238.0
1767261600000,0.4868,0.4895,0.4863,0.4893,2211424.0
1767265200000,0.4893,0.49,0.4865,0.4894,3093507.0
1767268800000,0.4894,0.4903,0.4867,0.4878,1691052.0
1767272400000,0.4878,0.4945,0.4875,0.4943,2827055.0
1767276000000,0.4943,0.5021,0.4943,0.5005,8359625.0
1767279600000,0.5004,0.5076,0.4987,0.5048,7186800.0
1767283200000,0.5047,0.5069,0.5024,0.5057,4424257.0
1767286800000,0.5057,0.5133,0.5054,0.5121,5506227.0
1767290400000,0.5121,0.5135,0.5097,0.5124,2320867.0
1767294000000,0.5123,0.5163,0.5102,0.5163,2440226.0
1767297600000,0.5163,0.5213,0.5136,0.5162,6379440.0
1767301200000,0.5162,0.5164,0.5128,0.5145,1838675.0
1767304800000,0.5145,0.5227,0.5145,0.5225,2892909.0
1767308400000,0.5225,0.525,0.519,0.5208,3463670.0
1767312000000,0.5207,0.5218,0.5161,0.5176,3402458.0
1767315600000,0.5177,0.5212,0.5163,0.5208,1954473.0
1767319200000,0.5207,0.5228,0.5151,0.5202,7212323.0
1767322800000,0.5202,0.5271,0.5182,0.5262,4799183.0
1767326400000,0.5263,0.5278,0.5212,0.5246,3871674.0
1767330000000,0.5246,0.5263,0.522,0.5259,1756737.0
1767333600000,0.5259,0.5297,0.5244,0.525,2699299.0
1767337200000,0.525,0.5256,0.5194,0.521,3746358.0
1767340800000,0.5209,0.5228,0.5205,0.5228,1993331.0
1767344400000,0.5229,0.533,0.5222,0.5293,5892027.0
1767348000000,0.5294,0.5314,0.5268,0.5292,3825981.0
1767351600000,0.5293,0.5294,0.5234,0.5247,2680607.0
1767355200000,0.5246,0.5364,0.5238,0.5347,8473515.0
1767358800000,0.5348,0.5433,0.5322,0.5338,10203804.0
1767362400000,0.5338,0.5386,0.5252,0.533,12585563.0
1767366000000,0.5329,0.5412,0.5277,0.5367,7643395.0
1767369600000,0.5367,0.5492,0.5351,0.5492,10031046.0
1767373200000,0.5493,0.5533,0.543,0.5459,6247504.0
1767376800000,0.5458,0.549,0.5411,0.5447,3262925.0
1767380400000,0.5447,0.5493,0.544,0.5483,1630773.0
1767384000000,0.5483,0.5507,0.5428,0.5444,2482307.0
1767387600000,0.5444,0.5512,0.5442,0.5499,1718700.0
1767391200000,0.5499,0.5577,0.5494,0.5549,4465464.0
1767394800000,0.5549,0.5576,0.5529,0.5557,1687616.0
1767398400000,0.5558,0.5604,0.5542,0.5542,2996637.0
1767402000000,0.5542,0.5582,0.5534,0.5567,2238177.0
1767405600000,0.5566,0.5613,0.5535,0.5599,2852584.0
1767409200000,0.5598,0.567,0.5571,0.5656,4702952.0
1767412800000,0.5655,0.5732,0.5607,0.5688,6199533.0
1767416400000,0.5688,0.5872,0.566,0.5785,8300080.0
1767420000000,0.5784,0.5994,0.5732,0.5749,19960308.0
1767423600000,0.575,0.5769,0.5609,0.5621,9237689.0
1767427200000,0.562,0.566,0.5561,0.563,6741213.0
1767430800000,0.5629,0.5674,0.5617,0.5647,4332340.0
1767434400000,0.5646,0.57,0.5639,0.5678,3575838.0
1767438000000,0.5677,0.5681,0.5625,0.5675,2473490.0
1767441600000,0.5674,0.5777,0.5656,0.5762,5170759.0
1767445200000,0.5762,0.5797,0.5681,0.5722,4227525.0
1767448800000,0.5721,0.5736,0.5679,0.5686,2487168.0
1767452400000,0.5687,0.5742,0.5663,0.5705,3492907.0
1767456000000,0.5704,0.5972,0.5702,0.5911,8167001.0
1767459600000,0.5911,0.5944,0.5812,0.5815,5740991.0
1767463200000,0.5816,0.5828,0.5714,0.5762,4620490.0
1767466800000,0.5762,0.5776,0.5748,0.5772,1598858.0
1767470400000,0.5773,0.5776,0.5695,0.5755,2650681.0
1767474000000,0.5755,0.5778,0.5727,0.5759,823005.0
1767477600000,0.5759,0.5877,0.5744,0.5865,2568274.0
1767481200000,0.5865,0.5888,0.5824,0.5847,2495775.0
1767484800000,0.5846,0.5919,0.5816,0.5856,4287307.0
1767488400000,0.5856,0.5856,0.5781,0.5831,2280597.0
1767492000000,0.583,0.5914,0.5824,0.5861,3437080.0
1767495600000,0.5861,0.5933,0.5861,0.59,2633843.0
1767499200000,0.5899,0.593,0.5874,0.5885,2345618.0
1767502800000,0.5884,0.594,0.588,0.5928,2609843.0
1767506400000,0.5927,0.5974,0.5863,0.5892,4252277.0
1767510000000,0.5893,0.6064,0.5824,0.5966,8826812.0
1767513600000,0.5966,0.5967,0.5803,0.5885,7371831.0
1767517200000,0.5884,0.5918,0.5858,0.5893,2338887.0
1767520800000,0.5892,0.5914,0.5867,0.589,1405194.0
1767524400000,0.589,0.5911,0.5862,0.5894,1428541.0
1767528000000,0.5893,0.5946,0.5877,0.5912,3285393.0
1767531600000,0.5911,0.5967,0.586,0.5966,3296081.0
1767535200000,0.5965,0.5995,0.5924,0.5971,4211528.0
1767538800000,0.597,0.6032,0.5959,0.6009,3651373.0
1767542400000,0.6009,0.6088,0.6,0.6081,4078462.0
1767546000000,0.6081,0.6089,0.6031,0.6071,2536084.0
1767549600000,0.6071,0.6092,0.5972,0.6015,3435758.0
1767553200000,0.6016,0.6016,0.5889,0.5946,3562430.0
1767556800000,0.5946,0.5993,0.5923,0.5972,1103111.0
1767560400000,0.5973,0.6005,0.5921,0.599,1456543.0
1767564000000,0.599,0.6082,0.5955,0.5975,2774214.0
1767567600000,0.5975,0.6049,0.5971,0.6007,1892422.0
1767571200000,0.6008,0.6075,0.5942,0.6004,4879306.0
1767574800000,0.6003,0.6126,0.5985,0.6079,6885518.0
1767578400000,0.608,0.6106,0.5998,0.607,4372524.0
1767582000000,0.6071,0.6091,0.5992,0.6003,3801414.0
1767585600000,0.6002,0.6011,0.5863,0.5915,6824192.0
1767589200000,0.5915,0.5983,0.5893,0.5911,3409903.0
1767592800000,0.591,0.5949,0.5873,0.5938,2938663.0
1767596400000,0.5937,0.6044,0.5916,0.5997,3150543.0
1767600000000,0.5996,0.6026,0.5935,0.5949,3879310.0
1767603600000,0.5948,0.5956,0.5875,0.5925,3761170.0
1767607200000,0.5924,0.5967,0.5872,0.5913,2824576.0
1767610800000,0.5913,0.5937,0.5891,0.5917,1859819.0
1767614400000,0.5917,0.5953,0.589,0.5929,1492438.0
1767618000000,0.593,0.594,0.5878,0.592,2428915.0
1767621600000,0.5921,0.6042,0.59,0.5998,5607070.0
1767625200000,0.5999,0.606,0.5936,0.6043,4862433.0
1767628800000,0.6042,0.6081,0.6011,0.6068,5468621.0
1767632400000,0.6067,0.6181,0.6004,0.6165,6686538.0
1767636000000,0.6165,0.6482,0.6153,0.646,14540169.0
1767639600000,0.6461,0.6623,0.6312,0.6344,13030171.0
1767643200000,0.6345,0.6408,0.6284,0.6307,3906268.0
1767646800000,0.6307,0.633,0.6257,0.6294,2562589.0
1767650400000,0.6294,0.6385,0.6289,0.6375,2225781.0
1767654000000,0.6375,0.6403,0.6347,0.6362,2481593.0
1767657600000,0.6362,0.6374,0.6266,0.6353,3394685.0
1767661200000,0.6353,0.6407,0.6285,0.6299,3278401.0
1767664800000,0.6299,0.6348,0.6272,0.63,1877676.0
1767668400000,0.6299,0.6383,0.6296,0.6354,2299967.0
1767672000000,0.6353,0.6456,0.6328,0.6368,3315120.0
1767675600000,0.6368,0.6424,0.6296,0.6315,4916893.0
1767679200000,0.6314,0.6355,0.6281,0.6306,2908547.0
1767682800000,0.6306,0.6321,0.6178,0.6209,5690294.0
1767686400000,0.6208,0.6259,0.6193,0.6207,1924448.0
1767690000000,0.6207,0.6263,0.6195,0.6243,1499910.0
1767693600000,0.6242,0.6302,0.6226,0.6285,1936714.0
1767697200000,0.6285,0.6382,0.6273,0.6333,3192799.0
1767700800000,0.6334,0.6405,0.6312,0.6383,2492669.0
1767704400000,0.6384,0.6427,0.6364,0.6404,2533892.0
1767708000000,0.6404,0.6504,0.6351,0.6397,7654467.0
1767711600000,0.6397,0.6437,0.6288,0.6339,6925848.0
1767715200000,0.6338,0.6364,0.6187,0.6242,8869137.0
1767718800000,0.6243,0.6275,0.6069,0.6096,8438940.0
1767722400000,0.6095,0.6201,0.6072,0.6177,2705092.0
1767726000000,0.6178,0.6202,0.6137,0.6141,1487944.0
1767729600000,0.614,0.624,0.614,0.622,1225483.0
1767733200000,0.622,0.6385,0.6197,0.6381,3813727.0
1767736800000,0.6382,0.6403,0.6301,0.6327,2461633.0
1767740400000,0.6327,0.6389,0.6322,0.6355,1207750.0
1767744000000,0.6356,0.6366,0.6209,0.6215,2692266.0
1767747600000,0.6215,0.6246,0.6128,0.6149,3854215.0
1767751200000,0.6149,0.6221,0.6123,0.6202,2304655.0
1767754800000,0.6203,0.6242,0.6187,0.6203,1457336.0
1767758400000,0.6203,0.6229,0.6158,0.6164,1427766.0
1767762000000,0.6165,0.6214,0.6152,0.6166,2128692.0
1767765600000,0.6166,0.6186,0.6146,0.6168,2293423.0
1767769200000,0.6169,0.6332,0.6166,0.6332,3600603.0
1767772800000,0.6332,0.6348,0.6289,0.6326,3650085.0
1767776400000,0.6326,0.6346,0.6145,0.6186,8320552.0
1767780000000,0.6185,0.6223,0.618,0.6194,2041923.0
1767783600000,0.6195,0.6228,0.6183,0.6205,1927309.0
1767787200000,0.6204,0.6206,0.6115,0.612,3242030.0
1767790800000,0.612,0.6155,0.6076,0.6084,3798925.0
1767794400000,0.6083,0.6091,0.5939,0.6056,10516599.0
1767798000000,0.6057,0.606,0.5916,0.5951,6099437.0
1767801600000,0.5951,0.5998,0.592,0.5972,2335831.0
1767805200000,0.5972,0.6017,0.5952,0.5964,1754382.0
1767808800000,0.5964,0.6024,0.5949,0.5967,2611600.0
1767812400000,0.5968,0.5993,0.5913,0.5974,2273753.0
1767816000000,0.5975,0.5991,0.5918,0.5934,1562454.0
1767819600000,0.5933,0.5955,0.5924,0.5944,1110573.0
1767823200000,0.5944,0.5981,0.5876,0.5924,2379636.0
1767826800000,0.5925,0.5988,0.5888,0.5939,2841890.0
1767830400000,0.594,0.5968,0.5905,0.5958,2084895.0
1767834000000,0.5959,0.6002,0.5956,0.5978,1531428.0
1767837600000,0.5978,0.5988,0.5916,0.5935,2637641.0
1767841200000,0.5935,0.5978,0.5864,0.5885,4326974.0
1767844800000,0.5884,0.5932,0.584,0.5914,3826497.0
1767848400000,0.5915,0.5962,0.5897,0.5906,1468472.0
1767852000000,0.5907,0.5924,0.5791,0.5798,4744879.0
1767855600000,0.5799,0.589,0.5756,0.5879,5093664.0
1767859200000,0.588,0.5925,0.5828,0.5837,1964736.0
1767862800000,0.5837,0.5862,0.5779,0.5788,2846766.0
1767866400000,0.5788,0.582,0.5738,0.5791,3984252.0
1767870000000,0.5791,0.5806,0.5727,0.5776,4227338.0
1767873600000,0.5776,0.5784,0.5692,0.5724,4749075.0
1767877200000,0.5724,0.5749,0.5695,0.5713,2297429.0
1767880800000,0.5712,0.5754,0.5647,0.5739,7891954.0
1767884400000,0.5739,0.5905,0.5711,0.5898,6683730.0
1767888000000,0.5898,0.5907,0.5797,0.5879,4081580.0
1767891600000,0.588,0.5908,0.5827,0.5877,2922849.0
1767895200000,0.5877,0.5886,0.5826,0.5851,1220121.0
1767898800000,0.5852,0.5879,0.58,0.5812,1012182.0
1767902400000,0.5811,0.5811,0.5741,0.5783,2319443.0
1767906000000,0.5783,0.5871,0.5783,0.5861,1811484.0
1767909600000,0.5862,0.5889,0.5801,0.5838,1368973.0
1767913200000,0.5839,0.5857,0.582,0.5826,980990.0
1767916800000,0.5826,0.5847,0.5817,0.5826,1197555.0
1767920400000,0.5826,0.5876,0.5755,0.578,3730577.0
1767924000000,0.5779,0.5838,0.5767,0.5775,1481024.0
1767927600000,0.5776,0.5844,0.5773,0.5843,1469294.0
1767931200000,0.5844,0.5856,0.58,0.5806,1273402.0
1767934800000,0.5806,0.5835,0.5796,0.5833,1227092.0
1767938400000,0.5832,0.5867,0.5821,0.5865,1154077.0
1767942000000,0.5866,0.5891,0.5857,0.587,1865406.0
1767945600000,0.587,0.5905,0.5757,0.5805,5122515.0
1767949200000,0.5804,0.5891,0.5795,0.5804,3814805.0
1767952800000,0.5803,0.5806,0.576,0.5794,1964792.0
1767956400000,0.5794,0.582,0.5782,0.5785,1411524.0
1767960000000,0.5785,0.5797,0.5747,0.576,1373468.0
1767963600000,0.576,0.5863,0.576,0.5825,3923014.0
1767967200000,0.5826,0.5834,0.575,0.5767,3541874.0
1767970800000,0.5768,0.5982,0.5722,0.5887,9517800.0
1767974400000,0.5888,0.5999,0.5887,0.5961,5132927.0
1767978000000,0.5962,0.5966,0.5825,0.5901,2367703.0
1767981600000,0.5901,0.5908,0.5746,0.5826,3047159.0
1767985200000,0.5826,0.5826,0.5732,0.576,1721471.0
1767988800000,0.576,0.5806,0.575,0.5778,1288989.0
1767992400000,0.5778,0.5818,0.5751,0.5799,1240796.0
1767996000000,0.5799,0.5828,0.5768,0.5827,855772.0
1767999600000,0.5827,0.5827,0.5776,0.5788,527867.0
1768003200000,0.5788,0.5795,0.5742,0.5756,982326.0
1768006800000,0.5755,0.5799,0.5755,0.5774,1277946.0
1768010400000,0.5775,0.5785,0.575,0.5761,1006802.0
1768014000000,0.5762,0.5764,0.5703,0.5744,2300135.0
1768017600000,0.5745,0.575,0.5711,0.5717,1478863.0
1768021200000,0.5718,0.5731,0.5707,0.571,843478.0
1768024800000,0.5711,0.5735,0.5675,0.5722,1989174.0
1768028400000,0.5722,0.5776,0.572,0.5765,1904643.0
1768032000000,0.5764,0.5782,0.5747,0.5765,626774.0
1768035600000,0.5764,0.5798,0.5761,0.5787,1026626.0
1768039200000,0.5788,0.582,0.5765,0.5812,817788.0
1768042800000,0.5813,0.5853,0.5802,0.5853,1558190.0
1768046400000,0.5852,0.5884,0.584,0.5881,1116952.0
1768050000000,0.5882,0.5884,0.5846,0.5849,1179982.0
1768053600000,0.5848,0.5853,0.5799,0.5812,1340827.0
1768057200000,0.5812,0.5825,0.5796,0.5805,728417.0
1768060800000,0.5805,0.5806,0.5771,0.5781,1139649.0
1768064400000,0.5782,0.5806,0.5732,0.5739,1084247.0
1768068000000,0.5738,0.5763,0.5714,0.576,1034007.0
1768071600000,0.576,0.5808,0.576,0.5807,1228817.0
1768075200000,0.5808,0.5814,0.5767,0.577,640677.0
1768078800000,0.5769,0.5771,0.5733,0.5734,775372.0
1768082400000,0.5734,0.5744,0.5686,0.569,1497156.0
1768086000000,0.569,0.5724,0.5689,0.5717,1105875.0
1768089600000,0.5717,0.5733,0.5697,0.5723,915946.0
1768093200000,0.5723,0.574,0.5704,0.5734,471326.0
1768096800000,0.5735,0.5755,0.5724,0.5725,561016.0
1768100400000,0.5726,0.574,0.5722,0.5731,432192.0
1768104000000,0.573,0.5731,0.5706,0.5726,641871.0
1768107600000,0.5727,0.5733,0.5714,0.5723,702512.0
1768111200000,0.5723,0.5747,0.569,0.5742,1203169.0
1768114800000,0.5742,0.5754,0.5728,0.5753,562069.0
1768118400000,0.5752,0.5778,0.5737,0.5766,885768.0
1768122000000,0.5765,0.5802,0.5761,0.5778,921615.0
1768125600000,0.5777,0.5794,0.5763,0.5771,598799.0
1768129200000,0.5773,0.5822,0.576,0.5816,1933725.0
1768132800000,0.5817,0.5852,0.5811,0.5839,1822673.0
1768136400000,0.5839,0.584,0.5776,0.5782,1714818.0
1768140000000,0.5782,0.584,0.5777,0.5826,830139.0
1768143600000,0.5827,0.5836,0.5678,0.5723,4386330.0
1768147200000,0.5722,0.5806,0.5704,0.5757,4032773.0
1768150800000,0.5757,0.579,0.572,0.5782,1829465.0
1768154400000,0.5783,0.5784,0.5739,0.5767,749203.0
1768158000000,0.5767,0.5791,0.5744,0.5751,755837.0
1768161600000,0.5751,0.5751,0.5655,0.5669,3232140.0
1768165200000,0.5668,0.57,0.562,0.5692,2452020.0
1768168800000,0.5692,0.5692,0.5597,0.5621,3078772.0
1768172400000,0.562,0.5688,0.5571,0.5685,3094732.0
1768176000000,0.5684,0.5716,0.5595,0.5703,3625401.0
1768179600000,0.5703,0.5773,0.5685,0.5735,4476181.0
1768183200000,0.5736,0.587,0.5736,0.5855,3890757.0
1768186800000,0.5857,0.5903,0.5807,0.5813,3295285.0
1768190400000,0.5812,0.5862,0.5784,0.5858,2600325.0
1768194000000,0.5858,0.589,0.5821,0.584,2203886.0
1768197600000,0.5839,0.5841,0.5756,0.5772,2685846.0
1768201200000,0.5771,0.5804,0.5659,0.5702,6192792.0
1768204800000,0.5703,0.5744,0.561,0.5663,6152558.0
1768208400000,0.5663,0.5675,0.5611,0.564,3089754.0
1768212000000,0.5641,0.5667,0.5619,0.5635,1640520.0
1768215600000,0.5634,0.5684,0.5631,0.5663,1180667.0
1768219200000,0.5663,0.5679,0.563,0.5636,1744221.0
1768222800000,0.5637,0.5649,0.5536,0.5562,5889954.0
1768226400000,0.5561,0.5671,0.5525,0.5645,6491674.0
1768230000000,0.5646,0.5727,0.563,0.5706,5552653.0
1768233600000,0.5705,0.5779,0.5677,0.5732,3433536.0
1768237200000,0.5732,0.5747,0.56,0.5642,4341895.0
1768240800000,0.5642,0.5671,0.5603,0.5628,1729414.0
1768244400000,0.5628,0.5648,0.5591,0.5639,1382621.0
1768248000000,0.5639,0.5678,0.5581,0.5589,2016722.0
1768251600000,0.5588,0.5597,0.5528,0.5556,2646858.0
1768255200000,0.5556,0.5587,0.5549,0.5566,1385693.0
1768258800000,0.5566,0.5568,0.5531,0.5557,1431866.0
1768262400000,0.5558,0.5592,0.5549,0.5583,1817794.0
1768266000000,0.5583,0.5601,0.5551,0.5572,1592332.0
1768269600000,0.5572,0.5622,0.557,0.5572,1365744.0
1768273200000,0.5571,0.5604,0.5549,0.5593,1474648.0
1768276800000,0.5594,0.5612,0.5568,0.5611,1107447.0
1768280400000,0.5611,0.5689,0.5611,0.5639,2964995.0
1768284000000,0.564,0.5683,0.5627,0.5671,1847979.0
1768287600000,0.5672,0.5674,0.5628,0.5657,1693719.0
1768291200000,0.5657,0.5682,0.5628,0.5674,1478829.0
1768294800000,0.5673,0.5707,0.5665,0.5685,2640712.0
1768298400000,0.5685,0.5715,0.5666,0.5699,1207666.0
1768302000000,0.5699,0.5756,0.5684,0.5722,1979993.0
1768305600000,0.5722,0.5753,0.5705,0.5744,1651708.0
1768309200000,0.5743,0.5839,0.5736,0.5818,7369096.0
1768312800000,0.5818,0.5993,0.5796,0.5883,10903081.0
1768316400000,0.5882,0.6074,0.5851,0.6073,8318949.0
1768320000000,0.6072,0.6139,0.6007,0.609,10401769.0
1768323600000,0.6089,0.6099,0.601,0.604,3761812.0
1768327200000,0.604,0.6076,0.5992,0.6009,3618986.0
1768330800000,0.6008,0.6064,0.5975,0.6057,2435379.0
1768334400000,0.6057,0.6069,0.5966,0.5984,2542774.0
1768338000000,0.5984,0.603,0.5982,0.602,1386498.0
1768341600000,0.6021,0.6275,0.6019,0.624,9897538.0
1768345200000,0.6241,0.6281,0.6141,0.6175,4481719.0
1768348800000,0.6175,0.6223,0.6147,0.6202,3780679.0
1768352400000,0.6201,0.622,0.6161,0.6173,2830538.0
1768356000000,0.6173,0.6207,0.6142,0.6159,2227580.0
1768359600000,0.6158,0.6201,0.6127,0.6198,2551687.0
1768363200000,0.6197,0.6212,0.6138,0.6146,3225884.0
1768366800000,0.6145,0.6145,0.6083,0.6129,2576458.0
1768370400000,0.6128,0.6151,0.607,0.6143,2375942.0
1768374000000,0.6142,0.616,0.6083,0.6093,1711779.0
1768377600000,0.6093,0.6116,0.6073,0.6074,1661294.0
1768381200000,0.6073,0.6137,0.6072,0.6133,2503589.0
1768384800000,0.6132,0.6152,0.6091,0.6096,3066910.0
1768388400000,0.6095,0.6097,0.6031,0.6051,3283987.0
1768392000000,0.605,0.609,0.6037,0.6071,2045089.0
1768395600000,0.607,0.6078,0.5973,0.5998,4227913.0
1768399200000,0.5997,0.6128,0.5994,0.6088,5561306.0
1768402800000,0.6089,0.6152,0.6051,0.6128,5893219.0
1768406400000,0.6129,0.6217,0.6129,0.6167,6277908.0
1768410000000,0.6168,0.6181,0.6059,0.6077,5271958.0
1768413600000,0.6077,0.6103,0.5929,0.5982,6272327.0
1768417200000,0.5982,0.6111,0.5969,0.605,4124345.0
1768420800000,0.605,0.6105,0.6009,0.6045,2311306.0
1768424400000,0.6044,0.606,0.5973,0.6015,2151015.0
1768428000000,0.6015,0.6017,0.5936,0.5946,2331723.0
1768431600000,0.5947,0.6009,0.5947,0.5991,1250732.0
1768435200000,0.5992,0.5994,0.5944,0.5972,2194581.0
1768438800000,0.5972,0.6019,0.5936,0.5952,2766869.0
1768442400000,0.5951,0.5962,0.5871,0.5887,3850080.0
1768446000000,0.5887,0.5902,0.5765,0.5778,5764688.0
1768449600000,0.5778,0.5831,0.5766,0.5816,3047667.0
1768453200000,0.5816,0.5862,0.581,0.5853,2717625.0
1768456800000,0.5852,0.5871,0.5829,0.5842,2292843.0
1768460400000,0.5843,0.594,0.5841,0.5921,4081588.0
1768464000000,0.592,0.5933,0.5884,0.5913,2611036.0
1768467600000,0.5912,0.5952,0.5871,0.594,3832460.0
1768471200000,0.594,0.5948,0.5898,0.5908,1904488.0
1768474800000,0.5909,0.592,0.5869,0.5883,2434964.0
1768478400000,0.5882,0.5931,0.5874,0.5926,2885814.0
1768482000000,0.5926,0.5973,0.5916,0.5946,3200165.0
1768485600000,0.5945,0.5952,0.5806,0.5841,6737163.0
1768489200000,0.584,0.5887,0.5657,0.5751,11554433.0
1768492800000,0.575,0.5789,0.57,0.5762,4099333.0
1768496400000,0.5762,0.5782,0.5667,0.5681,4448893.0
1768500000000,0.5682,0.5701,0.5587,0.5599,4946276.0
1768503600000,0.5599,0.5611,0.5551,0.5599,4013411.0
1768507200000,0.5599,0.5623,0.5534,0.555,2972694.0
1768510800000,0.555,0.5614,0.5546,0.5606,1656555.0
1768514400000,0.5605,0.5653,0.5598,0.5628,1863539.0
1768518000000,0.5627,0.5634,0.5603,0.5632,1326761.0
1768521600000,0.5632,0.5652,0.5607,0.5609,1891389.0
1768525200000,0.561,0.5627,0.5593,0.5599,2107093.0
1768528800000,0.5599,0.5624,0.5561,0.562,2224782.0
1768532400000,0.5621,0.5624,0.5587,0.5593,1152351.0
1768536000000,0.5594,0.5615,0.555,0.5571,3341488.0
1768539600000,0.557,0.5632,0.5565,0.5612,2216004.0
1768543200000,0.5612,0.5638,0.5603,0.5637,1463556.0
1768546800000,0.5637,0.5655,0.5624,0.5638,1875485.0
1768550400000,0.5638,0.5676,0.5635,0.5672,1891602.0
1768554000000,0.5672,0.5696,0.5666,0.5676,1881181.0
1768557600000,0.5676,0.5678,0.5622,0.5627,2373272.0
1768561200000,0.5627,0.565,0.5604,0.5639,2041561.0
1768564800000,0.5638,0.5647,0.5619,0.563,1187616.0
1768568400000,0.563,0.563,0.5574,0.5592,2673883.0
1768572000000,0.5592,0.5629,0.558,0.5592,2597335.0
1768575600000,0.5592,0.5629,0.5379,0.5434,12943773.0
1768579200000,0.5433,0.5498,0.5418,0.5468,4824803.0
1768582800000,0.5469,0.5516,0.5427,0.5512,2619643.0
1768586400000,0.5511,0.5526,0.5481,0.549,1701812.0
1768590000000,0.5489,0.5509,0.5446,0.5489,2160506.0
1768593600000,0.549,0.5574,0.5461,0.557,2758271.0
1768597200000,0.5571,0.5597,0.5546,0.555,2537889.0
1768600800000,0.555,0.5557,0.553,0.5557,1182776.0
1768604400000,0.5557,0.5571,0.5543,0.5545,898091.0
1768608000000,0.5546,0.5566,0.5521,0.5563,1693515.0
1768611600000,0.5562,0.5577,0.5548,0.5556,1309654.0
1768615200000,0.5557,0.5567,0.5535,0.5547,1647500.0
1768618800000,0.5546,0.5547,0.5508,0.5526,1276505.0
1768622400000,0.5526,0.5556,0.5505,0.5543,1333855.0
1768626000000,0.5544,0.5564,0.5534,0.554,1140880.0
1768629600000,0.554,0.5548,0.5526,0.5534,801340.0
1768633200000,0.5533,0.5585,0.5518,0.5572,1723491.0
1768636800000,0.5571,0.5594,0.5562,0.5584,1803603.0
1768640400000,0.5585,0.5591,0.555,0.555,1140638.0
1768644000000,0.555,0.5583,0.5546,0.5552,1190467.0
1768647600000,0.5552,0.5555,0.5523,0.5524,1336281.0
1768651200000,0.5523,0.5566,0.5516,0.5559,1404923.0
1768654800000,0.556,0.5576,0.5546,0.5553,1455536.0
1768658400000,0.5552,0.565,0.5534,0.5648,4021072.0
1768662000000,0.5648,0.5656,0.559,0.5627,3844113.0
1768665600000,0.5626,0.5635,0.5537,0.5565,3834603.0
1768669200000,0.5565,0.5587,0.5538,0.5556,1359231.0
1768672800000,0.5555,0.5569,0.5537,0.5562,872767.0
1768676400000,0.5562,0.5578,0.5544,0.556,854578.0
1768680000000,0.556,0.5575,0.5547,0.5554,623850.0
1768683600000,0.5554,0.5554,0.5527,0.555,863127.0
1768687200000,0.555,0.555,0.5453,0.5493,3001798.0
1768690800000,0.5493,0.5505,0.5482,0.5499,1223696.0
1768694400000,0.5499,0.553,0.5477,0.5491,1996590.0
1768698000000,0.549,0.5497,0.5422,0.5442,4501507.0
1768701600000,0.5441,0.5468,0.5425,0.5445,1610933.0
1768705200000,0.5445,0.5474,0.5442,0.5454,939323.0
1768708800000,0.5453,0.5459,0.5433,0.5458,978510.0
1768712400000,0.5458,0.5462,0.5438,0.5461,1136524.0
1768716000000,0.5461,0.547,0.5438,0.5454,1232955.0
1768719600000,0.5453,0.5453,0.5409,0.5433,2359811.0
1768723200000,0.5434,0.5444,0.5418,0.5423,1643013.0
1768726800000,0.5423,0.5434,0.5366,0.541,8082740.0
1768730400000,0.5411,0.5433,0.5397,0.5424,1617308.0
1768734000000,0.5423,0.5437,0.5417,0.5421,1102113.0
1768737600000,0.5421,0.5424,0.5386,0.5393,1411292.0
1768741200000,0.5393,0.5425,0.5382,0.541,2707363.0
1768744800000,0.5411,0.5451,0.5374,0.5379,2689817.0
1768748400000,0.5379,0.5421,0.5363,0.5415,2423550.0
1768752000000,0.5414,0.544,0.5402,0.5405,1635713.0
1768755600000,0.5405,0.5418,0.5383,0.5409,1898934.0
1768759200000,0.5409,0.5466,0.5401,0.5441,2144580.0
1768762800000,0.5441,0.5451,0.5373,0.539,1090813.0
1768766400000,0.5389,0.5446,0.5378,0.5429,1356741.0
1768770000000,0.543,0.5443,0.5417,0.5421,1099147.0
1768773600000,0.5422,0.5447,0.5418,0.5442,793019.0
1768777200000,0.5441,0.5441,0.5122,0.5141,19632397.0
1768780800000,0.5141,0.5142,0.4485,0.4854,71853813.0
1768784400000,0.4854,0.4883,0.4824,0.4861,6321628.0
1768788000000,0.4861,0.4904,0.4841,0.4887,5226778.0
1768791600000,0.4886,0.4915,0.4878,0.4903,3074522.0
1768795200000,0.4904,0.4927,0.4874,0.4875,3245073.0
1768798800000,0.4874,0.4906,0.4859,0.4894,4439197.0
1768802400000,0.4894,0.4907,0.4866,0.4897,2563620.0
1768806000000,0.4898,0.4952,0.4897,0.4918,3553562.0
1768809600000,0.4918,0.4951,0.4904,0.4927,2674099.0
1768813200000,0.4928,0.4937,0.4912,0.4925,1126923.0
1768816800000,0.4926,0.4939,0.491,0.4936,937217.0
1768820400000,0.4937,0.4959,0.493,0.4948,1912931.0
1768824000000,0.4948,0.4982,0.4919,0.4964,2445808.0
1768827600000,0.4964,0.5006,0.4935,0.4949,3260832.0
1768831200000,0.495,0.4995,0.494,0.4976,1897755.0
1768834800000,0.4977,0.499,0.4932,0.4957,2871741.0
1768838400000,0.4956,0.5037,0.4944,0.5025,2747459.0
1768842000000,0.5025,0.5046,0.5006,0.5029,2306045.0
1768845600000,0.5029,0.5062,0.5024,0.5058,1558473.0
1768849200000,0.5058,0.5095,0.5058,0.5074,2373134.0
1768852800000,0.5074,0.5081,0.5047,0.5058,1099530.0
1768856400000,0.5059,0.5076,0.5026,0.5035,1161729.0
1768860000000,0.5034,0.5052,0.4996,0.4998,1605838.0
1768863600000,0.4997,0.5065,0.4991,0.5054,2172846.0
1768867200000,0.5053,0.5054,0.5005,0.5012,1932712.0
1768870800000,0.5012,0.5048,0.4989,0.5017,1403086.0
1768874400000,0.5017,0.5025,0.4984,0.5009,2123765.0
1768878000000,0.5009,0.5022,0.4977,0.5007,1956000.0
1768881600000,0.5006,0.5026,0.4987,0.4992,1327965.0
1768885200000,0.4992,0.5023,0.4961,0.4998,4673796.0
1768888800000,0.4997,0.4998,0.4909,0.4935,7222651.0
1768892400000,0.4934,0.4959,0.4913,0.4916,2289420.0
1768896000000,0.4915,0.4922,0.4841,0.4879,7198950.0
1768899600000,0.4878,0.4884,0.4838,0.4864,2687823.0
1768903200000,0.4865,0.4916,0.4859,0.4888,1975555.0
1768906800000,0.4889,0.4911,0.4862,0.4865,2434437.0
1768910400000,0.4866,0.4894,0.4862,0.4881,1888752.0
1768914000000,0.488,0.4881,0.4802,0.4811,4796381.0
1768917600000,0.4811,0.4898,0.4782,0.4839,11305120.0
1768921200000,0.4839,0.4843,0.4733,0.4794,13932047.0
1768924800000,0.4793,0.4834,0.4734,0.4757,6193694.0
1768928400000,0.4756,0.4801,0.4694,0.4726,5860947.0
1768932000000,0.4725,0.474,0.4677,0.4695,4229844.0
1768935600000,0.4695,0.4732,0.4681,0.4706,1856307.0
1768939200000,0.4705,0.4755,0.4686,0.4739,3466217.0
1768942800000,0.4739,0.4743,0.4687,0.4701,1474836.0
1768946400000,0.4701,0.4715,0.4607,0.4685,7830702.0
1768950000000,0.4684,0.4689,0.4646,0.4663,2513445.0
1768953600000,0.4663,0.4775,0.466,0.4768,4004159.0
1768957200000,0.4769,0.4806,0.476,0.478,3674492.0
1768960800000,0.478,0.4837,0.4774,0.4836,3430974.0
1768964400000,0.4836,0.4852,0.4825,0.4829,2185000.0
1768968000000,0.4829,0.4864,0.4825,0.4859,1491696.0
1768971600000,0.486,0.4867,0.483,0.4857,2483598.0
1768975200000,0.4857,0.4861,0.4834,0.4841,1597447.0
1768978800000,0.484,0.4877,0.4821,0.4831,2471117.0
1768982400000,0.483,0.4857,0.4802,0.4827,2737518.0
1768986000000,0.4826,0.4831,0.481,0.4822,1751688.0
1768989600000,0.4822,0.485,0.4806,0.4809,2115494.0
1768993200000,0.4808,0.4811,0.4742,0.4754,3839187.0
1768996800000,0.4754,0.4767,0.4689,0.4757,5575693.0
1769000400000,0.4758,0.4775,0.4703,0.4718,2756354.0
1769004000000,0.4717,0.4878,0.4713,0.485,11834814.0
1769007600000,0.4849,0.4896,0.4792,0.4852,8660421.0
1769011200000,0.4852,0.4861,0.4647,0.466,11778696.0
1769014800000,0.466,0.4715,0.4611,0.467,9290860.0
1769018400000,0.4669,0.471,0.4636,0.469,5794747.0
1769022000000,0.469,0.488,0.467,0.4877,7509716.0
1769025600000,0.4878,0.4886,0.4786,0.4856,3723396.0
1769029200000,0.4856,0.4886,0.4838,0.4848,3131432.0
1769032800000,0.4848,0.4875,0.4817,0.482,2028067.0
1769036400000,0.4821,0.4828,0.4738,0.4758,3071280.0
1769040000000,0.4758,0.4819,0.4753,0.4804,2309946.0
1769043600000,0.4804,0.4862,0.4799,0.4853,2712182.0
1769047200000,0.4853,0.4865,0.4826,0.4831,1859559.0
1769050800000,0.483,0.4844,0.4782,0.4802,2007292.0
1769054400000,0.4802,0.4833,0.4797,0.4823,1860542.0
1769058000000,0.4823,0.4833,0.4799,0.4815,1744315.0
1769061600000,0.4815,0.4827,0.4784,0.4821,2096437.0
1769065200000,0.4821,0.4826,0.4792,0.4796,1569033.0
1769068800000,0.4796,0.4813,0.4763,0.4804,3293720.0
1769072400000,0.4804,0.4844,0.4793,0.4818,2204780.0
1769076000000,0.4819,0.4821,0.4806,0.4817,1703103.0
1769079600000,0.4816,0.4816,0.4784,0.4791,1814335.0
1769083200000,0.479,0.4799,0.4769,0.4787,1598567.0
1769086800000,0.4787,0.4818,0.4741,0.476,3005273.0
1769090400000,0.4759,0.476,0.4681,0.4703,8491173.0
1769094000000,0.4703,0.4749,0.4651,0.4714,6185778.0
1769097600000,0.4714,0.476,0.4699,0.4745,4406241.0
1769101200000,0.4746,0.4759,0.4711,0.4755,2451797.0
1769104800000,0.4755,0.4759,0.4711,0.4714,2334625.0
1769108400000,0.4714,0.4749,0.4697,0.4728,1987600.0
1769112000000,0.4727,0.4737,0.4678,0.4692,2455137.0
1769115600000,0.4693,0.4725,0.469,0.4712,1280564.0
1769119200000,0.4713,0.4733,0.4693,0.4717,1923113.0
1769122800000,0.4717,0.4725,0.469,0.4717,738260.0
1769126400000,0.4718,0.4739,0.4713,0.4726,1196926.0
1769130000000,0.4726,0.4773,0.4725,0.477,1845467.0
1769133600000,0.477,0.4775,0.4748,0.4749,1182787.0
1769137200000,0.4749,0.4809,0.4747,0.4795,2036294.0
1769140800000,0.4795,0.4832,0.4792,0.4822,2248613.0
1769144400000,0.4822,0.4823,0.4784,0.4806,1670446.0
1769148000000,0.4805,0.4817,0.4762,0.4764,1857967.0
1769151600000,0.4764,0.4782,0.4757,0.4764,1415470.0
1769155200000,0.4764,0.4769,0.4706,0.472,2592968.0
1769158800000,0.4719,0.4735,0.4708,0.4722,1647468.0
1769162400000,0.4723,0.4736,0.4705,0.4715,1769386.0
1769166000000,0.4714,0.4744,0.4713,0.4736,1104411.0
1769169600000,0.4736,0.474,0.4715,0.4724,842253.0
1769173200000,0.4724,0.4738,0.4711,0.4717,900672.0
1769176800000,0.4717,0.4728,0.4555,0.4606,11724502.0
1769180400000,0.4606,0.4735,0.4591,0.4726,6321302.0
1769184000000,0.4726,0.4787,0.4679,0.4753,5544787.0
1769187600000,0.4754,0.4867,0.4713,0.4799,9182210.0
1769191200000,0.4799,0.4828,0.4777,0.4792,3949343.0
1769194800000,0.4792,0.4792,0.4688,0.4709,5798380.0
1769198400000,0.4708,0.4719,0.4637,0.4663,3171947.0
1769202000000,0.4662,0.4702,0.4657,0.4675,1409230.0
1769205600000,0.4675,0.4707,0.4672,0.4703,1081183.0
1769209200000,0.4702,0.4702,0.4669,0.4679,874574.0
1769212800000,0.468,0.4697,0.467,0.467,1336998.0
1769216400000,0.4669,0.4687,0.4657,0.4686,1181090.0
1769220000000,0.4687,0.4698,0.4683,0.469,780169.0
1769223600000,0.4691,0.4756,0.4686,0.4739,1629501.0
1769227200000,0.4738,0.4743,0.4709,0.472,1012987.0
1769230800000,0.472,0.4721,0.4693,0.4714,888641.0
1769234400000,0.4715,0.4729,0.4712,0.4719,685423.0
1769238000000,0.4718,0.473,0.4707,0.4707,838203.0
1769241600000,0.4707,0.4741,0.4701,0.474,1050545.0
1769245200000,0.474,0.474,0.4716,0.4719,650144.0
1769248800000,0.4719,0.4738,0.471,0.4735,785616.0
1769252400000,0.4734,0.476,0.4734,0.4753,1509565.0
1769256000000,0.4753,0.4775,0.4749,0.4767,1532921.0
1769259600000,0.4767,0.4771,0.4725,0.4726,993497.0
1769263200000,0.4727,0.4763,0.4717,0.4749,1458618.0
1769266800000,0.4749,0.476,0.4699,0.4705,2047961.0
1769270400000,0.4705,0.4719,0.4672,0.4704,2430271.0
1769274000000,0.4705,0.4721,0.4687,0.4721,1665779.0
1769277600000,0.4721,0.4726,0.4707,0.4714,699028.0
1769281200000,0.4714,0.4716,0.4701,0.4703,677288.0
1769284800000,0.4703,0.4726,0.4702,0.4709,558837.0
1769288400000,0.4708,0.4708,0.4684,0.4694,855255.0
1769292000000,0.4694,0.4708,0.4687,0.4705,800951.0
1769295600000,0.4706,0.4712,0.4691,0.471,1296335.0
1769299200000,0.4711,0.4721,0.4691,0.4717,1710249.0
1769302800000,0.4718,0.4725,0.4661,0.4679,2177931.0
1769306400000,0.468,0.4701,0.4675,0.4685,811435.0
1769310000000,0.4685,0.4696,0.4631,0.4656,3143809.0
1769313600000,0.4656,0.4684,0.4647,0.4668,1033430.0
1769317200000,0.4668,0.4689,0.4666,0.4689,854336.0
1769320800000,0.4688,0.4702,0.4672,0.4678,1121814.0
1769324400000,0.4677,0.4679,0.4653,0.4674,1216977.0
1769328000000,0.4674,0.4688,0.4634,0.4655,1812007.0
1769331600000,0.4654,0.4713,0.465,0.4693,1767589.0
1769335200000,0.4693,0.4732,0.4693,0.472,1643878.0
1769338800000,0.4719,0.4736,0.4696,0.4703,1603657.0
1769342400000,0.4702,0.4702,0.4657,0.4685,2618223.0
1769346000000,0.4685,0.4694,0.4666,0.4682,1035247.0
1769349600000,0.4682,0.4686,0.4616,0.4649,3492901.0
1769353200000,0.4649,0.4669,0.4628,0.4642,2029117.0
1769356800000,0.4641,0.4641,0.4476,0.4527,14893679.0
1769360400000,0.4527,0.454,0.4495,0.4507,2651243.0
1769364000000,0.4507,0.4521,0.4407,0.4449,11541274.0
1769367600000,0.4448,0.446,0.4321,0.4356,11769458.0
1769371200000,0.4356,0.4396,0.4328,0.4385,5116501.0
1769374800000,0.4385,0.4425,0.4383,0.4404,4136021.0
1769378400000,0.4405,0.4409,0.4359,0.4384,2115697.0
1769382000000,0.4384,0.4435,0.4362,0.4423,2896101.0
1769385600000,0.4424,0.4466,0.4413,0.4466,3892443.0
1769389200000,0.4466,0.456,0.4463,0.4539,4705251.0
1769392800000,0.4539,0.4542,0.4504,0.4527,1649650.0
1769396400000,0.4528,0.4548,0.4489,0.4506,1525425.0
1769400000000,0.4506,0.4567,0.4506,0.4531,1894728.0
1769403600000,0.4532,0.4549,0.4525,0.4537,1157515.0
1769407200000,0.4537,0.4562,0.4519,0.4561,1955351.0
1769410800000,0.4561,0.4579,0.4543,0.4564,2297980.0
1769414400000,0.4564,0.4614,0.4559,0.457,3291225.0
1769418000000,0.4569,0.457,0.4518,0.4526,2219786.0
1769421600000,0.4525,0.4556,0.4523,0.4556,1335524.0
1769425200000,0.4556,0.4569,0.454,0.4551,1379373.0
1769428800000,0.4551,0.4573,0.4551,0.4568,1366606.0
1769432400000,0.4568,0.4603,0.4565,0.4592,1781581.0
1769436000000,0.4591,0.4653,0.4558,0.4635,6539252.0
1769439600000,0.4634,0.4704,0.4595,0.4611,9084581.0
1769443200000,0.4611,0.4655,0.4597,0.4621,4210426.0
1769446800000,0.4621,0.4635,0.4572,0.4614,3881559.0
1769450400000,0.4613,0.4658,0.4599,0.4639,3078019.0
1769454000000,0.4639,0.4658,0.4594,0.4596,1865353.0
1769457600000,0.4596,0.4603,0.4552,0.4561,1953804.0
1769461200000,0.4561,0.4632,0.4554,0.4609,3096437.0
1769464800000,0.4609,0.4631,0.4596,0.4604,1393866.0
1769468400000,0.4603,0.4616,0.4585,0.459,1093416.0
1769472000000,0.4589,0.4593,0.4569,0.4583,1912672.0
1769475600000,0.4582,0.4613,0.456,0.4595,2301373.0
1769479200000,0.4595,0.4614,0.4577,0.4587,1641237.0
1769482800000,0.4586,0.4594,0.4553,0.4561,1976505.0
1769486400000,0.456,0.4589,0.4554,0.4567,1912982.0
1769490000000,0.4568,0.457,0.454,0.455,2004897.0
1769493600000,0.455,0.4555,0.4533,0.4539,1016557.0
1769497200000,0.454,0.4569,0.4534,0.4544,2911353.0
1769500800000,0.4544,0.4573,0.4541,0.4558,3140759.0
1769504400000,0.4557,0.4558,0.4524,0.4528,1784048.0
1769508000000,0.4529,0.4557,0.4528,0.4554,1335948.0
1769511600000,0.4554,0.4573,0.4547,0.4557,1329388.0
1769515200000,0.4556,0.4565,0.4538,0.4555,995705.0
1769518800000,0.4556,0.4567,0.4529,0.4545,2409248.0
1769522400000,0.4545,0.4593,0.4534,0.4543,4951470.0
1769526000000,0.4544,0.4595,0.4529,0.4591,4594167.0
1769529600000,0.4591,0.4676,0.4587,0.4649,6584843.0
1769533200000,0.4649,0.4655,0.4481,0.4505,9274463.0
1769536800000,0.4504,0.461,0.4489,0.4588,3751337.0
1769540400000,0.4588,0.462,0.4569,0.4603,1833806.0
1769544000000,0.4603,0.4689,0.4599,0.4679,4112878.0
1769547600000,0.4679,0.4683,0.4616,0.4619,1569928.0
1769551200000,0.4619,0.4658,0.4618,0.4644,1761280.0
1769554800000,0.4645,0.466,0.463,0.4649,1677428.0
1769558400000,0.4649,0.4654,0.4611,0.465,1911980.0
1769562000000,0.465,0.4656,0.4617,0.4641,2069169.0
1769565600000,0.464,0.4654,0.4622,0.4632,1251214.0
1769569200000,0.4632,0.4638,0.4615,0.4621,1106332.0
1769572800000,0.462,0.4623,0.4583,0.4598,2441840.0
1769576400000,0.4599,0.4619,0.459,0.4615,1637441.0
1769580000000,0.4615,0.4643,0.4606,0.4637,1486822.0
1769583600000,0.4636,0.464,0.4602,0.4613,1525087.0
1769587200000,0.4614,0.4629,0.4597,0.4603,1489101.0
1769590800000,0.4602,0.4665,0.4595,0.4664,2445499.0
1769594400000,0.4664,0.4672,0.4626,0.4626,2022695.0
1769598000000,0.4627,0.4678,0.4622,0.4675,2161348.0
1769601600000,0.4675,0.4687,0.4617,0.4629,3678002.0
1769605200000,0.463,0.4656,0.4619,0.4628,2262959.0
1769608800000,0.4628,0.4635,0.4581,0.4596,4550233.0
1769612400000,0.4596,0.4621,0.4538,0.4582,6698200.0
1769616000000,0.4582,0.4597,0.4542,0.4568,4418548.0
1769619600000,0.4567,0.4629,0.4544,0.4605,3211241.0
1769623200000,0.4605,0.4605,0.4554,0.4576,3092416.0
1769626800000,0.4576,0.4599,0.4538,0.458,4118709.0
1769630400000,0.458,0.4642,0.4571,0.4585,3395944.0
1769634000000,0.4585,0.5649,0.4548,0.5464,185077694.0
1769637600000,0.5464,0.6533,0.531,0.6303,80811722.0
1769641200000,0.6303,0.6561,0.5814,0.5841,94229422.0
1769644800000,0.5841,0.5941,0.5445,0.561,79011790.0
1769648400000,0.5609,0.5655,0.5444,0.5504,29216957.0
1769652000000,0.5503,0.5549,0.5283,0.5346,45328115.0
1769655600000,0.5345,0.5389,0.5226,0.5297,32499843.0
1769659200000,0.5297,0.5297,0.5173,0.5249,21513445.0
1769662800000,0.5248,0.533,0.5104,0.5157,29286309.0
1769666400000,0.5157,0.5195,0.5052,0.5086,26888171.0
1769670000000,0.5086,0.5152,0.5055,0.5072,14191232.0
1769673600000,0.5073,0.5155,0.4973,0.5048,31994906.0
1769677200000,0.5048,0.5059,0.4675,0.4831,30250158.0
1769680800000,0.4831,0.4925,0.483,0.4898,17587104.0
1769684400000,0.4899,0.4902,0.4847,0.486,10725145.0
1769688000000,0.4859,0.4879,0.4772,0.4814,17026142.0
1769691600000,0.4814,0.4854,0.4787,0.4834,11539392.0
1769695200000,0.4834,0.4872,0.476,0.4789,14104760.0
1769698800000,0.4789,0.4905,0.4713,0.4887,47442133.0
1769702400000,0.4887,0.4963,0.4756,0.4811,33323269.0
1769706000000,0.4811,0.4855,0.4776,0.4826,13763283.0
1769709600000,0.4827,0.4875,0.4753,0.4771,18427470.0
1769713200000,0.477,0.4798,0.473,0.4747,8741755.0
1769716800000,0.4746,0.4755,0.4645,0.4726,11432227.0
1769720400000,0.4726,0.4771,0.4726,0.4771,5439043.0
1769724000000,0.4771,0.4831,0.4754,0.4793,5657151.0
1769727600000,0.4793,0.4887,0.4765,0.477,11108815.0
1769731200000,0.477,0.48,0.4678,0.4701,15516064.0
1769734800000,0.4702,0.475,0.4398,0.461,36074224.0
1769738400000,0.4611,0.4613,0.4494,0.4516,16843598.0
1769742000000,0.4517,0.4555,0.4515,0.4529,6052812.0
1769745600000,0.4529,0.4738,0.4522,0.4662,11991275.0
1769749200000,0.4663,0.4696,0.4638,0.4664,6147981.0
1769752800000,0.4665,0.4692,0.4565,0.4603,10518120.0
1769756400000,0.4603,0.4642,0.4577,0.4612,7038615.0
1769760000000,0.4612,0.4623,0.4554,0.4573,6755767.0
1769763600000,0.4574,0.4597,0.4529,0.4589,7177403.0
1769767200000,0.4589,0.4624,0.458,0.4609,4703349.0
1769770800000,0.4609,0.4698,0.4605,0.4665,7496459.0
1769774400000,0.4664,0.4681,0.4618,0.4655,7100560.0
1769778000000,0.4655,0.4692,0.462,0.4638,8371164.0
1769781600000,0.4639,0.4693,0.4633,0.4648,7287844.0
1769785200000,0.4649,0.4692,0.4574,0.4652,15674650.0
1769788800000,0.4652,0.4736,0.4631,0.4693,10632660.0
1769792400000,0.4694,0.4741,0.4669,0.4699,6498354.0
1769796000000,0.4698,0.4778,0.4563,0.4751,12683148.0
1769799600000,0.4752,0.482,0.4744,0.4782,5920504.0
1769803200000,0.4782,0.4793,0.4713,0.4736,7298855.0
1769806800000,0.4736,0.4811,0.473,0.4782,5247287.0
1769810400000,0.4781,0.4782,0.4718,0.4733,2691422.0
1769814000000,0.4733,0.4741,0.4653,0.4694,4404797.0
1769817600000,0.4694,0.4702,0.4625,0.4634,4626165.0
1769821200000,0.4635,0.4651,0.4602,0.4635,2828712.0
1769824800000,0.4634,0.4652,0.4604,0.4607,2393205.0
1769828400000,0.4607,0.4615,0.4557,0.456,3336979.0
1769832000000,0.4559,0.457,0.4532,0.4552,4402143.0
1769835600000,0.4552,0.4581,0.4518,0.4574,3225781.0
1769839200000,0.4574,0.4575,0.4504,0.4522,3643257.0
1769842800000,0.4522,0.4533,0.4463,0.4492,5043052.0
1769846400000,0.4491,0.4513,0.4404,0.445,12669736.0
1769850000000,0.445,0.448,0.4427,0.4444,4228445.0
1769853600000,0.4445,0.446,0.4422,0.4428,2806834.0
1769857200000,0.4428,0.4428,0.4378,0.4404,4496331.0
1769860800000,0.4404,0.4432,0.4388,0.4411,4689977.0
1769864400000,0.4412,0.4429,0.4372,0.4397,3857836.0
1769868000000,0.4396,0.4405,0.4088,0.4184,36672351.0
1769871600000,0.4184,0.4253,0.4152,0.4166,9005442.0
1769875200000,0.4166,0.4201,0.4106,0.414,10680299.0
1769878800000,0.414,0.4146,0.3822,0.3946,35749933.0
1769882400000,0.3947,0.3964,0.3638,0.3861,32655111.0
1769886000000,0.3862,0.3959,0.3861,0.3922,11270482.0
1769889600000,0.3922,0.4063,0.3909,0.4037,10626075.0
1769893200000,0.4037,0.4159,0.4024,0.4127,9333326.0
1769896800000,0.4128,0.4144,0.4076,0.4104,3634374.0
1769900400000,0.4104,0.4184,0.409,0.4131,5678162.0
1769904000000,0.4132,0.4176,0.4131,0.4161,4424411.0
1769907600000,0.4161,0.4162,0.4072,0.4129,5420361.0
1769911200000,0.413,0.4149,0.411,0.4123,3189026.0
1769914800000,0.4123,0.4146,0.4096,0.4114,3315480.0
1769918400000,0.4113,0.4134,0.4107,0.4112,2346168.0
1769922000000,0.4113,0.4139,0.4083,0.4111,2456250.0
1769925600000,0.4111,0.4132,0.4095,0.4106,2505839.0
1769929200000,0.4107,0.4147,0.4083,0.4117,2978370.0
1769932800000,0.4116,0.4135,0.4094,0.4098,3016005.0
1769936400000,0.4098,0.4121,0.4042,0.411,4243506.0
1769940000000,0.411,0.4126,0.4026,0.4035,5170298.0
1769943600000,0.4035,0.4097,0.4029,0.4074,2889730.0
1769947200000,0.4074,0.4075,0.4004,0.4042,3675937.0
1769950800000,0.4041,0.4082,0.3993,0.4014,4403222.0
1769954400000,0.4013,0.4067,0.3979,0.4026,6859229.0
1769958000000,0.4026,0.4027,0.3891,0.3951,9839667.0
1769961600000,0.3951,0.3987,0.391,0.3935,5601634.0
1769965200000,0.3935,0.3962,0.3903,0.394,2739944.0
1769968800000,0.3939,0.403,0.3939,0.3965,6784941.0
1769972400000,0.3965,0.3975,0.391,0.3934,3609572.0
1769976000000,0.3933,0.3987,0.3893,0.3932,4702309.0
1769979600000,0.3932,0.3942,0.3895,0.3916,2662384.0
1769983200000,0.3916,0.3981,0.3905,0.3949,3669258.0
1769986800000,0.3948,0.3986,0.3824,0.3917,12151385.0
1769990400000,0.3916,0.4028,0.3893,0.3998,6815914.0
1769994000000,0.3998,0.4053,0.3935,0.4014,5078560.0
1769997600000,0.4015,0.4031,0.3979,0.399,2515476.0
1770001200000,0.399,0.4013,0.3852,0.4,13681826.0
1770004800000,0.4,0.4033,0.3921,0.3952,9165033.0
1770008400000,0.3951,0.3957,0.3857,0.3906,10036005.0
1770012000000,0.3905,0.4013,0.3847,0.3949,13513284.0
1770015600000,0.395,0.3986,0.3933,0.3951,4560167.0
1770019200000,0.3951,0.3982,0.3943,0.396,3811288.0
1770022800000,0.396,0.4026,0.3936,0.3994,6584601.0
1770026400000,0.3994,0.4017,0.3982,0.3992,3765850.0
1770030000000,0.3993,0.3996,0.3969,0.3974,3309147.0
1770033600000,0.3974,0.4036,0.3974,0.4018,3136886.0
1770037200000,0.4018,0.4047,0.4005,0.4028,3759242.0
1770040800000,0.4027,0.4067,0.3985,0.4016,8794934.0
1770044400000,0.4017,0.41,0.4012,0.4087,7305437.0
1770048000000,0.4087,0.4097,0.4028,0.4033,4016339.0
1770051600000,0.4034,0.4063,0.4003,0.4025,2684930.0
1770055200000,0.4026,0.404,0.4001,0.4026,1956387.0
1770058800000,0.4026,0.4029,0.3989,0.399,1442228.0
1770062400000,0.3989,0.4008,0.3974,0.3983,2123790.0
1770066000000,0.3984,0.4009,0.3981,0.4008,1121895.0
1770069600000,0.4007,0.4023,0.4002,0.4015,1222146.0
1770073200000,0.4016,0.4131,0.401,0.4105,10086037.0
1770076800000,0.4105,0.4122,0.4037,0.407,6824955.0
1770080400000,0.407,0.4072,0.4039,0.4059,2376788.0
1770084000000,0.406,0.406,0.3992,0.3995,3361771.0
1770087600000,0.3994,0.4073,0.3985,0.4069,3170504.0
1770091200000,0.4068,0.4086,0.4042,0.408,2267600.0
1770094800000,0.4081,0.4092,0.4061,0.4063,2371483.0
1770098400000,0.4063,0.4116,0.4042,0.407,3499556.0
1770102000000,0.407,0.4091,0.4064,0.4076,1365282.0
1770105600000,0.4077,0.41,0.4051,0.4053,1577623.0
1770109200000,0.4053,0.4068,0.3998,0.4035,4873280.0
1770112800000,0.4036,0.4062,0.4018,0.4024,1409174.0
1770116400000,0.4023,0.4067,0.4021,0.4055,1656363.0
1770120000000,0.4055,0.4121,0.4049,0.4102,2379021.0
1770123600000,0.4102,0.413,0.4093,0.4118,3480096.0
1770127200000,0.4117,0.4136,0.4038,0.4045,4698302.0
1770130800000,0.4044,0.4199,0.4032,0.4167,13097513.0
1770134400000,0.4166,0.4169,0.409,0.412,7894644.0
1770138000000,0.412,0.4153,0.3996,0.4,9124540.0
1770141600000,0.4,0.4119,0.3944,0.4004,24095955.0
1770145200000,0.4005,0.4259,0.3988,0.4166,18501327.0
1770148800000,0.4165,0.4282,0.407,0.4221,13764614.0
1770152400000,0.422,0.4265,0.4162,0.4173,4181391.0
1770156000000,0.4174,0.4176,0.4105,0.4115,2655930.0
1770159600000,0.4114,0.4117,0.406,0.409,3407936.0
1770163200000,0.409,0.4121,0.4051,0.4112,3201015.0
1770166800000,0.4113,0.4175,0.4113,0.413,2359141.0
1770170400000,0.413,0.4143,0.4095,0.4127,2085307.0
1770174000000,0.4128,0.4175,0.4125,0.4164,2640718.0
1770177600000,0.4165,0.4177,0.4146,0.4172,2304456.0
1770181200000,0.4173,0.4187,0.409,0.4102,9980613.0
1770184800000,0.4101,0.4159,0.41,0.4132,3826150.0
1770188400000,0.4133,0.4157,0.4114,0.4131,2693955.0
1770192000000,0.4132,0.4154,0.4114,0.4137,1680142.0
1770195600000,0.4137,0.4138,0.4106,0.4116,1670533.0
1770199200000,0.4116,0.4129,0.4112,0.4115,945528.0
1770202800000,0.4115,0.4126,0.4052,0.4105,5039735.0
1770206400000,0.4105,0.412,0.4075,0.4088,1737126.0
1770210000000,0.4087,0.4089,0.4024,0.4025,3604119.0
1770213600000,0.4024,0.4072,0.3963,0.3986,8163749.0
1770217200000,0.3985,0.4054,0.3963,0.402,10693211.0
1770220800000,0.402,0.4039,0.3954,0.4003,8048438.0
1770224400000,0.4004,0.4039,0.3954,0.4024,7924613.0
1770228000000,0.4023,0.4115,0.3974,0.4076,10879491.0
1770231600000,0.4076,0.4135,0.4073,0.4124,4824351.0
1770235200000,0.4124,0.4133,0.4089,0.4105,1957116.0
1770238800000,0.4104,0.4123,0.4043,0.4075,3579135.0
1770242400000,0.4074,0.4126,0.3992,0.4035,4811691.0
1770246000000,0.4034,0.4116,0.4025,0.4078,6458284.0
1770249600000,0.4079,0.4103,0.4055,0.4092,2868563.0
1770253200000,0.4093,0.4134,0.4052,0.4067,6191723.0
1770256800000,0.4067,0.4113,0.4036,0.4046,4717054.0
1770260400000,0.4046,0.4064,0.4013,0.4021,3940009.0
1770264000000,0.402,0.4053,0.3994,0.4023,4901100.0
1770267600000,0.4023,0.4057,0.3969,0.401,5006155.0
1770271200000,0.401,0.4015,0.3971,0.3982,3554816.0
1770274800000,0.3981,0.4035,0.3976,0.3989,3823795.0
1770278400000,0.3989,0.4052,0.3989,0.4018,2105670.0
1770282000000,0.4018,0.4065,0.4018,0.4024,2656199.0
1770285600000,0.4025,0.4026,0.3912,0.393,5331397.0
1770289200000,0.393,0.3948,0.3831,0.3902,10081790.0
1770292800000,0.3902,0.393,0.3853,0.3913,6958135.0
1770296400000,0.3912,0.3935,0.3875,0.3911,3401028.0
1770300000000,0.3911,0.3972,0.387,0.3883,8697588.0
1770303600000,0.3883,0.3897,0.3606,0.37,40641824.0
1770307200000,0.37,0.3789,0.3661,0.3745,17371414.0
1770310800000,0.3745,0.3765,0.3608,0.364,19515973.0
1770314400000,0.364,0.3681,0.3588,0.3665,11877400.0
1770318000000,0.3666,0.3673,0.3575,0.3596,4685916.0
1770321600000,0.3595,0.3626,0.3421,0.3502,26633663.0
1770325200000,0.3501,0.3592,0.3451,0.3481,13027650.0
1770328800000,0.3481,0.3542,0.3407,0.35,8748998.0
1770332400000,0.35,0.3573,0.3445,0.3454,6000592.0
1770336000000,0.3455,0.3483,0.3067,0.3415,64406243.0
1770339600000,0.3416,0.3516,0.3398,0.3508,11336781.0
1770343200000,0.3509,0.3538,0.3402,0.3423,8769315.0
1770346800000,0.3423,0.3445,0.3388,0.342,4250810.0
1770350400000,0.3421,0.3466,0.3403,0.3452,2702780.0
1770354000000,0.3451,0.3566,0.3444,0.3545,4985624.0
1770357600000,0.3546,0.356,0.3448,0.3455,7504179.0
1770361200000,0.3456,0.3504,0.3419,0.3483,5935733.0
1770364800000,0.3483,0.353,0.3468,0.3519,6565247.0
1770368400000,0.3519,0.3617,0.3503,0.3598,6329058.0
1770372000000,0.3598,0.3686,0.359,0.3683,6813977.0
1770375600000,0.3683,0.3742,0.3678,0.3741,4857317.0
1770379200000,0.374,0.3802,0.3678,0.38,7422447.0
1770382800000,0.3801,0.3972,0.3788,0.3859,27039363.0
1770386400000,0.386,0.4034,0.3847,0.3996,13192916.0
1770390000000,0.3997,0.4054,0.3933,0.3998,11913266.0
1770393600000,0.3997,0.4083,0.3964,0.4044,8895871.0
1770397200000,0.4044,0.4138,0.403,0.4101,7594655.0
1770400800000,0.4101,0.4113,0.4009,0.4037,6765216.0
1770404400000,0.4037,0.4082,0.4001,0.4058,4337112.0
1770408000000,0.4059,0.4087,0.4012,0.4055,3756113.0
1770411600000,0.4056,0.4079,0.4014,0.4033,2528074.0
1770415200000,0.4033,0.4084,0.403,0.4068,2479125.0
1770418800000,0.4068,0.41,0.4042,0.405,2523819.0
1770422400000,0.405,0.4057,0.3971,0.4016,5355486.0
1770426000000,0.4015,0.4043,0.3957,0.4031,4199815.0
1770429600000,0.403,0.4103,0.402,0.4075,4321392.0
1770433200000,0.4076,0.4166,0.4056,0.4115,6300203.0
1770436800000,0.4116,0.4233,0.4031,0.4038,9626318.0
1770440400000,0.4039,0.4067,0.4021,0.4045,3543004.0
1770444000000,0.4046,0.4087,0.3975,0.3977,5825423.0
1770447600000,0.3978,0.4015,0.3923,0.3976,9560406.0
1770451200000,0.3976,0.4013,0.394,0.3996,3600230.0
1770454800000,0.3996,0.4016,0.3945,0.3951,2109823.0
1770458400000,0.395,0.3963,0.3911,0.3934,2730075.0
1770462000000,0.3933,0.394,0.3884,0.3917,2657914.0
1770465600000,0.3916,0.4047,0.3912,0.3963,7994285.0
1770469200000,0.3963,0.3981,0.3921,0.3952,2460141.0
1770472800000,0.3952,0.3957,0.3911,0.393,1638600.0
1770476400000,0.3931,0.3996,0.3927,0.3957,3018945.0
1770480000000,0.3957,0.404,0.3945,0.3964,32273627.0
1770483600000,0.3964,0.399,0.3936,0.3977,3504063.0
1770487200000,0.3977,0.4037,0.3969,0.4006,2372119.0
1770490800000,0.4007,0.4007,0.3973,0.3983,1185848.0
1770494400000,0.3983,0.4013,0.398,0.4002,848897.0
1770498000000,0.4003,0.4009,0.398,0.3986,714824.0
1770501600000,0.3986,0.3999,0.3941,0.3958,1217259.0
1770505200000,0.3959,0.3982,0.3936,0.3967,1262231.0
1770508800000,0.3968,0.3969,0.394,0.3948,1368135.0
1770512400000,0.3949,0.3963,0.3939,0.3949,708223.0
1770516000000,0.395,0.3971,0.3944,0.3958,852507.0
1770519600000,0.3958,0.3966,0.3938,0.3946,782737.0
1770523200000,0.3946,0.397,0.393,0.3965,1923468.0
1770526800000,0.3966,0.3967,0.3932,0.3943,1437334.0
1770530400000,0.3942,0.3962,0.3938,0.3953,916757.0
1770534000000,0.3953,0.3976,0.3939,0.3975,955554.0
1770537600000,0.3976,0.405,0.396,0.4033,4973160.0
1770541200000,0.4034,0.4035,0.3977,0.3982,2241073.0
1770544800000,0.3983,0.4,0.3943,0.3967,1996200.0
1770548400000,0.3968,0.4023,0.3965,0.4009,1970538.0
1770552000000,0.401,0.4023,0.3995,0.4016,1557471.0
1770555600000,0.4015,0.4034,0.4,0.403,2750340.0
1770559200000,0.403,0.4033,0.4002,0.4008,1752109.0
1770562800000,0.4009,0.4012,0.3929,0.395,4509690.0
1770566400000,0.3949,0.3958,0.3853,0.3886,4624242.0
1770570000000,0.3885,0.3927,0.3884,0.392,1995105.0
1770573600000,0.3921,0.396,0.3913,0.3942,1860740.0
1770577200000,0.3942,0.3954,0.3931,0.395,1303100.0
1770580800000,0.395,0.395,0.3903,0.3912,2072664.0
1770584400000,0.3911,0.3925,0.3877,0.3887,1360020.0
1770588000000,0.3888,0.3909,0.3881,0.3897,1067696.0
1770591600000,0.3896,0.3978,0.3842,0.3887,5481249.0
1770595200000,0.3887,0.39,0.3856,0.3883,1885084.0
1770598800000,0.3883,0.3907,0.3843,0.388,4607252.0
1770602400000,0.388,0.3928,0.386,0.3895,1869943.0
1770606000000,0.3894,0.3944,0.3884,0.3941,1967424.0
1770609600000,0.3941,0.3945,0.3916,0.3919,1636595.0
1770613200000,0.3918,0.3944,0.3902,0.3932,1689423.0
1770616800000,0.3932,0.3932,0.3881,0.3896,2512183.0
1770620400000,0.3895,0.3905,0.3873,0.3883,1887190.0
1770624000000,0.3883,0.3894,0.3818,0.3839,4203704.0
1770627600000,0.3838,0.3844,0.3789,0.3809,3333368.0
1770631200000,0.3809,0.3817,0.3727,0.3765,6811992.0
1770634800000,0.3764,0.381,0.3764,0.3796,3666699.0
1770638400000,0.3797,0.3817,0.3794,0.3799,1605893.0
1770642000000,0.3798,0.3809,0.3763,0.3766,2659695.0
1770645600000,0.3766,0.3845,0.3757,0.3822,5811330.0
1770649200000,0.3823,0.3855,0.3791,0.385,4553418.0
1770652800000,0.385,0.3905,0.3814,0.3868,3440207.0
1770656400000,0.3868,0.3929,0.383,0.3902,4970170.0
1770660000000,0.3903,0.3918,0.3859,0.3899,2460187.0
1770663600000,0.39,0.3924,0.3891,0.3908,1253574.0
1770667200000,0.3908,0.392,0.388,0.3896,1952212.0
1770670800000,0.3896,0.3915,0.3856,0.3905,2055353.0
1770674400000,0.3905,0.3934,0.3899,0.3907,1664251.0
1770678000000,0.3907,0.3911,0.3867,0.3881,1846342.0
1770681600000,0.388,0.3896,0.3873,0.3879,1378869.0
1770685200000,0.3879,0.3933,0.3877,0.3915,2574275.0
1770688800000,0.3915,0.3915,0.389,0.3894,1254676.0
1770692400000,0.3894,0.3895,0.381,0.3852,4983675.0
1770696000000,0.3852,0.3884,0.3849,0.388,2416896.0
1770699600000,0.388,0.3881,0.382,0.3833,2472383.0
1770703200000,0.3832,0.3845,0.3765,0.3794,4161670.0
1770706800000,0.3793,0.3821,0.3792,0.381,1789180.0
1770710400000,0.381,0.3853,0.381,0.3837,2545024.0
1770714000000,0.3837,0.3851,0.3813,0.3837,1563682.0
1770717600000,0.3836,0.3945,0.3802,0.3839,12322294.0
1770721200000,0.3839,0.3935,0.3839,0.3855,7765590.0
1770724800000,0.3856,0.3881,0.3793,0.3816,5432349.0
1770728400000,0.3816,0.3836,0.3807,0.3815,2541750.0
1770732000000,0.3814,0.3839,0.3753,0.3795,6853236.0
1770735600000,0.3794,0.3828,0.3778,0.3808,3545907.0
1770739200000,0.3808,0.3831,0.3782,0.3804,2134085.0
1770742800000,0.3805,0.3825,0.3789,0.3801,1572322.0
1770746400000,0.3802,0.3808,0.3736,0.3756,3810069.0
1770750000000,0.3756,0.3801,0.375,0.3795,936242.0
1770753600000,0.3796,0.38,0.377,0.3789,1369746.0
1770757200000,0.3789,0.3795,0.3761,0.3779,1245613.0
1770760800000,0.3778,0.3794,0.3769,0.3773,928098.0
1770764400000,0.3772,0.379,0.3769,0.3789,916803.0
1770768000000,0.3788,0.3802,0.3785,0.3791,1127930.0
1770771600000,0.3791,0.3814,0.3784,0.3807,1931529.0
1770775200000,0.3808,0.3825,0.3781,0.3782,1891483.0
1770778800000,0.3782,0.3792,0.3748,0.3768,3528025.0
1770782400000,0.3768,0.3774,0.3714,0.3727,5377588.0
1770786000000,0.3727,0.374,0.3651,0.3702,4855280.0
1770789600000,0.3701,0.371,0.3667,0.3685,5058675.0
1770793200000,0.3685,0.3696,0.3667,0.3675,2366690.0
1770796800000,0.3677,0.3687,0.3654,0.3664,3250250.0
1770800400000,0.3664,0.3668,0.3636,0.3641,3239360.0
1770804000000,0.3641,0.3643,0.3622,0.363,3987730.0
1770807600000,0.3629,0.3666,0.3628,0.3657,2677524.0
1770811200000,0.3658,0.3692,0.3648,0.3672,4621836.0
1770814800000,0.3673,0.3728,0.3659,0.3711,4924490.0
1770818400000,0.3712,0.3797,0.3628,0.3645,11787793.0
1770822000000,0.3644,0.3708,0.3601,0.3675,11569917.0
1770825600000,0.3676,0.3707,0.3642,0.3647,4950098.0
1770829200000,0.3646,0.3717,0.3633,0.369,3206846.0
1770832800000,0.369,0.3725,0.3663,0.3709,2364022.0
1770836400000,0.371,0.3716,0.3666,0.3673,1782438.0
1770840000000,0.3672,0.3692,0.3644,0.3684,1537026.0
1770843600000,0.3685,0.3732,0.3673,0.3723,2290110.0
1770847200000,0.3724,0.3747,0.3699,0.3705,2027426.0
1770850800000,0.3704,0.3711,0.3652,0.3676,2073856.0
1770854400000,0.3676,0.3725,0.3676,0.3714,1741435.0
1770858000000,0.3715,0.3752,0.3714,0.3721,2173867.0
1770861600000,0.3721,0.3747,0.3704,0.374,2008375.0
1770865200000,0.3741,0.3768,0.3739,0.3765,1088385.0
1770868800000,0.3765,0.3778,0.3747,0.3761,1285493.0
1770872400000,0.3761,0.3786,0.374,0.3782,1654613.0
1770876000000,0.3782,0.3829,0.3781,0.381,2494460.0
1770879600000,0.381,0.3849,0.3793,0.3834,4646744.0
1770883200000,0.3834,0.3855,0.3811,0.3841,2266905.0
1770886800000,0.384,0.3905,0.3836,0.3898,4254679.0
1770890400000,0.3898,0.3945,0.3888,0.3936,3455753.0
1770894000000,0.3937,0.3954,0.3903,0.3919,3068130.0
1770897600000,0.3919,0.3924,0.3848,0.3862,4667529.0
1770901200000,0.3862,0.3925,0.3854,0.3908,4208905.0
1770904800000,0.3908,0.3908,0.3849,0.3863,3609924.0
1770908400000,0.3863,0.3893,0.3803,0.3814,6819695.0
1770912000000,0.3814,0.3828,0.3732,0.3759,7771680.0
1770915600000,0.3758,0.3788,0.3738,0.3748,2395670.0
1770919200000,0.3749,0.3779,0.3734,0.3767,1499421.0
1770922800000,0.3767,0.3846,0.3748,0.3783,2517581.0
1770926400000,0.3783,0.3796,0.3719,0.3725,2749561.0
1770930000000,0.3725,0.3766,0.3725,0.3756,1147720.0
1770933600000,0.3757,0.3817,0.3752,0.3809,1483041.0
1770937200000,0.381,0.3834,0.3805,0.3815,2428091.0
1770940800000,0.3816,0.3829,0.3768,0.3787,1816803.0
1770944400000,0.3787,0.3821,0.378,0.3799,1939453.0
1770948000000,0.38,0.3816,0.3792,0.3804,1249017.0
1770951600000,0.3805,0.382,0.3777,0.3784,1661435.0
1770955200000,0.3784,0.3794,0.3769,0.378,1276786.0
1770958800000,0.3781,0.3808,0.3771,0.3783,1246077.0
1770962400000,0.3784,0.3818,0.3764,0.3813,1634867.0
1770966000000,0.3814,0.3829,0.3799,0.3816,1558089.0
1770969600000,0.3816,0.3888,0.3815,0.3863,2592279.0
1770973200000,0.3864,0.3867,0.3836,0.3839,1654632.0
1770976800000,0.3839,0.3868,0.3835,0.3857,1249561.0
1770980400000,0.3857,0.3864,0.3833,0.3851,1274826.0
1770984000000,0.3851,0.3853,0.3832,0.3841,1068559.0
1770987600000,0.3841,0.3882,0.383,0.3851,3189492.0
1770991200000,0.3852,0.3914,0.3834,0.3889,5129824.0
1770994800000,0.389,0.399,0.3879,0.3923,7400442.0
1770998400000,0.3924,0.3988,0.3922,0.3941,4278334.0
1771002000000,0.3941,0.397,0.3926,0.3947,1945272.0
1771005600000,0.3948,0.3959,0.3929,0.3949,1494385.0
1771009200000,0.395,0.3968,0.3943,0.3955,629173.0
1771012800000,0.3955,0.3965,0.3946,0.3961,1733240.0
1771016400000,0.3961,0.3984,0.396,0.3973,1267493.0
1771020000000,0.3973,0.3985,0.3952,0.3966,840433.0
1771023600000,0.3965,0.3968,0.3943,0.3954,1131166.0
1771027200000,0.3954,0.4001,0.3953,0.3982,2648467.0
1771030800000,0.3982,0.4012,0.3968,0.4006,3408388.0
1771034400000,0.4005,0.4034,0.4,0.4011,3786512.0
1771038000000,0.4011,0.405,0.4009,0.4031,1618172.0
1771041600000,0.4031,0.4035,0.3996,0.4005,1562142.0
1771045200000,0.4004,0.4022,0.3966,0.3983,2224136.0
1771048800000,0.3984,0.3991,0.3974,0.3986,1129664.0
1771052400000,0.3985,0.4025,0.3984,0.4014,1639885.0
1771056000000,0.4014,0.4071,0.4013,0.4063,3814993.0
1771059600000,0.4064,0.4116,0.406,0.4096,2896529.0
1771063200000,0.4096,0.4098,0.406,0.4072,2083910.0
1771066800000,0.4071,0.4131,0.4069,0.4101,2624103.0
1771070400000,0.4101,0.4123,0.4074,0.4076,3062812.0
1771074000000,0.4076,0.4131,0.4064,0.4104,4668762.0
1771077600000,0.4104,0.419,0.4099,0.4169,4141023.0
1771081200000,0.4169,0.4246,0.4145,0.4238,3503311.0
1771084800000,0.4237,0.431,0.4197,0.4279,9332189.0
1771088400000,0.4279,0.4335,0.4247,0.4283,5350540.0
1771092000000,0.4282,0.4326,0.4266,0.4297,3793771.0
1771095600000,0.4298,0.4382,0.4282,0.4344,4529116.0
1771099200000,0.4343,0.4371,0.43,0.4339,2732205.0
1771102800000,0.4339,0.4369,0.4275,0.4304,4124838.0
1771106400000,0.4303,0.4347,0.4286,0.4318,2961368.0
1771110000000,0.4318,0.432,0.4262,0.4273,3510025.0
1771113600000,0.4273,0.4289,0.4221,0.4249,4017043.0
1771117200000,0.4248,0.4281,0.4222,0.4264,3627961.0
1771120800000,0.4263,0.4299,0.4202,0.424,5425340.0
1771124400000,0.424,0.4262,0.4162,0.4258,5830328.0
1771128000000,0.4258,0.4282,0.4231,0.4244,5203109.0
1771131600000,0.4243,0.4281,0.4241,0.4264,1767137.0
1771135200000,0.4264,0.4305,0.4249,0.4269,2794499.0
1771138800000,0.4268,0.4321,0.4265,0.4281,3227735.0
1771142400000,0.4282,0.43,0.4188,0.423,5087829.0
1771146000000,0.423,0.4256,0.422,0.424,2263676.0
1771149600000,0.4241,0.4241,0.4196,0.4228,2411303.0
1771153200000,0.4229,0.4229,0.4203,0.4209,1179127.0
1771156800000,0.421,0.4217,0.4058,0.4063,8807086.0
1771160400000,0.4062,0.411,0.403,0.4053,7126256.0
1771164000000,0.4053,0.411,0.4048,0.4096,3227231.0
1771167600000,0.4096,0.4112,0.4082,0.4106,2400015.0
1771171200000,0.4107,0.4123,0.4072,0.4089,3483104.0
1771174800000,0.4089,0.41,0.3981,0.403,9051669.0
1771178400000,0.4029,0.4047,0.3996,0.4016,3286294.0
1771182000000,0.4016,0.4036,0.3985,0.4015,2370041.0
1771185600000,0.4016,0.4039,0.3993,0.4026,1151484.0
1771189200000,0.4027,0.4047,0.4019,0.4028,976889.0
1771192800000,0.4028,0.4048,0.402,0.4037,1111174.0
1771196400000,0.4038,0.4047,0.3999,0.4039,1436251.0
1771200000000,0.404,0.408,0.4033,0.4047,2093114.0
1771203600000,0.4048,0.4066,0.4017,0.4033,2034610.0
1771207200000,0.4034,0.4046,0.4014,0.402,1459041.0
1771210800000,0.4021,0.4035,0.4012,0.4033,1258267.0
1771214400000,0.4033,0.4061,0.4031,0.4061,1306768.0
1771218000000,0.406,0.4072,0.4003,0.4025,2283765.0
1771221600000,0.4025,0.4061,0.4023,0.4056,863502.0
1771225200000,0.4055,0.4055,0.4015,0.4025,1404299.0
1771228800000,0.4026,0.4038,0.4015,0.4032,728616.0
1771232400000,0.4033,0.4062,0.4029,0.4059,1405232.0
1771236000000,0.4059,0.4064,0.3992,0.4006,5316178.0
1771239600000,0.4006,0.4011,0.3929,0.3993,5342657.0
1771243200000,0.3993,0.4079,0.3989,0.4069,3821080.0
1771246800000,0.407,0.4095,0.3981,0.3997,6079989.0
1771250400000,0.3996,0.4051,0.3982,0.4028,2191238.0
1771254000000,0.4029,0.4053,0.395,0.3978,5708805.0
1771257600000,0.3978,0.403,0.3973,0.4008,3517371.0
1771261200000,0.4008,0.4019,0.3983,0.4002,1854214.0
1771264800000,0.4002,0.4034,0.4002,0.4012,1366471.0
1771268400000,0.4012,0.4019,0.3986,0.401,1053908.0
1771272000000,0.401,0.405,0.3999,0.4045,1146718.0
1771275600000,0.4046,0.4077,0.4028,0.4075,1140783.0
1771279200000,0.4074,0.4082,0.4036,0.4048,1656999.0
1771282800000,0.4048,0.4055,0.4027,0.4038,967618.0
1771286400000,0.4038,0.4044,0.4018,0.4025,1060545.0
1771290000000,0.4026,0.4036,0.4004,0.401,1195680.0
1771293600000,0.401,0.4037,0.3983,0.4024,2108610.0
1771297200000,0.4024,0.4025,0.3998,0.3998,1333542.0
1771300800000,0.3999,0.4015,0.3973,0.4002,2263323.0
1771304400000,0.4002,0.4005,0.3961,0.3987,1973877.0
1771308000000,0.3988,0.4006,0.3987,0.3994,800319.0
1771311600000,0.3994,0.3995,0.3967,0.3982,1140090.0
1771315200000,0.3982,0.3988,0.3955,0.3957,1244089.0
1771318800000,0.3957,0.3967,0.3943,0.3958,1809677.0
1771322400000,0.3958,0.3967,0.392,0.3944,2274574.0
1771326000000,0.3944,0.3966,0.3942,0.3958,1653050.0
1771329600000,0.3957,0.397,0.3938,0.3943,1439864.0
1771333200000,0.3943,0.3986,0.3931,0.3971,2856142.0
1771336800000,0.397,0.3982,0.3852,0.3881,7899894.0
1771340400000,0.388,0.3926,0.3878,0.3915,4076767.0
1771344000000,0.3914,0.3993,0.3907,0.3942,4595958.0
1771347600000,0.3942,0.3952,0.3884,0.3909,3819341.0
1771351200000,0.391,0.4068,0.3899,0.401,9811292.0
1771354800000,0.401,0.4028,0.3959,0.3972,3758317.0
1771358400000,0.3972,0.3989,0.3958,0.3981,1328844.0
1771362000000,0.3981,0.4008,0.3974,0.399,1399873.0
1771365600000,0.399,0.3995,0.3964,0.3976,1864749.0
1771369200000,0.3975,0.399,0.3967,0.397,1003446.0
1771372800000,0.3971,0.3989,0.394,0.3946,1948477.0
1771376400000,0.3946,0.3951,0.3911,0.3932,2031424.0
1771380000000,0.3932,0.3957,0.3928,0.394,1272388.0
1771383600000,0.3941,0.3953,0.3934,0.3938,925831.0
1771387200000,0.3939,0.394,0.3916,0.3919,1688762.0
1771390800000,0.392,0.3932,0.3901,0.3905,1860723.0
1771394400000,0.3906,0.392,0.3892,0.3895,1228070.0
1771398000000,0.3896,0.3932,0.3894,0.3921,1935444.0
1771401600000,0.3921,0.3954,0.3908,0.3924,2680491.0
1771405200000,0.3925,0.3928,0.391,0.3916,1768759.0
1771408800000,0.3917,0.3933,0.3867,0.3888,3159201.0
1771412400000,0.3887,0.39,0.3855,0.3877,2299437.0
1771416000000,0.3877,0.39,0.3867,0.388,1934592.0
1771419600000,0.3881,0.389,0.3829,0.3849,4316557.0
1771423200000,0.3849,0.3874,0.3823,0.3868,4112890.0
1771426800000,0.3867,0.3926,0.3854,0.3889,4871689.0
1771430400000,0.3889,0.3893,0.3833,0.3837,3027635.0
1771434000000,0.3837,0.3868,0.3818,0.3836,2651248.0
1771437600000,0.3837,0.3844,0.378,0.381,7321467.0
1771441200000,0.381,0.3827,0.377,0.3801,3107631.0
1771444800000,0.3801,0.3813,0.3776,0.3783,1772723.0
1771448400000,0.3784,0.3798,0.3746,0.3756,3686698.0
1771452000000,0.3757,0.3768,0.3724,0.3754,3260175.0
1771455600000,0.3755,0.3791,0.3746,0.3788,1988912.0
1771459200000,0.3788,0.3792,0.376,0.3767,1496909.0
1771462800000,0.3768,0.381,0.3768,0.3804,2654892.0
1771466400000,0.3805,0.3821,0.3792,0.3802,1850230.0
1771470000000,0.3802,0.3829,0.3799,0.382,2159579.0
1771473600000,0.3821,0.3832,0.3807,0.3814,1437473.0
1771477200000,0.3815,0.3819,0.3787,0.3801,1592840.0
1771480800000,0.3801,0.3826,0.38,0.3811,1366555.0
1771484400000,0.3811,0.3817,0.3794,0.3811,1320731.0
1771488000000,0.3811,0.3812,0.3747,0.3763,2725203.0
1771491600000,0.3763,0.3781,0.3757,0.3765,2292681.0
1771495200000,0.3765,0.3765,0.3728,0.374,2698447.0
1771498800000,0.374,0.376,0.3737,0.3747,1734270.0
1771502400000,0.3746,0.3756,0.3732,0.3733,1285157.0
1771506000000,0.3733,0.3734,0.3671,0.37,7295771.0
1771509600000,0.37,0.376,0.3681,0.3746,4717083.0
1771513200000,0.3746,0.3764,0.3702,0.3714,3449574.0
1771516800000,0.3713,0.3725,0.3672,0.3695,2955613.0
1771520400000,0.3696,0.3749,0.3678,0.37,2179332.0
1771524000000,0.37,0.3741,0.3695,0.3733,1848334.0
1771527600000,0.3734,0.374,0.3697,0.3717,1001282.0
1771531200000,0.3718,0.3722,0.3696,0.3709,1661859.0
1771534800000,0.3709,0.3718,0.3699,0.3707,846179.0
1771538400000,0.3706,0.3718,0.369,0.3715,998464.0
1771542000000,0.3715,0.3744,0.3714,0.3742,783132.0
1771545600000,0.3743,0.3779,0.3734,0.3759,1726169.0
1771549200000,0.3759,0.3787,0.3754,0.3784,1454463.0
1771552800000,0.3785,0.3805,0.3779,0.3779,1925018.0
1771556400000,0.378,0.3805,0.3779,0.3784,1630457.0
1771560000000,0.3784,0.3787,0.3741,0.3748,3304651.0
1771563600000,0.3749,0.3818,0.3728,0.3789,3537166.0
1771567200000,0.379,0.3794,0.3769,0.3787,1646137.0
1771570800000,0.3787,0.3803,0.378,0.379,1424686.0
1771574400000,0.379,0.3843,0.3787,0.3814,2722739.0
1771578000000,0.3814,0.3859,0.3812,0.3843,2541163.0
1771581600000,0.3843,0.3884,0.3832,0.384,2283291.0
1771585200000,0.384,0.3845,0.3796,0.3821,2342094.0
1771588800000,0.3822,0.383,0.3797,0.381,1913834.0
1771592400000,0.3809,0.3809,0.3712,0.375,5774469.0
1771596000000,0.375,0.3806,0.3741,0.3791,3993353.0
1771599600000,0.3792,0.3907,0.3792,0.3904,12433792.0
1771603200000,0.3903,0.3963,0.3893,0.3939,7462268.0
1771606800000,0.3938,0.394,0.3836,0.394,6289744.0
1771610400000,0.3939,0.3956,0.3897,0.3926,5334492.0
1771614000000,0.3926,0.394,0.3878,0.3884,1921070.0
1771617600000,0.3884,0.3896,0.3852,0.388,965604.0
1771621200000,0.3881,0.3893,0.387,0.3886,675568.0
1771624800000,0.3887,0.3899,0.3865,0.3897,812268.0
1771628400000,0.3897,0.3915,0.3894,0.3906,901187.0
1771632000000,0.3907,0.3919,0.3889,0.3892,1093502.0
1771635600000,0.3892,0.3915,0.388,0.3913,1342303.0
1771639200000,0.3914,0.3941,0.3902,0.3934,1354753.0
1771642800000,0.3934,0.3935,0.3895,0.3909,1706639.0
1771646400000,0.3909,0.3931,0.3902,0.3927,1913955.0
1771650000000,0.3928,0.3957,0.3925,0.3956,2372467.0
1771653600000,0.3956,0.3971,0.391,0.3923,2960996.0
1771657200000,0.3922,0.3939,0.3914,0.3929,1122128.0
1771660800000,0.3929,0.3966,0.3921,0.3957,1598647.0
1771664400000,0.3957,0.3986,0.394,0.3957,3253753.0
1771668000000,0.3956,0.397,0.3939,0.3948,1821486.0
1771671600000,0.3947,0.3971,0.3942,0.3949,1192857.0
1771675200000,0.395,0.3961,0.3917,0.3933,1688935.0
1771678800000,0.3933,0.3948,0.3923,0.3943,1683823.0
1771682400000,0.3944,0.3967,0.3927,0.3929,3835475.0
1771686000000,0.3928,0.3936,0.3905,0.3914,2064773.0
1771689600000,0.3914,0.3919,0.3876,0.389,2507251.0
1771693200000,0.389,0.3902,0.3879,0.3894,918968.0
1771696800000,0.3895,0.3909,0.3888,0.3904,1076703.0
1771700400000,0.3905,0.3906,0.3888,0.3893,530720.0
1771704000000,0.3893,0.3904,0.3871,0.3875,1290287.0
1771707600000,0.3876,0.3901,0.3867,0.39,795715.0
1771711200000,0.3899,0.39,0.388,0.3885,558177.0
1771714800000,0.3886,0.3893,0.3867,0.3872,957408.0
1771718400000,0.3871,0.3871,0.382,0.3848,3306227.0
1771722000000,0.3847,0.3855,0.3839,0.3843,1198866.0
1771725600000,0.3842,0.3849,0.3811,0.3814,1714312.0
1771729200000,0.3814,0.3841,0.3795,0.3824,2674002.0
1771732800000,0.3824,0.3831,0.3812,0.3824,1209956.0
1771736400000,0.3824,0.3829,0.3816,0.3823,583076.0
1771740000000,0.3823,0.3831,0.3818,0.3821,775314.0
1771743600000,0.3821,0.3847,0.3816,0.3832,1433614.0
1771747200000,0.3832,0.3832,0.3803,0.3805,1359741.0
1771750800000,0.3805,0.3829,0.3801,0.3829,775992.0
1771754400000,0.383,0.3831,0.3805,0.3814,2800770.0
1771758000000,0.3815,0.3819,0.3806,0.3809,731562.0
1771761600000,0.3809,0.3809,0.3756,0.3767,4402833.0
1771765200000,0.3768,0.3774,0.3753,0.377,2040406.0
1771768800000,0.377,0.3771,0.3747,0.3769,2119878.0
1771772400000,0.3769,0.3811,0.3764,0.3804,2618174.0
1771776000000,0.3804,0.3824,0.3786,0.3814,2973103.0
1771779600000,0.3814,0.3833,0.3776,0.3797,3788754.0
1771783200000,0.3798,0.3827,0.3793,0.3824,1440448.0
1771786800000,0.3824,0.3833,0.3804,0.3827,1646962.0
1771790400000,0.3827,0.3842,0.3807,0.3814,2042806.0
1771794000000,0.3815,0.3831,0.3807,0.3814,1399201.0
1771797600000,0.3815,0.383,0.3807,0.3825,573968.0
1771801200000,0.3826,0.3853,0.3811,0.3837,2432772.0
1771804800000,0.3838,0.3868,0.3778,0.378,4637185.0
1771808400000,0.378,0.3783,0.3621,0.3632,22540346.0
1771812000000,0.3633,0.3693,0.3614,0.3662,6116304.0
1771815600000,0.3662,0.3701,0.3661,0.3688,2529117.0
1771819200000,0.3688,0.369,0.3635,0.3651,2572449.0
1771822800000,0.3651,0.3695,0.3648,0.3692,1549126.0
1771826400000,0.3693,0.3765,0.3689,0.3747,2852347.0
1771830000000,0.3747,0.3762,0.3729,0.3745,1344758.0
1771833600000,0.3744,0.3764,0.3733,0.3741,1062479.0
1771837200000,0.3741,0.3861,0.3741,0.3846,3575253.0
1771840800000,0.3847,0.386,0.3818,0.384,2728590.0
1771844400000,0.384,0.3946,0.3839,0.3879,9553159.0
1771848000000,0.3878,0.3937,0.3863,0.3922,5313699.0
1771851600000,0.3921,0.3937,0.3886,0.3895,3648282.0
1771855200000,0.3895,0.3908,0.3828,0.3853,5289572.0
1771858800000,0.3854,0.3872,0.3761,0.3766,5447541.0
1771862400000,0.3765,0.3776,0.3718,0.3738,7416722.0
1771866000000,0.3738,0.3749,0.3665,0.3715,6382851.0
1771869600000,0.3716,0.3782,0.3705,0.3727,2827374.0
1771873200000,0.3727,0.3737,0.3693,0.3699,1505190.0
1771876800000,0.3698,0.371,0.3674,0.3701,1384202.0
1771880400000,0.3701,0.3734,0.3699,0.3725,1125190.0
1771884000000,0.3726,0.3753,0.3716,0.3722,1117473.0
1771887600000,0.3722,0.3742,0.3717,0.3727,926230.0
1771891200000,0.3727,0.3756,0.3724,0.3738,1316345.0
1771894800000,0.3739,0.376,0.3656,0.371,5045209.0
1771898400000,0.371,0.3733,0.3691,0.3706,1330108.0
1771902000000,0.3705,0.3705,0.3671,0.3692,2075566.0
1771905600000,0.3693,0.3698,0.3639,0.3675,3734165.0
1771909200000,0.3675,0.3696,0.3637,0.3658,2478207.0
1771912800000,0.3657,0.3664,0.364,0.365,1453447.0
1771916400000,0.365,0.368,0.3643,0.3661,1794915.0
1771920000000,0.3662,0.3709,0.3637,0.3702,1709461.0
1771923600000,0.3702,0.3705,0.3647,0.3666,3304482.0
1771927200000,0.3665,0.3683,0.3657,0.3668,1472453.0
1771930800000,0.3668,0.3699,0.3655,0.3694,1564477.0
1771934400000,0.3693,0.373,0.3678,0.3709,4697826.0
1771938000000,0.371,0.375,0.37,0.373,3336561.0
1771941600000,0.373,0.3784,0.3658,0.3756,6162244.0
1771945200000,0.3757,0.3873,0.3745,0.3814,9804582.0
1771948800000,0.3814,0.3861,0.3767,0.3821,4722426.0
1771952400000,0.382,0.3827,0.3782,0.3789,1553684.0
1771956000000,0.3789,0.3811,0.3774,0.3788,1074839.0
1771959600000,0.3788,0.3809,0.3758,0.3779,1661788.0
1771963200000,0.3779,0.3791,0.376,0.3764,710070.0
1771966800000,0.3764,0.3764,0.3731,0.375,1405771.0
1771970400000,0.375,0.3782,0.3746,0.376,798732.0
1771974000000,0.3761,0.3783,0.3743,0.3757,831756.0
1771977600000,0.3756,0.3781,0.3746,0.3775,1651227.0
1771981200000,0.3775,0.3918,0.3772,0.3891,6789722.0
1771984800000,0.389,0.3919,0.3883,0.3911,2935229.0
1771988400000,0.3911,0.3931,0.3886,0.3892,3431941.0
1771992000000,0.3892,0.3903,0.3863,0.3886,2867821.0
1771995600000,0.3886,0.389,0.3826,0.3876,2976505.0
1771999200000,0.3876,0.3899,0.3856,0.3874,1523381.0
1772002800000,0.3874,0.3927,0.387,0.3924,1988598.0
1772006400000,0.3923,0.3964,0.3905,0.3962,2977601.0
1772010000000,0.3962,0.4058,0.3961,0.4037,7722632.0
1772013600000,0.4038,0.4087,0.4029,0.4081,5439852.0
1772017200000,0.408,0.4088,0.3994,0.4006,5185004.0
1772020800000,0.4006,0.4033,0.3984,0.4011,4949527.0
1772024400000,0.4011,0.4021,0.3985,0.3997,3276977.0
1772028000000,0.3997,0.4077,0.3997,0.4073,5592900.0
1772031600000,0.4073,0.4104,0.4031,0.4094,6110976.0
1772035200000,0.4094,0.4236,0.4094,0.4151,14310528.0
1772038800000,0.415,0.4197,0.415,0.4191,3982262.0
1772042400000,0.419,0.4234,0.4177,0.4227,2539308.0
1772046000000,0.4228,0.4346,0.4213,0.4311,9193282.0
1772049600000,0.4311,0.4315,0.4201,0.4206,5563493.0
1772053200000,0.4206,0.4255,0.4184,0.4234,3932524.0
1772056800000,0.4233,0.4251,0.4165,0.4195,2332282.0
1772060400000,0.4195,0.4212,0.4077,0.4131,7157954.0
1772064000000,0.413,0.4152,0.4073,0.4101,4897957.0
1772067600000,0.4101,0.4139,0.4088,0.4089,2335203.0
1772071200000,0.4089,0.4114,0.4037,0.4109,3669914.0
1772074800000,0.4109,0.4119,0.4095,0.4112,1816398.0
1772078400000,0.4112,0.4142,0.4094,0.4115,2195100.0
1772082000000,0.4114,0.4114,0.4027,0.4082,4044171.0
1772085600000,0.4083,0.4098,0.4058,0.4068,2274313.0
1772089200000,0.4067,0.4089,0.4056,0.4071,2216550.0
1772092800000,0.4071,0.4107,0.4071,0.4076,2622971.0
1772096400000,0.4075,0.4141,0.4069,0.411,4275466.0
1772100000000,0.4109,0.4112,0.4048,0.4062,2887137.0
1772103600000,0.4062,0.4068,0.4024,0.4032,3640059.0
1772107200000,0.4031,0.4065,0.4029,0.4063,1819671.0
1772110800000,0.4063,0.4067,0.4025,0.4035,2220630.0
1772114400000,0.4036,0.4071,0.4006,0.4048,4612158.0
1772118000000,0.4048,0.4057,0.3956,0.4001,13615191.0
1772121600000,0.4001,0.401,0.389,0.39,9716441.0
1772125200000,0.3901,0.3942,0.3896,0.3917,2729088.0
1772128800000,0.3917,0.3969,0.3897,0.3953,3645315.0
1772132400000,0.3953,0.4008,0.3951,0.3989,4746523.0
1772136000000,0.3988,0.4003,0.3959,0.3971,1863764.0
1772139600000,0.3972,0.3988,0.3957,0.3979,1074686.0
1772143200000,0.3979,0.4,0.3976,0.3998,723791.0
1772146800000,0.3999,0.4018,0.3983,0.399,989004.0
1772150400000,0.399,0.4012,0.3984,0.399,1321843.0
1772154000000,0.3991,0.4001,0.3966,0.3995,1630634.0
1772157600000,0.3994,0.4032,0.399,0.3993,1683886.0
1772161200000,0.3993,0.4038,0.3985,0.4027,1359918.0
1772164800000,0.4027,0.4095,0.4025,0.4064,3171048.0
1772168400000,0.4065,0.4074,0.4041,0.4066,1583434.0
1772172000000,0.4066,0.4081,0.4045,0.4073,1450184.0
1772175600000,0.4074,0.4078,0.4032,0.4074,2487873.0
1772179200000,0.4074,0.4078,0.4049,0.4071,1858335.0
1772182800000,0.4071,0.4088,0.4047,0.4056,2038181.0
1772186400000,0.4056,0.4064,0.3987,0.3996,4822742.0
1772190000000,0.3996,0.4021,0.3937,0.3967,3830125.0
1772193600000,0.3967,0.3978,0.3943,0.396,2428998.0
1772197200000,0.3959,0.3987,0.391,0.3976,4916338.0
1772200800000,0.3975,0.3986,0.3944,0.395,2220351.0
1772204400000,0.3949,0.3973,0.3911,0.3929,4590165.0
1772208000000,0.3928,0.3947,0.3898,0.3901,3631379.0
1772211600000,0.3902,0.394,0.3872,0.3935,4269545.0
1772215200000,0.3934,0.3941,0.3904,0.3909,1322135.0
1772218800000,0.3908,0.3913,0.3854,0.3877,3081664.0
1772222400000,0.3876,0.3897,0.3866,0.3888,1054114.0
1772226000000,0.3889,0.3899,0.3861,0.3873,973523.0
1772229600000,0.3874,0.388,0.3794,0.3873,3000528.0
1772233200000,0.3874,0.3894,0.387,0.3891,1185682.0
1772236800000,0.3892,0.3906,0.3886,0.3892,2275810.0
1772240400000,0.3893,0.3906,0.3862,0.3863,1188372.0
1772244000000,0.3862,0.3891,0.3862,0.3878,894708.0
1772247600000,0.3879,0.3891,0.3864,0.3868,1158491.0
1772251200000,0.3869,0.387,0.3834,0.3857,1636080.0
1772254800000,0.3858,0.3885,0.3826,0.384,3416413.0
1772258400000,0.384,0.3841,0.3635,0.3652,16794342.0
1772262000000,0.3653,0.3748,0.3627,0.3698,6706927.0
1772265600000,0.3698,0.3706,0.3635,0.3638,3991233.0
1772269200000,0.3638,0.3677,0.3621,0.3672,8095883.0
1772272800000,0.3672,0.3715,0.3654,0.3703,3468972.0
1772276400000,0.3704,0.3739,0.3686,0.369,3847026.0
1772280000000,0.369,0.3722,0.3687,0.3718,2187315.0
1772283600000,0.3719,0.3832,0.3706,0.3816,5711094.0
1772287200000,0.3816,0.3835,0.377,0.3781,4331525.0
1772290800000,0.3781,0.3816,0.3747,0.3798,3183102.0
1772294400000,0.3799,0.3801,0.3765,0.3793,3051596.0
1772298000000,0.3793,0.3805,0.3757,0.3799,1973332.0
1772301600000,0.3798,0.3892,0.3785,0.386,3716559.0
1772305200000,0.3861,0.3909,0.3827,0.3886,3541635.0
1772308800000,0.3886,0.3975,0.3879,0.3962,4638817.0
1772312400000,0.3962,0.3966,0.3923,0.3939,2166066.0
1772316000000,0.394,0.4026,0.3939,0.3998,2896099.0
1772319600000,0.3999,0.4017,0.3972,0.399,2067727.0
1772323200000,0.3989,0.4004,0.3941,0.3955,4346885.0
1772326800000,0.3955,0.4033,0.389,0.4005,7451655.0
1772330400000,0.4005,0.4092,0.4005,0.4045,6144067.0
1772334000000,0.4044,0.4052,0.3985,0.4004,2483196.0
1772337600000,0.4005,0.4027,0.3966,0.3996,2747773.0
1772341200000,0.3996,0.401,0.3984,0.3988,917223.0
1772344800000,0.3989,0.399,0.3926,0.3953,3214118.0
1772348400000,0.3953,0.3966,0.3939,0.3959,1280571.0
1772352000000,0.3958,0.3962,0.3879,0.3895,3458091.0
1772355600000,0.3894,0.3927,0.388,0.389,2150522.0
1772359200000,0.3889,0.3912,0.3867,0.3902,2814509.0
1772362800000,0.3901,0.3908,0.3889,0.3893,1365830.0
1772366400000,0.3893,0.3904,0.3862,0.3868,2324170.0
1772370000000,0.3868,0.3943,0.3841,0.3926,5094247.0
1772373600000,0.3925,0.3947,0.3886,0.39,2625910.0
1772377200000,0.3899,0.3924,0.3892,0.3893,1470971.0
1772380800000,0.3894,0.3925,0.3834,0.3869,3845728.0
1772384400000,0.3869,0.3875,0.3813,0.3844,3068137.0
1772388000000,0.3845,0.3906,0.384,0.3861,2834070.0
1772391600000,0.3862,0.3863,0.3821,0.3835,1771454.0
1772395200000,0.3835,0.3839,0.3757,0.378,3682544.0
1772398800000,0.378,0.3823,0.3779,0.3819,1604691.0
1772402400000,0.382,0.3884,0.3814,0.3818,3540900.0
1772406000000,0.3819,0.3873,0.3814,0.3835,1302001.0
1772409600000,0.3836,0.3901,0.3835,0.3876,1912334.0
1772413200000,0.3877,0.392,0.3868,0.3892,2373124.0
1772416800000,0.3893,0.3904,0.3849,0.3878,1335593.0
1772420400000,0.3879,0.3916,0.3861,0.3903,1980809.0
1772424000000,0.3904,0.391,0.3878,0.3889,1680734.0
1772427600000,0.389,0.3896,0.3856,0.3867,1541168.0
1772431200000,0.3868,0.3869,0.3809,0.3825,3781224.0
1772434800000,0.3825,0.3831,0.3784,0.3823,2414556.0
1772438400000,0.3824,0.3852,0.379,0.3845,3610399.0
1772442000000,0.3846,0.3876,0.3838,0.3839,2321829.0
1772445600000,0.3838,0.3855,0.3831,0.3855,1537199.0
1772449200000,0.3854,0.3867,0.3835,0.3853,1373654.0
1772452800000,0.3854,0.3862,0.3836,0.3839,1020012.0
1772456400000,0.3839,0.3853,0.3815,0.3825,2036680.0
1772460000000,0.3826,0.3946,0.3815,0.3934,5125853.0
1772463600000,0.3934,0.4046,0.393,0.4018,9370783.0
1772467200000,0.4018,0.4136,0.4018,0.409,14412063.0
1772470800000,0.409,0.4154,0.4027,0.4134,10266204.0
1772474400000,0.4134,0.4185,0.4101,0.4148,9728431.0
1772478000000,0.4147,0.4166,0.4117,0.4134,4044976.0
1772481600000,0.4135,0.4159,0.4062,0.4062,2828872.0
1772485200000,0.4062,0.4077,0.4034,0.4061,1862186.0
1772488800000,0.4062,0.4086,0.404,0.4079,2262954.0
1772492400000,0.4079,0.4082,0.4033,0.4049,2289808.0
1772496000000,0.4049,0.4063,0.4011,0.4034,2707093.0
1772499600000,0.4033,0.405,0.3993,0.4005,2225018.0
1772503200000,0.4005,0.4025,0.3963,0.4013,2560898.0
1772506800000,0.4012,0.4077,0.3987,0.4023,4229288.0
1772510400000,0.4023,0.4031,0.3984,0.4002,2592245.0
1772514000000,0.4003,0.4036,0.3978,0.4001,2464218.0
1772517600000,0.4,0.4005,0.393,0.3972,4838720.0
1772521200000,0.3972,0.401,0.3963,0.3992,3004789.0
1772524800000,0.3991,0.4012,0.3932,0.3941,4176296.0
1772528400000,0.394,0.3979,0.39,0.3913,4736141.0
1772532000000,0.3913,0.3932,0.3896,0.3917,2065480.0
1772535600000,0.3918,0.3925,0.3898,0.392,1276315.0
1772539200000,0.3921,0.3978,0.3919,0.3926,2623500.0
1772542800000,0.3927,0.3929,0.3875,0.3896,2335439.0
1772546400000,0.3895,0.3936,0.3837,0.3877,3646270.0
1772550000000,0.3876,0.3932,0.3846,0.3922,4717037.0
1772553600000,0.3921,0.3997,0.3885,0.3943,5046374.0
1772557200000,0.3944,0.3963,0.3891,0.395,2145696.0
1772560800000,0.3951,0.3991,0.3921,0.3953,1761981.0
1772564400000,0.3954,0.3957,0.3919,0.3935,1361247.0
1772568000000,0.3935,0.394,0.3897,0.3909,1137445.0
1772571600000,0.3908,0.3908,0.3872,0.3899,866950.0
1772575200000,0.39,0.3946,0.3899,0.3933,879462.0
1772578800000,0.3933,0.3962,0.3923,0.3927,970412.0
1772582400000,0.3927,0.3929,0.3879,0.3905,1576319.0
1772586000000,0.3906,0.3946,0.3892,0.3913,1498485.0
1772589600000,0.3913,0.3932,0.3877,0.3921,1808097.0
1772593200000,0.3921,0.3924,0.3859,0.3889,3260552.0
1772596800000,0.3888,0.3899,0.3866,0.3887,1779991.0
1772600400000,0.3886,0.3905,0.3864,0.3889,1384677.0
1772604000000,0.3889,0.3903,0.3864,0.3884,1630160.0
1772607600000,0.3883,0.3948,0.3869,0.3936,2303662.0
1772611200000,0.3937,0.4065,0.3928,0.4054,6644501.0
1772614800000,0.4055,0.4125,0.4031,0.4075,7547887.0
1772618400000,0.4074,0.4099,0.4021,0.4038,3213951.0
1772622000000,0.4038,0.4064,0.4007,0.4043,2580994.0
1772625600000,0.4043,0.4069,0.4003,0.4035,3951983.0
1772629200000,0.4035,0.408,0.4034,0.4078,1550572.0
1772632800000,0.4077,0.4196,0.4075,0.4138,9921252.0
1772636400000,0.4138,0.4421,0.4138,0.4399,21638093.0
1772640000000,0.4399,0.4438,0.4263,0.4286,19180392.0
1772643600000,0.4285,0.4297,0.4217,0.422,6279850.0
1772647200000,0.422,0.427,0.4187,0.4261,4384129.0
1772650800000,0.4261,0.4309,0.4258,0.4268,4772200.0
1772654400000,0.4268,0.4272,0.4237,0.4251,2231009.0
1772658000000,0.4252,0.4289,0.4228,0.4279,2282221.0
1772661600000,0.4279,0.4318,0.419,0.4217,2896499.0
1772665200000,0.4217,0.422,0.4162,0.4199,4322269.0
1772668800000,0.4199,0.4209,0.4164,0.417,2217441.0
1772672400000,0.417,0.4211,0.4132,0.4143,2962863.0
1772676000000,0.4143,0.4171,0.4138,0.4166,2358913.0
1772679600000,0.4166,0.4178,0.4138,0.4153,1755347.0
1772683200000,0.4152,0.4178,0.4145,0.4163,2114540.0
1772686800000,0.4163,0.4182,0.4144,0.4158,1742459.0
1772690400000,0.4157,0.4181,0.4124,0.4168,2007555.0
1772694000000,0.4167,0.4175,0.4106,0.4124,2905303.0
1772697600000,0.4124,0.4155,0.4109,0.4141,1942071.0
1772701200000,0.4141,0.4168,0.4137,0.4164,2265613.0
1772704800000,0.4164,0.4214,0.4151,0.42,4149587.0
1772708400000,0.4199,0.42,0.4134,0.4161,3550091.0
1772712000000,0.4162,0.4183,0.4136,0.4162,3243027.0
1772715600000,0.4163,0.4165,0.4106,0.4127,4623526.0
1772719200000,0.4128,0.4185,0.4116,0.4177,4268144.0
1772722800000,0.4178,0.4186,0.4081,0.4118,7359967.0
1772726400000,0.4118,0.4118,0.4028,0.4072,5326878.0
1772730000000,0.4072,0.4097,0.4028,0.4036,2535167.0
1772733600000,0.4036,0.4066,0.4017,0.4062,1808914.0
1772737200000,0.4062,0.4114,0.4062,0.4086,1291845.0
1772740800000,0.4086,0.4139,0.4082,0.4131,1156652.0
1772744400000,0.413,0.4148,0.4104,0.4113,1204337.0
1772748000000,0.4114,0.4123,0.4093,0.4108,815238.0
1772751600000,0.4109,0.4111,0.4073,0.4084,1198250.0
1772755200000,0.4084,0.4094,0.4079,0.4082,952937.0
1772758800000,0.4082,0.4099,0.4048,0.4087,1994898.0
1772762400000,0.4088,0.4104,0.4069,0.4078,1005434.0
1772766000000,0.4077,0.4093,0.4059,0.409,1130859.0
1772769600000,0.4091,0.4102,0.4044,0.406,1455333.0
1772773200000,0.406,0.4075,0.4037,0.4062,1170604.0
1772776800000,0.4062,0.4075,0.4049,0.4068,741559.0
1772780400000,0.4069,0.4098,0.4055,0.4081,1156532.0
1772784000000,0.4082,0.4082,0.4047,0.4054,1173511.0
1772787600000,0.4055,0.4061,0.3996,0.4021,3189272.0
1772791200000,0.402,0.4039,0.4015,0.4029,1016332.0
1772794800000,0.4029,0.403,0.3991,0.3996,1338485.0
1772798400000,0.3996,0.401,0.3969,0.399,3195870.0
1772802000000,0.399,0.4027,0.3932,0.3944,5308422.0
1772805600000,0.3945,0.3955,0.3853,0.3875,9238898.0
1772809200000,0.3874,0.3898,0.3822,0.3839,4689499.0
1772812800000,0.3839,0.3861,0.3823,0.3847,3851139.0
1772816400000,0.3847,0.3867,0.3811,0.3827,2648609.0
1772820000000,0.3826,0.387,0.3824,0.3864,1577848.0
1772823600000,0.3865,0.3891,0.3864,0.3876,919109.0
1772827200000,0.3875,0.3882,0.386,0.3878,819284.0
1772830800000,0.3879,0.3881,0.3862,0.3877,561566.0
1772834400000,0.3877,0.3894,0.3869,0.389,718113.0
1772838000000,0.3891,0.3894,0.3879,0.3884,405096.0
1772841600000,0.3884,0.3899,0.3879,0.3879,935805.0
1772845200000,0.3879,0.3884,0.3867,0.3876,1178170.0
1772848800000,0.3877,0.3887,0.387,0.3879,653245.0
1772852400000,0.388,0.3903,0.3877,0.3884,1371024.0
1772856000000,0.3884,0.3893,0.3854,0.3888,1483281.0
1772859600000,0.3888,0.3897,0.3887,0.3892,616532.0
1772863200000,0.3892,0.3892,0.3853,0.3858,866814.0
1772866800000,0.3857,0.3874,0.3847,0.387,821470.0
1772870400000,0.387,0.3885,0.3862,0.3865,774555.0
1772874000000,0.3865,0.3876,0.3856,0.3868,412048.0
1772877600000,0.3868,0.3873,0.3858,0.386,489205.0
1772881200000,0.386,0.3881,0.3853,0.3859,934651.0
1772884800000,0.386,0.3868,0.3841,0.3844,987525.0
1772888400000,0.3845,0.3859,0.3836,0.3855,1210408.0
1772892000000,0.3855,0.3862,0.3817,0.3844,1858420.0
1772895600000,0.3843,0.3845,0.3804,0.3818,1561380.0
1772899200000,0.3818,0.3826,0.3806,0.3821,944697.0
1772902800000,0.3821,0.3841,0.3818,0.3831,747779.0
1772906400000,0.3831,0.3832,0.379,0.3803,2000223.0
1772910000000,0.3803,0.3805,0.3765,0.3781,2369383.0
1772913600000,0.378,0.3794,0.378,0.3789,513289.0
1772917200000,0.3789,0.3796,0.3774,0.3787,771479.0
1772920800000,0.3787,0.3788,0.3737,0.375,2055474.0
1772924400000,0.3751,0.3775,0.3748,0.3774,669359.0
1772928000000,0.3774,0.3783,0.3761,0.3769,890078.0
1772931600000,0.377,0.3785,0.3757,0.3773,1059455.0
1772935200000,0.3773,0.3775,0.3718,0.3728,2435358.0
1772938800000,0.3728,0.3746,0.3715,0.3729,1360823.0
1772942400000,0.373,0.3738,0.3689,0.3711,2649560.0
1772946000000,0.3711,0.3742,0.3708,0.3726,1819864.0
1772949600000,0.3725,0.3729,0.3711,0.3716,390733.0
1772953200000,0.3716,0.3748,0.3715,0.3739,1077238.0
1772956800000,0.3738,0.374,0.3713,0.3733,2072115.0
1772960400000,0.3733,0.3764,0.3729,0.3753,1738128.0
1772964000000,0.3753,0.3792,0.3752,0.3776,1253697.0
1772967600000,0.3777,0.3777,0.3737,0.3746,1482092.0
1772971200000,0.3746,0.3767,0.3699,0.3736,2744506.0
1772974800000,0.3737,0.3738,0.3687,0.3711,2392074.0
1772978400000,0.371,0.372,0.3689,0.3706,1168058.0
1772982000000,0.3705,0.3705,0.3656,0.3669,2787036.0
1772985600000,0.3669,0.3682,0.3647,0.3657,3043803.0
1772989200000,0.3657,0.3684,0.3608,0.3623,7150340.0
1772992800000,0.3624,0.364,0.3603,0.3633,1706776.0
1772996400000,0.3634,0.3669,0.3612,0.3662,3625991.0
1773000000000,0.3662,0.3677,0.3637,0.3652,1370183.0
1773003600000,0.3652,0.3661,0.364,0.3653,1533244.0
1773007200000,0.3654,0.3654,0.3555,0.3637,7469952.0
1773010800000,0.3638,0.3651,0.3587,0.3601,2289319.0
1773014400000,0.3601,0.3665,0.3584,0.3619,2286022.0
1773018000000,0.3619,0.3643,0.3598,0.3604,2499855.0
1773021600000,0.3604,0.3646,0.3583,0.3631,2740732.0
1773025200000,0.3631,0.3704,0.3625,0.364,6802216.0
1773028800000,0.3639,0.3686,0.3633,0.366,3421705.0
1773032400000,0.366,0.3713,0.3615,0.3704,5096737.0
1773036000000,0.3705,0.3706,0.3645,0.3645,2401813.0
1773039600000,0.3645,0.3656,0.3598,0.3655,3929578.0
1773043200000,0.3655,0.3662,0.362,0.3632,2715605.0
1773046800000,0.3632,0.3685,0.3617,0.3646,3329499.0
1773050400000,0.3647,0.3657,0.3623,0.3639,2874739.0
1773054000000,0.3639,0.3651,0.3615,0.3633,2036693.0
1773057600000,0.3632,0.3676,0.3631,0.3661,2516079.0
1773061200000,0.366,0.372,0.3655,0.3703,4534667.0
1773064800000,0.3702,0.3717,0.3675,0.3696,2740535.0
1773068400000,0.3697,0.3706,0.3623,0.3636,10048700.0
1773072000000,0.3635,0.3675,0.363,0.3655,5245904.0
1773075600000,0.3656,0.3671,0.3626,0.3638,2630331.0
1773079200000,0.3638,0.3638,0.3601,0.3607,3767178.0
1773082800000,0.3608,0.3707,0.359,0.3656,5102945.0
1773086400000,0.3656,0.3667,0.3629,0.3653,1184064.0
1773090000000,0.3653,0.3676,0.365,0.3666,1150104.0
1773093600000,0.3666,0.3669,0.3612,0.3623,1533319.0
1773097200000,0.3622,0.364,0.3618,0.3631,1542984.0
1773100800000,0.3631,0.367,0.3611,0.3646,2167480.0
1773104400000,0.3645,0.366,0.3621,0.3645,1620417.0
1773108000000,0.3644,0.3708,0.3637,0.369,3874417.0
1773111600000,0.369,0.3695,0.3645,0.3649,2147540.0
1773115200000,0.3649,0.3694,0.3646,0.3684,1888585.0
1773118800000,0.3684,0.3694,0.3663,0.3666,1444132.0
1773122400000,0.3665,0.3679,0.365,0.3666,1469470.0
1773126000000,0.3665,0.3713,0.366,0.3701,2305272.0
1773129600000,0.3702,0.3734,0.3695,0.3722,2905262.0
1773133200000,0.3722,0.3808,0.3722,0.379,4116560.0
1773136800000,0.379,0.3799,0.376,0.3771,2495621.0
1773140400000,0.377,0.3784,0.3734,0.3757,4256849.0
1773144000000,0.3758,0.378,0.3687,0.3726,6293059.0
1773147600000,0.3726,0.3758,0.3666,0.3695,5243347.0
1773151200000,0.3695,0.3719,0.3628,0.371,9459458.0
1773154800000,0.371,0.3716,0.3626,0.3675,8484342.0
1773158400000,0.3675,0.3711,0.365,0.3695,4500268.0
1773162000000,0.3695,0.3719,0.3673,0.3696,3585101.0
1773165600000,0.3696,0.37,0.3559,0.3576,9977873.0
1773169200000,0.3576,0.3593,0.3543,0.3565,5046954.0
1773172800000,0.3565,0.3596,0.3563,0.3586,2092325.0
1773176400000,0.3586,0.3601,0.3503,0.3528,4827503.0
1773180000000,0.3528,0.3558,0.352,0.3548,2251916.0
1773183600000,0.3549,0.3573,0.3549,0.3564,1538397.0
1773187200000,0.3564,0.3582,0.3542,0.3574,2009721.0
1773190800000,0.3574,0.3576,0.3555,0.3565,1740253.0
1773194400000,0.3566,0.3581,0.3552,0.358,1805731.0
1773198000000,0.3579,0.359,0.3556,0.3558,2455817.0
1773201600000,0.3557,0.3585,0.3535,0.3578,2968563.0
1773205200000,0.3579,0.358,0.3521,0.3536,3431647.0
1773208800000,0.3537,0.3556,0.3527,0.3551,1481267.0
1773212400000,0.3551,0.3558,0.3511,0.3519,2840228.0
1773216000000,0.352,0.3538,0.3514,0.3535,1880582.0
1773219600000,0.3534,0.3545,0.3511,0.3522,1329872.0
1773223200000,0.3522,0.3553,0.3517,0.3545,1651963.0
1773226800000,0.3545,0.3574,0.3541,0.3556,2574633.0
1773230400000,0.3555,0.362,0.3537,0.3593,4070256.0
1773234000000,0.3593,0.3659,0.357,0.3601,6190595.0
1773237600000,0.3601,0.3638,0.3589,0.3594,3860779.0
1773241200000,0.3594,0.36,0.3529,0.3565,5766057.0
1773244800000,0.3565,0.3587,0.3558,0.3571,2613030.0
1773248400000,0.3572,0.3605,0.3544,0.3575,2918967.0
1773252000000,0.3576,0.3599,0.3571,0.3596,1047341.0
1773255600000,0.3597,0.36,0.3573,0.3586,753063.0
1773259200000,0.3586,0.3586,0.3561,0.3576,689435.0
1773262800000,0.3575,0.3588,0.3565,0.3586,989060.0
1773266400000,0.3585,0.3588,0.3551,0.3568,1287149.0
1773270000000,0.3567,0.3572,0.3541,0.3554,1604132.0
1773273600000,0.3554,0.3562,0.3541,0.3556,1475699.0
1773277200000,0.3555,0.3556,0.3522,0.3531,2505577.0
1773280800000,0.353,0.3536,0.3505,0.3514,3428440.0
1773284400000,0.3514,0.3524,0.3471,0.3484,5917080.0
1773288000000,0.3484,0.35,0.3483,0.3492,2068162.0
1773291600000,0.3491,0.3504,0.3482,0.35,2050385.0
1773295200000,0.35,0.3519,0.3492,0.3519,1903452.0
1773298800000,0.3518,0.3533,0.3504,0.3525,1703525.0
1773302400000,0.3525,0.353,0.3502,0.3522,1601698.0
1773306000000,0.3522,0.3559,0.3504,0.3537,2491233.0
1773309600000,0.3538,0.3564,0.3537,0.3554,2086052.0
1773313200000,0.3554,0.356,0.3526,0.3539,2630001.0
1773316800000,0.3538,0.3738,0.3523,0.3597,34473939.0
1773320400000,0.3597,0.3642,0.3509,0.3539,14661877.0
1773324000000,0.354,0.3562,0.3455,0.3497,12148124.0
1773327600000,0.3497,0.3534,0.3467,0.3513,5566057.0
1773331200000,0.3513,0.3541,0.3475,0.3525,4422266.0
1773334800000,0.3526,0.3551,0.3508,0.3542,1953399.0
1773338400000,0.3543,0.3574,0.3536,0.3566,4562272.0
1773342000000,0.3565,0.3625,0.3557,0.3601,3350163.0
1773345600000,0.36,0.3604,0.3562,0.3567,2511929.0
1773349200000,0.3567,0.361,0.356,0.3601,2014333.0
1773352800000,0.3601,0.3627,0.3577,0.3589,3295627.0
1773356400000,0.359,0.3617,0.3572,0.3591,4381276.0
1773360000000,0.3592,0.3674,0.358,0.3647,7512851.0
1773363600000,0.3646,0.3682,0.3637,0.3679,3379646.0
1773367200000,0.3679,0.3684,0.364,0.3658,3451002.0
1773370800000,0.3658,0.3701,0.3651,0.3698,2374910.0
1773374400000,0.3698,0.3703,0.3676,0.3687,3174440.0
1773378000000,0.3686,0.3692,0.3655,0.3683,2069481.0
1773381600000,0.3683,0.3688,0.3661,0.3676,2629851.0
1773385200000,0.3675,0.3688,0.3649,0.3678,4071215.0
1773388800000,0.3677,0.368,0.3625,0.365,5416632.0
1773392400000,0.3649,0.3697,0.3644,0.3684,3024827.0
1773396000000,0.3684,0.3713,0.3684,0.3696,3133854.0
1773399600000,0.3696,0.3706,0.3675,0.3684,2321332.0
1773403200000,0.3683,0.3759,0.368,0.3732,5717400.0
1773406800000,0.3733,0.3781,0.3728,0.3757,9946349.0
1773410400000,0.3758,0.3769,0.3664,0.3676,11357270.0
1773414000000,0.3677,0.3713,0.3653,0.3666,6287284.0
1773417600000,0.3665,0.3698,0.3643,0.3675,4705240.0
1773421200000,0.3675,0.369,0.3595,0.3614,4513691.0
1773424800000,0.3613,0.3621,0.3579,0.3599,3155576.0
1773428400000,0.3599,0.3608,0.3591,0.3606,1897781.0
1773432000000,0.3606,0.3619,0.3599,0.3618,773989.0
1773435600000,0.3618,0.3635,0.3594,0.3603,1637694.0
1773439200000,0.3602,0.3605,0.3539,0.3563,4373639.0
1773442800000,0.3563,0.3577,0.3557,0.357,1377432.0
1773446400000,0.3571,0.3586,0.3559,0.356,2086963.0
1773450000000,0.3559,0.3579,0.3535,0.3572,2595324.0
1773453600000,0.3571,0.3591,0.356,0.3584,1328814.0
1773457200000,0.3585,0.3605,0.3582,0.359,1404515.0
1773460800000,0.359,0.3625,0.3571,0.3586,2650119.0
1773464400000,0.3587,0.3589,0.3558,0.3563,1636802.0
1773468000000,0.3563,0.3563,0.3515,0.3535,2947634.0
1773471600000,0.3535,0.3541,0.3523,0.3527,1165406.0
1773475200000,0.3527,0.3536,0.3522,0.3526,1876999.0
1773478800000,0.3525,0.3532,0.3501,0.3514,2003571.0
1773482400000,0.3513,0.3521,0.3503,0.3515,2016699.0
1773486000000,0.3515,0.3535,0.3512,0.3527,1920778.0
1773489600000,0.3527,0.3527,0.3483,0.3488,5676178.0
1773493200000,0.3488,0.3511,0.3486,0.351,1521405.0
1773496800000,0.3509,0.3521,0.3504,0.3509,1430814.0
1773500400000,0.351,0.354,0.3506,0.3529,2399794.0
1773504000000,0.3528,0.356,0.3521,0.3556,2630139.0
1773507600000,0.3555,0.3563,0.3535,0.354,2225631.0
1773511200000,0.3539,0.3542,0.353,0.3536,710163.0
1773514800000,0.3535,0.3542,0.3513,0.3517,2009524.0
1773518400000,0.3518,0.3522,0.3507,0.3514,975898.0
1773522000000,0.3514,0.3535,0.3508,0.3527,1153351.0
1773525600000,0.3527,0.3542,0.3524,0.3531,665545.0
1773529200000,0.3532,0.3565,0.3532,0.3557,1093845.0
1773532800000,0.3558,0.3558,0.3531,0.3542,1690923.0
1773536400000,0.3542,0.357,0.3538,0.3567,1660872.0
1773540000000,0.3567,0.3635,0.3566,0.3617,4480154.0
1773543600000,0.3618,0.364,0.3582,0.3597,4915849.0
1773547200000,0.3597,0.3614,0.3568,0.359,2337876.0
1773550800000,0.3589,0.3604,0.3577,0.3581,1386692.0
1773554400000,0.3581,0.3586,0.3566,0.3576,1453415.0
1773558000000,0.3576,0.3593,0.357,0.3593,1065402.0
1773561600000,0.3594,0.3598,0.3585,0.3596,1504598.0
1773565200000,0.3596,0.362,0.358,0.3588,2633266.0
1773568800000,0.3587,0.3608,0.3583,0.3589,1069233.0
1773572400000,0.3589,0.3591,0.3576,0.3585,1914887.0
1773576000000,0.3586,0.3614,0.3581,0.3599,2148147.0
1773579600000,0.3598,0.3601,0.3553,0.3582,4860229.0
1773583200000,0.3582,0.3589,0.3567,0.3585,1138482.0
1773586800000,0.3585,0.3588,0.3569,0.3582,792196.0
1773590400000,0.3582,0.3606,0.3573,0.3582,1942724.0
1773594000000,0.3582,0.3631,0.3582,0.3614,2805841.0
1773597600000,0.3613,0.3628,0.3588,0.3595,1837882.0
1773601200000,0.3596,0.3615,0.3592,0.361,786017.0
1773604800000,0.3609,0.3633,0.3597,0.3617,1583757.0
1773608400000,0.3617,0.3647,0.3599,0.3637,2039156.0
1773612000000,0.3638,0.366,0.3601,0.3648,3915038.0
1773615600000,0.3648,0.3664,0.3614,0.3652,4047663.0
1773619200000,0.3653,0.3674,0.3638,0.3655,3181951.0
1773622800000,0.3654,0.3667,0.3631,0.3662,1699305.0
1773626400000,0.3662,0.3669,0.3642,0.3658,2098273.0
1773630000000,0.3657,0.3751,0.3649,0.3722,8728617.0
1773633600000,0.3722,0.3779,0.372,0.3769,5884253.0
1773637200000,0.3769,0.3811,0.376,0.38,5289700.0
1773640800000,0.38,0.383,0.3767,0.3803,5244063.0
1773644400000,0.3803,0.3873,0.3801,0.3838,6026758.0
1773648000000,0.3839,0.3898,0.3814,0.3833,7287339.0
1773651600000,0.3832,0.3845,0.381,0.3831,2960156.0
1773655200000,0.383,0.3837,0.379,0.3806,3825544.0
1773658800000,0.3805,0.3814,0.3775,0.3806,3012768.0
1773662400000,0.3805,0.3839,0.3798,0.3829,4341229.0
1773666000000,0.3828,0.3858,0.3811,0.3837,4461065.0
1773669600000,0.3838,0.3867,0.3784,0.3846,5828147.0
1773673200000,0.3846,0.3862,0.3827,0.3838,4854246.0
1773676800000,0.3838,0.3975,0.3834,0.3955,13790360.0
1773680400000,0.3956,0.4023,0.3918,0.3926,12932541.0
1773684000000,0.3926,0.3967,0.3905,0.3915,6307961.0
1773687600000,0.3916,0.3976,0.3894,0.3956,6183209.0
1773691200000,0.3955,0.398,0.3938,0.397,2496853.0
1773694800000,0.3969,0.4012,0.3961,0.3984,3338687.0
1773698400000,0.3983,0.406,0.3982,0.4032,4383557.0
1773702000000,0.4032,0.4032,0.3981,0.3994,3599256.0
1773705600000,0.3994,0.4016,0.3962,0.3994,4693938.0
1773709200000,0.3994,0.4013,0.3952,0.3975,4708195.0
1773712800000,0.3975,0.3992,0.3958,0.3969,2352264.0
1773716400000,0.3968,0.3981,0.3888,0.3914,7153573.0
1773720000000,0.3913,0.3924,0.3848,0.3882,4818532.0
1773723600000,0.3881,0.3896,0.3858,0.3883,2673149.0
1773727200000,0.3882,0.3906,0.3864,0.3886,2059932.0
1773730800000,0.3886,0.3951,0.3885,0.3925,2880203.0
1773734400000,0.3924,0.3937,0.39,0.392,3092741.0
1773738000000,0.3919,0.3935,0.3904,0.3914,2258238.0
1773741600000,0.3914,0.3921,0.3888,0.3904,2408954.0
1773745200000,0.3904,0.3924,0.3889,0.3895,1952639.0
1773748800000,0.3895,0.3896,0.3848,0.3863,3503527.0
1773752400000,0.3862,0.3894,0.3833,0.385,4313214.0
1773756000000,0.3851,0.3885,0.3837,0.3869,2838871.0
1773759600000,0.387,0.3986,0.3863,0.392,17393782.0
1773763200000,0.3919,0.3954,0.3911,0.3921,4491248.0
1773766800000,0.392,0.3969,0.392,0.3967,1970471.0
1773770400000,0.3968,0.3987,0.394,0.395,3129126.0
1773774000000,0.395,0.3977,0.3946,0.3952,1490532.0
1773777600000,0.3953,0.3986,0.3951,0.3967,1274962.0
1773781200000,0.3966,0.4005,0.3965,0.399,2347233.0
1773784800000,0.3989,0.401,0.3943,0.397,2631965.0
1773788400000,0.397,0.3977,0.3931,0.3941,1740261.0
1773792000000,0.3941,0.3955,0.3883,0.3921,3239967.0
1773795600000,0.3921,0.393,0.3909,0.3915,1521492.0
1773799200000,0.3914,0.3975,0.3911,0.3959,1836297.0
1773802800000,0.3959,0.3992,0.3948,0.3975,2269846.0
1773806400000,0.3975,0.398,0.3956,0.3975,982796.0
1773810000000,0.3975,0.4016,0.3948,0.3952,3127460.0
1773813600000,0.3952,0.3981,0.3952,0.3956,1976232.0
1773817200000,0.3955,0.3955,0.3917,0.394,2168933.0
1773820800000,0.394,0.3956,0.3928,0.3933,997761.0
1773824400000,0.3933,0.3952,0.3924,0.3933,1140153.0
1773828000000,0.3932,0.3937,0.387,0.3887,3221736.0
1773831600000,0.3886,0.3893,0.3765,0.3787,9291817.0
1773835200000,0.3786,0.3796,0.3719,0.3735,7153310.0
1773838800000,0.3734,0.3743,0.3702,0.371,4574256.0
1773842400000,0.3711,0.3715,0.3638,0.3646,8143737.0
1773846000000,0.3647,0.3667,0.3614,0.3614,5688295.0
1773849600000,0.3615,0.3621,0.3576,0.3593,5628148.0
1773853200000,0.3592,0.3642,0.3572,0.3622,4744332.0
1773856800000,0.3623,0.3661,0.3613,0.3628,4101777.0
1773860400000,0.3628,0.3651,0.3625,0.3637,2601562.0
1773864000000,0.3637,0.3667,0.3608,0.3655,2542373.0
1773867600000,0.3655,0.3704,0.3651,0.369,1956112.0
1773871200000,0.369,0.3691,0.3652,0.3664,1598764.0
1773874800000,0.3665,0.3686,0.3653,0.3686,1449696.0
1773878400000,0.3686,0.3689,0.3661,0.3671,990256.0
1773882000000,0.3671,0.3677,0.3632,0.3632,2551702.0
1773885600000,0.3632,0.3637,0.3594,0.3627,5376923.0
1773889200000,0.3628,0.3658,0.3607,0.361,5565563.0
1773892800000,0.3611,0.3622,0.359,0.3596,2979536.0
1773896400000,0.3596,0.3609,0.3507,0.3537,11476810.0
1773900000000,0.3536,0.3537,0.3494,0.3521,6367456.0
1773903600000,0.3521,0.3524,0.3415,0.3439,14430798.0
1773907200000,0.3438,0.3446,0.3408,0.3422,6304094.0
1773910800000,0.3423,0.3464,0.342,0.343,5731177.0
1773914400000,0.3431,0.3432,0.3368,0.3372,8462103.0
1773918000000,0.3372,0.3398,0.337,0.3392,3826966.0
1773921600000,0.3391,0.3392,0.3283,0.3328,19487092.0
1773925200000,0.3327,0.3372,0.3305,0.3341,11656138.0
1773928800000,0.3342,0.3354,0.3314,0.3319,7349481.0
1773932400000,0.3319,0.3332,0.3274,0.3314,11600719.0
1773936000000,0.3315,0.3317,0.3281,0.3291,4903445.0
1773939600000,0.329,0.3321,0.3284,0.3301,3233872.0
1773943200000,0.3302,0.3304,0.3264,0.3281,5397630.0
1773946800000,0.328,0.3304,0.3266,0.328,3967965.0
1773950400000,0.3281,0.3317,0.3279,0.3307,3725999.0
1773954000000,0.3307,0.3361,0.3304,0.3339,4120630.0
1773957600000,0.3339,0.3344,0.3295,0.3316,3117321.0
1773961200000,0.3317,0.3325,0.3298,0.3304,2222216.0
1773964800000,0.3304,0.3321,0.3291,0.3321,4280402.0
1773968400000,0.3321,0.3343,0.3305,0.3308,3947300.0
1773972000000,0.3309,0.3315,0.3261,0.3284,7467469.0
1773975600000,0.3284,0.3317,0.3281,0.3309,4174665.0
1773979200000,0.3309,0.3314,0.3286,0.33,3701944.0
1773982800000,0.3299,0.3348,0.3291,0.3326,5821221.0
1773986400000,0.3326,0.3338,0.3296,0.3305,3701097.0
1773990000000,0.3305,0.3306,0.3274,0.3297,5124706.0
1773993600000,0.3297,0.3332,0.3285,0.3293,7856705.0
1773997200000,0.3294,0.3294,0.3218,0.3255,15392615.0
1774000800000,0.3254,0.3257,0.3222,0.3247,5574923.0
1774004400000,0.3247,0.3275,0.3204,0.3219,10483243.0
1774008000000,0.3218,0.3233,0.3184,0.3206,7952235.0
1774011600000,0.3205,0.3231,0.3146,0.3196,11186179.0
1774015200000,0.3195,0.3234,0.3182,0.3187,7433554.0
1774018800000,0.3187,0.3223,0.3172,0.3222,5109918.0
1774022400000,0.3222,0.3407,0.3221,0.3375,29033797.0
1774026000000,0.3375,0.3447,0.3337,0.339,38197398.0
1774029600000,0.3391,0.3437,0.3272,0.3286,21137223.0
1774033200000,0.3286,0.329,0.3246,0.3286,7272470.0
1774036800000,0.3285,0.3302,0.3253,0.3264,5084746.0
1774040400000,0.3264,0.3305,0.3241,0.3286,4434876.0
1774044000000,0.3287,0.33,0.3248,0.325,3717888.0
1774047600000,0.325,0.3252,0.319,0.321,8679836.0
1774051200000,0.321,0.3232,0.3174,0.3208,8789396.0
1774054800000,0.3208,0.3219,0.3189,0.3195,4364421.0
1774058400000,0.3196,0.3218,0.3177,0.3211,6093164.0
1774062000000,0.3212,0.3232,0.3194,0.3215,4573956.0
1774065600000,0.3216,0.322,0.3196,0.3206,3269325.0
1774069200000,0.3207,0.3218,0.3196,0.3199,2027240.0
1774072800000,0.3199,0.3234,0.3192,0.3204,3054505.0
1774076400000,0.3203,0.3211,0.3183,0.3198,4033614.0
1774080000000,0.3199,0.3203,0.3188,0.3194,2019206.0
1774083600000,0.3194,0.3201,0.3115,0.3153,14632773.0
1774087200000,0.3153,0.3155,0.3129,0.3155,5802349.0
1774090800000,0.3155,0.3164,0.3135,0.3143,2638481.0
1774094400000,0.3143,0.3147,0.3129,0.3139,2642080.0
1774098000000,0.3138,0.3142,0.3118,0.3134,3064638.0
1774101600000,0.3135,0.3152,0.3123,0.3136,4354772.0
1774105200000,0.3137,0.3176,0.3134,0.3176,6187698.0
1774108800000,0.3176,0.3191,0.3146,0.3148,5041860.0
1774112400000,0.3149,0.3181,0.3137,0.3164,3661122.0
1774116000000,0.3164,0.3218,0.3164,0.3201,4412956.0
1774119600000,0.3202,0.322,0.3189,0.3219,2594134.0
1774123200000,0.3219,0.3276,0.3218,0.3263,4510984.0
1774126800000,0.3264,0.3289,0.3245,0.3249,3834899.0
1774130400000,0.3248,0.3263,0.3233,0.3257,3745840.0
1774134000000,0.3257,0.3258,0.3123,0.316,19072058.0
1774137600000,0.316,0.3194,0.3081,0.3145,21269828.0
1774141200000,0.3145,0.3178,0.3137,0.3165,5417815.0
1774144800000,0.3164,0.3204,0.3152,0.319,4542229.0
1774148400000,0.3189,0.3222,0.3177,0.3199,5846495.0
1774152000000,0.3199,0.3215,0.3174,0.3184,4267905.0
1774155600000,0.3184,0.3202,0.315,0.3163,4089084.0
1774159200000,0.3163,0.3172,0.3146,0.317,2328851.0
1774162800000,0.317,0.3187,0.3151,0.3153,2597428.0
1774166400000,0.3154,0.3163,0.3131,0.3157,5502675.0
1774170000000,0.3157,0.3178,0.3142,0.3147,2819531.0
1774173600000,0.3146,0.3152,0.3113,0.3127,5053260.0
1774177200000,0.3127,0.3147,0.3125,0.3136,2714033.0
1774180800000,0.3136,0.3162,0.3126,0.3133,2747428.0
1774184400000,0.3133,0.3148,0.3109,0.3129,3411277.0
1774188000000,0.3129,0.314,0.3114,0.3119,2181350.0
1774191600000,0.3119,0.3135,0.3112,0.3129,3010706.0
1774195200000,0.3129,0.3144,0.3124,0.3131,2233135.0
1774198800000,0.3132,0.3132,0.3084,0.3096,5655570.0
1774202400000,0.3097,0.3112,0.3068,0.3088,5606324.0
1774206000000,0.3089,0.309,0.3051,0.3062,6441778.0
1774209600000,0.3062,0.3079,0.3036,0.3039,4876147.0
1774213200000,0.3038,0.3057,0.3013,0.3042,7453527.0
1774216800000,0.3041,0.3085,0.3018,0.3083,3373318.0
1774220400000,0.3083,0.3099,0.3063,0.3077,2567911.0
1774224000000,0.3076,0.3094,0.3059,0.3093,3268368.0
1774227600000,0.3093,0.3124,0.3081,0.3108,2793757.0
1774231200000,0.3108,0.3132,0.3087,0.3132,2169376.0
1774234800000,0.3132,0.3151,0.3117,0.3119,1866304.0
1774238400000,0.3119,0.3123,0.3106,0.3122,1296448.0
1774242000000,0.3122,0.3135,0.3107,0.3114,1663896.0
1774245600000,0.3114,0.3114,0.3078,0.3093,4136950.0
1774249200000,0.3093,0.3094,0.3054,0.3082,4663399.0
1774252800000,0.3083,0.3097,0.3067,0.3067,2259554.0
1774256400000,0.3067,0.3075,0.3034,0.3071,3850295.0
1774260000000,0.3072,0.3101,0.3058,0.3066,2705158.0
1774263600000,0.3066,0.3227,0.3063,0.3124,39743551.0
1774267200000,0.3125,0.3134,0.3092,0.313,7068493.0
1774270800000,0.3131,0.3173,0.3113,0.3167,5475613.0
1774274400000,0.3167,0.3196,0.3142,0.3184,5174074.0
1774278000000,0.3185,0.3207,0.3158,0.3166,6346908.0
1774281600000,0.3166,0.3218,0.3159,0.3212,5786237.0
1774285200000,0.3213,0.3245,0.3197,0.3237,5822466.0
1774288800000,0.3238,0.3273,0.3237,0.3269,4557855.0
1774292400000,0.327,0.3293,0.3242,0.3253,3641926.0
1774296000000,0.3252,0.3281,0.3239,0.3273,1967767.0
1774299600000,0.3274,0.3288,0.325,0.3263,1453212.0
1774303200000,0.3263,0.3265,0.3229,0.3235,3425372.0
1774306800000,0.3234,0.3265,0.3213,0.3251,3208119.0
1774310400000,0.3252,0.3259,0.3196,0.3217,5102178.0
1774314000000,0.3216,0.3223,0.3186,0.3202,3554389.0
1774317600000,0.3201,0.3233,0.3194,0.3212,2072842.0
1774321200000,0.3212,0.3242,0.3211,0.3232,1715290.0
1774324800000,0.3232,0.3233,0.32,0.3213,2074658.0
1774328400000,0.3213,0.3235,0.3202,0.3225,1604193.0
1774332000000,0.3226,0.3242,0.3212,0.3233,2006389.0
1774335600000,0.3232,0.3263,0.3224,0.3241,3048217.0
1774339200000,0.3241,0.3243,0.3218,0.3224,2818336.0
1774342800000,0.3225,0.3226,0.3195,0.3204,3811005.0
1774346400000,0.3204,0.3205,0.318,0.3197,4312822.0
1774350000000,0.3197,0.32,0.3175,0.3179,2642816.0
1774353600000,0.318,0.3221,0.3162,0.3198,5033604.0
1774357200000,0.3198,0.3208,0.3174,0.318,3652334.0
1774360800000,0.318,0.3193,0.3139,0.3173,6126462.0
1774364400000,0.3173,0.3187,0.3157,0.3167,2628227.0
1774368000000,0.3166,0.3179,0.3159,0.3178,1854960.0
1774371600000,0.3178,0.3181,0.3127,0.3141,3459051.0
1774375200000,0.3141,0.3175,0.3127,0.3153,1769792.0
1774378800000,0.3153,0.317,0.3145,0.3153,778540.0
1774382400000,0.3152,0.3226,0.3151,0.3221,3624533.0
1774386000000,0.3221,0.3228,0.3187,0.3202,1682692.0
1774389600000,0.3203,0.3207,0.3169,0.3186,1869507.0
1774393200000,0.3187,0.3218,0.3184,0.321,2378004.0
1774396800000,0.3211,0.3233,0.32,0.3217,3026461.0
1774400400000,0.3218,0.3231,0.321,0.3211,2516535.0
1774404000000,0.3211,0.3234,0.3207,0.3215,2625359.0
1774407600000,0.3216,0.3226,0.3187,0.3211,3168513.0
1774411200000,0.3211,0.3215,0.3187,0.3204,1924215.0
1774414800000,0.3203,0.3215,0.3179,0.3184,6619510.0
1774418400000,0.3184,0.3208,0.3172,0.3192,3724258.0
1774422000000,0.3193,0.3217,0.3184,0.3195,3350065.0
1774425600000,0.3196,0.3222,0.3191,0.3203,4947661.0
1774429200000,0.3203,0.3218,0.3186,0.3213,3696569.0
1774432800000,0.3214,0.3223,0.3203,0.321,3135081.0
1774436400000,0.321,0.3252,0.3207,0.3251,5480472.0
1774440000000,0.325,0.3274,0.3224,0.3258,7020607.0
1774443600000,0.3259,0.327,0.3203,0.3207,4596269.0
1774447200000,0.3207,0.3253,0.3187,0.3231,6756070.0
1774450800000,0.3231,0.3239,0.3159,0.3166,9015226.0
1774454400000,0.3165,0.3222,0.316,0.32,5085298.0
1774458000000,0.32,0.3212,0.3163,0.3171,2740334.0
1774461600000,0.3171,0.3198,0.317,0.3187,1730342.0
1774465200000,0.3188,0.3217,0.3182,0.3205,1959778.0
1774468800000,0.3206,0.3207,0.3173,0.3182,3656299.0
1774472400000,0.3182,0.3224,0.3176,0.3221,3529725.0
1774476000000,0.322,0.3249,0.3207,0.3232,2206119.0
1774479600000,0.3232,0.3251,0.3221,0.3247,1901276.0
1774483200000,0.3246,0.3251,0.3204,0.3211,4571644.0
1774486800000,0.3211,0.3222,0.3194,0.3204,1851012.0
1774490400000,0.3204,0.3206,0.3167,0.3181,3349911.0
1774494000000,0.318,0.318,0.3144,0.3153,3447752.0
1774497600000,0.3153,0.3157,0.3108,0.3122,10193082.0
1774501200000,0.3121,0.3126,0.3066,0.3079,11014260.0
1774504800000,0.3078,0.3086,0.3062,0.3073,4671530.0
1774508400000,0.3072,0.308,0.304,0.3066,6976060.0
1774512000000,0.3065,0.3067,0.3037,0.3062,7425375.0
1774515600000,0.3061,0.3081,0.3035,0.3041,6022831.0
1774519200000,0.304,0.3052,0.3008,0.3048,7814676.0
1774522800000,0.3049,0.306,0.3037,0.3041,2705657.0
1774526400000,0.304,0.3062,0.3032,0.3046,2283400.0
1774530000000,0.3045,0.307,0.3032,0.3064,4212784.0
1774533600000,0.3065,0.3068,0.2975,0.3002,14958059.0
1774537200000,0.3003,0.3003,0.2903,0.2923,26169160.0
1774540800000,0.2922,0.2948,0.2917,0.2925,8581818.0
1774544400000,0.2925,0.2948,0.292,0.293,5257666.0
1774548000000,0.2931,0.2935,0.2913,0.2928,3965441.0
1774551600000,0.2928,0.2931,0.2893,0.2902,4427678.0
1774555200000,0.2902,0.2965,0.2891,0.2913,13962627.0
1774558800000,0.2914,0.2926,0.2902,0.2908,3967614.0
1774562400000,0.2909,0.2918,0.2882,0.2917,5427107.0
1774566000000,0.2917,0.2936,0.2902,0.2919,4522633.0
1774569600000,0.2919,0.2932,0.2895,0.2902,4138928.0
1774573200000,0.2901,0.2928,0.2896,0.2907,2898043.0
1774576800000,0.2908,0.2938,0.2904,0.2919,4071324.0
1774580400000,0.2919,0.292,0.2896,0.29,3419584.0
1774584000000,0.2901,0.2901,0.2842,0.2852,16517990.0
1774587600000,0.2851,0.2868,0.2839,0.2852,5400636.0
1774591200000,0.2853,0.2855,0.2804,0.2807,10264795.0
1774594800000,0.2807,0.286,0.2795,0.2854,9824270.0
1774598400000,0.2854,0.2854,0.2813,0.2821,8492598.0
1774602000000,0.2821,0.2821,0.2728,0.2783,23331081.0
1774605600000,0.2783,0.2792,0.2732,0.2739,11103427.0
1774609200000,0.2739,0.2753,0.2727,0.2749,6934686.0
1774612800000,0.2749,0.275,0.2718,0.2738,6466526.0
1774616400000,0.2739,0.2765,0.2726,0.2738,5925412.0
1774620000000,0.2737,0.2755,0.2711,0.272,8889478.0
1774623600000,0.2719,0.2734,0.2672,0.2683,15887384.0
1774627200000,0.2683,0.2687,0.264,0.2662,15969943.0
1774630800000,0.2662,0.2683,0.2633,0.2644,7511348.0
1774634400000,0.2644,0.2648,0.2611,0.2626,7866090.0
1774638000000,0.2627,0.2629,0.2597,0.2613,6515182.0
1774641600000,0.2613,0.2634,0.2601,0.2609,3194204.0
1774645200000,0.261,0.2615,0.2541,0.2557,10555387.0
1774648800000,0.2557,0.2567,0.2531,0.2537,8010234.0
1774652400000,0.2537,0.2538,0.2477,0.2491,16407486.0
1774656000000,0.2492,0.2527,0.2478,0.2497,12060088.0
1774659600000,0.2497,0.2498,0.2431,0.246,22561061.0
1774663200000,0.2461,0.2501,0.2452,0.2456,11364493.0
1774666800000,0.2455,0.249,0.2451,0.2487,10995716.0
1774670400000,0.2487,0.2507,0.2474,0.2488,11124492.0
1774674000000,0.2489,0.2514,0.2471,0.2508,10383177.0
1774677600000,0.2508,0.2574,0.2507,0.2571,21796545.0
1774681200000,0.2572,0.2679,0.2572,0.2675,25195986.0
1774684800000,0.2675,0.2707,0.2654,0.2693,21888846.0
1774688400000,0.2693,0.276,0.2646,0.267,25454982.0
1774692000000,0.2669,0.2727,0.2661,0.2712,13274647.0
1774695600000,0.2712,0.272,0.2681,0.2692,7378241.0
1774699200000,0.2692,0.2731,0.2666,0.2684,9565975.0
1774702800000,0.2684,0.2744,0.2682,0.2729,13542551.0
1774706400000,0.2728,0.2754,0.2708,0.2724,9218322.0
1774710000000,0.2725,0.2749,0.2699,0.2718,8158283.0
1774713600000,0.2719,0.2737,0.2682,0.2703,10221424.0
1774717200000,0.2703,0.2732,0.2703,0.2726,6422278.0
1774720800000,0.2725,0.2752,0.2723,0.2741,6146123.0
1774724400000,0.274,0.2748,0.2725,0.2746,4378105.0
1774728000000,0.2746,0.2764,0.2729,0.275,4622190.0
1774731600000,0.2749,0.2752,0.2692,0.2704,4728303.0
1774735200000,0.2703,0.2727,0.2699,0.2716,2940845.0
1774738800000,0.2715,0.2717,0.2672,0.2687,6702015.0
1774742400000,0.2688,0.2712,0.2668,0.2709,5681297.0
1774746000000,0.2709,0.2747,0.2693,0.2697,12015770.0
1774749600000,0.2697,0.2739,0.2691,0.2722,5340844.0
1774753200000,0.2723,0.2747,0.2712,0.2724,7762251.0
1774756800000,0.2723,0.2734,0.2708,0.273,4774820.0
1774760400000,0.273,0.2742,0.2724,0.2739,3955388.0
1774764000000,0.2738,0.2785,0.272,0.2779,18194929.0
1774767600000,0.2779,0.278,0.2731,0.2742,12642458.0
1774771200000,0.2743,0.2769,0.2726,0.2764,6560370.0
1774774800000,0.2764,0.2765,0.2729,0.2753,6758717.0
1774778400000,0.2752,0.2758,0.2709,0.2711,7709587.0
1774782000000,0.2711,0.2765,0.2711,0.275,6534749.0
1774785600000,0.275,0.2751,0.2702,0.2718,6663857.0
1774789200000,0.2718,0.2741,0.2703,0.2721,6220749.0
1774792800000,0.272,0.2738,0.2707,0.2722,3925100.0
1774796400000,0.2722,0.2741,0.2712,0.2736,10553402.0
1774800000000,0.2735,0.274,0.2696,0.2702,7605298.0
1774803600000,0.2701,0.2739,0.27,0.2721,4886669.0
1774807200000,0.2721,0.2757,0.2708,0.2744,4150784.0
1774810800000,0.2744,0.2745,0.2727,0.2735,2241261.0
1774814400000,0.2734,0.2763,0.2734,0.2753,4243949.0
1774818000000,0.2753,0.2764,0.2745,0.2761,2172089.0
1774821600000,0.2761,0.2761,0.2623,0.2699,19078586.0
1774825200000,0.2698,0.273,0.2696,0.2716,10674720.0
1774828800000,0.2716,0.2769,0.2705,0.274,12816967.0
1774832400000,0.2739,0.2797,0.2739,0.2787,7913972.0
1774836000000,0.2787,0.2871,0.277,0.2829,15680746.0
1774839600000,0.2829,0.2851,0.2813,0.2824,7833988.0
1774843200000,0.2823,0.2852,0.2821,0.2836,5867323.0
1774846800000,0.2835,0.2853,0.2804,0.2814,6095521.0
1774850400000,0.2815,0.283,0.2794,0.2795,7232357.0
1774854000000,0.2795,0.2847,0.2794,0.2828,23026025.0
1774857600000,0.2828,0.2866,0.2821,0.2835,24758845.0
1774861200000,0.2836,0.2841,0.2813,0.2817,5026208.0
1774864800000,0.2818,0.2868,0.2811,0.2849,5887099.0
1774868400000,0.2848,0.2869,0.2825,0.2834,6822894.0
1774872000000,0.2835,0.2836,0.282,0.2832,2959224.0
1774875600000,0.2832,0.2836,0.2776,0.2783,7229475.0
1774879200000,0.2783,0.2814,0.276,0.2805,7733066.0
1774882800000,0.2804,0.2806,0.2776,0.2787,3875866.0
1774886400000,0.2786,0.2801,0.2781,0.28,2493479.0
1774890000000,0.28,0.2806,0.2731,0.2751,6555542.0
1774893600000,0.2751,0.2757,0.2712,0.2719,4197181.0
1774897200000,0.2719,0.2737,0.2703,0.2735,4326436.0
1774900800000,0.2734,0.2741,0.272,0.2729,2497348.0
1774904400000,0.2728,0.2768,0.2726,0.2752,3223763.0
1774908000000,0.2751,0.2763,0.2733,0.2736,2038101.0
1774911600000,0.2736,0.2736,0.2707,0.2718,3650862.0
1774915200000,0.2719,0.2757,0.2717,0.2746,5816161.0
1774918800000,0.2747,0.2782,0.2731,0.2759,7778584.0
1774922400000,0.2759,0.279,0.2753,0.2776,4799065.0
1774926000000,0.2776,0.2776,0.2737,0.2748,3869404.0
1774929600000,0.2748,0.2767,0.2744,0.2751,3113457.0
1774933200000,0.2751,0.2773,0.2743,0.276,2953419.0
1774936800000,0.2761,0.2782,0.275,0.2773,3588167.0
1774940400000,0.2774,0.2781,0.2755,0.2767,2948209.0
1774944000000,0.2768,0.2793,0.2747,0.2753,3919014.0
1774947600000,0.2752,0.276,0.2716,0.2727,8516669.0
1774951200000,0.2727,0.2742,0.2711,0.2713,4332189.0
1774954800000,0.2714,0.2739,0.2707,0.2734,6185501.0
1774958400000,0.2734,0.2747,0.2719,0.2725,4340547.0
1774962000000,0.2725,0.2776,0.2724,0.2761,5061709.0
1774965600000,0.2761,0.279,0.2694,0.2706,10809743.0
1774969200000,0.2705,0.2742,0.2705,0.2718,4967604.0
1774972800000,0.2718,0.2802,0.2718,0.2774,9716925.0
1774976400000,0.2775,0.2788,0.2722,0.2733,10054186.0
1774980000000,0.2733,0.2756,0.2728,0.2744,3016105.0
1774983600000,0.2745,0.2753,0.2736,0.2746,1331415.0
1774987200000,0.2747,0.277,0.2743,0.2764,3028468.0
1774990800000,0.2764,0.2774,0.2748,0.2759,3347462.0
1774994400000,0.2759,0.2761,0.2732,0.2739,2426774.0
1774998000000,0.2739,0.2763,0.2736,0.276,2957429.0
1775001600000,0.2761,0.28,0.2748,0.2799,5520444.0
1775005200000,0.2799,0.2806,0.2754,0.276,8687419.0
1775008800000,0.276,0.2773,0.2739,0.2756,5792264.0
1775012400000,0.2756,0.2795,0.2754,0.2789,3446533.0
1775016000000,0.2788,0.2801,0.2776,0.278,2845451.0
1775019600000,0.2781,0.2818,0.2767,0.2798,6574863.0
1775023200000,0.2799,0.2826,0.2798,0.2815,7180460.0
1775026800000,0.2816,0.283,0.2792,0.2799,6168437.0
1775030400000,0.2798,0.2821,0.2783,0.2802,5210931.0
1775034000000,0.2802,0.2809,0.2775,0.2794,3262441.0
1775037600000,0.2794,0.2824,0.2794,0.2808,2953065.0
1775041200000,0.2808,0.2832,0.2802,0.2821,3538770.0
1775044800000,0.282,0.285,0.2809,0.2826,9601213.0
1775048400000,0.2826,0.2834,0.2776,0.2785,6984535.0
1775052000000,0.2785,0.2823,0.2777,0.2814,4073678.0
1775055600000,0.2814,0.2842,0.2813,0.284,3927636.0
1775059200000,0.284,0.2841,0.2798,0.2804,5407078.0
1775062800000,0.2803,0.2829,0.2778,0.2786,7881344.0
1775066400000,0.2785,0.2791,0.2766,0.2772,2965310.0
1775070000000,0.2771,0.2791,0.2769,0.2781,1363101.0
1775073600000,0.2781,0.2783,0.2752,0.2777,3424056.0
1775077200000,0.2777,0.2809,0.2776,0.2801,2247721.0
1775080800000,0.28,0.2804,0.2759,0.2762,2634068.0
1775084400000,0.2762,0.2787,0.2759,0.278,2460167.0
1775088000000,0.278,0.2803,0.2771,0.2795,3141829.0
1775091600000,0.2794,0.2794,0.2685,0.2712,18382569.0
1775095200000,0.2711,0.2711,0.266,0.2681,9018801.0
1775098800000,0.2681,0.2702,0.2661,0.2673,5098027.0
1775102400000,0.2673,0.2693,0.2671,0.2677,3501100.0
1775106000000,0.2677,0.2711,0.2668,0.2696,4386056.0
1775109600000,0.2695,0.2716,0.269,0.2709,3012351.0
1775113200000,0.2709,0.2727,0.2693,0.2697,3261253.0
1775116800000,0.2696,0.2711,0.2681,0.2684,3136129.0
1775120400000,0.2684,0.2695,0.2667,0.2692,3792805.0
1775124000000,0.2691,0.2696,0.2672,0.2678,1956012.0
1775127600000,0.2677,0.2685,0.2657,0.2676,4331540.0
1775131200000,0.2676,0.2678,0.2632,0.2657,7385086.0
1775134800000,0.2657,0.2664,0.2608,0.2627,11870351.0
1775138400000,0.2626,0.2702,0.2618,0.2691,7201801.0
1775142000000,0.269,0.2701,0.2652,0.2665,3524124.0
1775145600000,0.2666,0.2692,0.2649,0.267,3064404.0
1775149200000,0.2671,0.2698,0.2643,0.2649,2559604.0
1775152800000,0.265,0.2679,0.2646,0.2671,1191353.0
1775156400000,0.2672,0.2675,0.2649,0.2666,1007130.0
1775160000000,0.2666,0.2698,0.2658,0.2678,1570875.0
1775163600000,0.2678,0.2681,0.2648,0.2657,1468256.0
1775167200000,0.2657,0.2673,0.2653,0.2667,1473253.0
1775170800000,0.2667,0.2681,0.2664,0.2677,1664845.0
1775174400000,0.2678,0.2686,0.2656,0.2657,2277178.0
1775178000000,0.2657,0.2661,0.2633,0.2655,4291002.0
1775181600000,0.2654,0.267,0.2642,0.2663,2393335.0
1775185200000,0.2663,0.267,0.2654,0.2663,1285911.0
1775188800000,0.2662,0.2681,0.2658,0.2681,2111936.0
1775192400000,0.2681,0.2709,0.2671,0.27,3495460.0
1775196000000,0.2699,0.272,0.2687,0.2709,2721087.0
1775199600000,0.271,0.2717,0.2697,0.2702,2142673.0
1775203200000,0.2703,0.2731,0.2701,0.2713,2986401.0
1775206800000,0.2713,0.2731,0.2707,0.272,2931033.0
1775210400000,0.272,0.2724,0.2703,0.272,1781590.0
1775214000000,0.272,0.2729,0.2711,0.2726,2128496.0
1775217600000,0.2726,0.2752,0.2697,0.2714,4825952.0
1775221200000,0.2715,0.2717,0.2698,0.2711,1844928.0
1775224800000,0.271,0.2725,0.2701,0.2719,2742154.0
1775228400000,0.2718,0.2729,0.2688,0.2694,2624914.0
1775232000000,0.2693,0.2718,0.2691,0.2715,2495314.0
1775235600000,0.2716,0.2719,0.2698,0.2704,1111483.0
1775239200000,0.2703,0.2709,0.2681,0.2685,1757718.0
1775242800000,0.2685,0.2687,0.2665,0.2681,2918549.0
1775246400000,0.2681,0.269,0.267,0.2677,978072.0
1775250000000,0.2677,0.2687,0.2639,0.2666,2945514.0
1775253600000,0.2666,0.2668,0.2646,0.266,1733181.0
1775257200000,0.2659,0.2666,0.2642,0.2662,1644036.0
1775260800000,0.2662,0.2665,0.2649,0.2656,2105267.0
1775264400000,0.2656,0.2659,0.264,0.2652,1855158.0
1775268000000,0.2651,0.2659,0.263,0.264,2277559.0
1775271600000,0.2639,0.2648,0.2638,0.2647,1065811.0
1775275200000,0.2647,0.2659,0.2644,0.2654,1083490.0
1775278800000,0.2653,0.2655,0.2639,0.2642,1887651.0
1775282400000,0.2643,0.2659,0.2637,0.2656,1900742.0
1775286000000,0.2657,0.2658,0.2637,0.264,1967450.0
1775289600000,0.2641,0.2643,0.2597,0.2609,8492092.0
1775293200000,0.2609,0.2611,0.2589,0.2604,4918398.0
1775296800000,0.2605,0.2616,0.2602,0.2606,2362177.0
1775300400000,0.2606,0.2618,0.2604,0.2612,1452475.0
1775304000000,0.2611,0.2637,0.2609,0.2629,2171865.0
1775307600000,0.263,0.2647,0.262,0.262,3661819.0
1775311200000,0.262,0.2622,0.2598,0.2618,5179945.0
1775314800000,0.2619,0.2642,0.2614,0.2623,5392087.0
1775318400000,0.2623,0.2637,0.2608,0.2608,2244619.0
1775322000000,0.2608,0.2654,0.2603,0.264,3430273.0
1775325600000,0.264,0.2649,0.2616,0.2616,1914088.0
1775329200000,0.2617,0.2653,0.2617,0.2629,4180661.0
1775332800000,0.263,0.2633,0.2618,0.262,1041698.0
1775336400000,0.2621,0.263,0.2614,0.262,962827.0
1775340000000,0.262,0.2626,0.2606,0.2609,1311618.0
1775343600000,0.2609,0.2609,0.2557,0.2573,9855871.0
1775347200000,0.2573,0.2587,0.2558,0.2584,3448017.0
1775350800000,0.2584,0.259,0.2564,0.2564,2450570.0
1775354400000,0.2565,0.2574,0.2551,0.2573,3612424.0
1775358000000,0.2572,0.2572,0.2558,0.2568,1555139.0
1775361600000,0.2568,0.2568,0.253,0.2544,9372405.0
1775365200000,0.2544,0.2556,0.2519,0.2525,5003010.0
1775368800000,0.2526,0.253,0.2505,0.2515,6536542.0
1775372400000,0.2516,0.252,0.2475,0.2487,8947837.0
1775376000000,0.2486,0.2499,0.2484,0.2493,3244132.0
1775379600000,0.2494,0.2512,0.2493,0.2502,2575407.0
1775383200000,0.2501,0.2507,0.2459,0.2469,10538214.0
1775386800000,0.2469,0.2487,0.2462,0.2485,3926479.0
1775390400000,0.2485,0.2488,0.2448,0.2467,8333725.0
1775394000000,0.2467,0.2474,0.2446,0.2468,6071692.0
1775397600000,0.2468,0.2477,0.2458,0.2472,2808056.0
1775401200000,0.2471,0.2511,0.2456,0.2484,10472062.0
1775404800000,0.2485,0.2511,0.2479,0.248,5160037.0
1775408400000,0.2481,0.2491,0.2469,0.2487,2347750.0
1775412000000,0.2487,0.2489,0.247,0.247,2691300.0
1775415600000,0.2471,0.2473,0.241,0.2447,12625049.0
1775419200000,0.2448,0.2451,0.2418,0.2427,5868219.0
1775422800000,0.2428,0.2428,0.238,0.2408,9863841.0
1775426400000,0.2409,0.245,0.2405,0.2447,9001025.0
1775430000000,0.2447,0.2493,0.2431,0.2487,10839182.0
1775433600000,0.2487,0.2526,0.2487,0.2497,10012984.0
1775437200000,0.2496,0.25,0.2466,0.2474,5019410.0
1775440800000,0.2475,0.253,0.2474,0.252,6983925.0
1775444400000,0.2519,0.253,0.2509,0.253,4561376.0
1775448000000,0.2529,0.2538,0.2505,0.2511,4877384.0
1775451600000,0.251,0.2514,0.2482,0.2482,3681232.0
1775455200000,0.2483,0.2483,0.2454,0.2475,7370660.0
1775458800000,0.2476,0.2477,0.2453,0.2469,4572173.0
1775462400000,0.247,0.2511,0.2468,0.2482,5965291.0
1775466000000,0.2482,0.2524,0.2476,0.2516,7208207.0
1775469600000,0.2517,0.2546,0.2516,0.2542,6466173.0
1775473200000,0.2541,0.2556,0.253,0.2534,3810496.0
1775476800000,0.2535,0.2543,0.2519,0.2542,4395475.0
1775480400000,0.2542,0.2562,0.2533,0.2545,5806587.0
1775484000000,0.2545,0.2563,0.2495,0.2524,9245452.0
1775487600000,0.2524,0.2551,0.2509,0.2537,4361070.0
1775491200000,0.2537,0.2548,0.2513,0.2518,4918961.0
1775494800000,0.2518,0.252,0.2484,0.2501,7929165.0
1775498400000,0.2501,0.254,0.2501,0.2538,5832955.0
1775502000000,0.2538,0.2543,0.2501,0.2506,5329752.0
1775505600000,0.2506,0.2519,0.2495,0.2511,2730809.0
1775509200000,0.2511,0.2511,0.2471,0.2482,3244008.0
1775512800000,0.2482,0.2483,0.2422,0.2424,11704511.0
1775516400000,0.2423,0.2434,0.2406,0.2427,10802527.0
1775520000000,0.2428,0.245,0.2418,0.2434,6382567.0
1775523600000,0.2434,0.2446,0.2408,0.2414,5478982.0
1775527200000,0.2413,0.2424,0.2389,0.2414,7955682.0
1775530800000,0.2414,0.2432,0.2413,0.2424,2108819.0
1775534400000,0.2423,0.2449,0.241,0.2439,5966696.0
1775538000000,0.244,0.2451,0.2426,0.2432,3549176.0
1775541600000,0.2432,0.2458,0.2414,0.2449,7326864.0
1775545200000,0.245,0.2454,0.2436,0.2446,3550370.0
1775548800000,0.2445,0.2472,0.2444,0.2464,5086195.0
1775552400000,0.2465,0.2483,0.2464,0.2479,2963476.0
1775556000000,0.2479,0.2498,0.2447,0.2454,9023161.0
1775559600000,0.2454,0.2472,0.245,0.2451,3358447.0
1775563200000,0.2451,0.2458,0.2428,0.2448,7057771.0
1775566800000,0.2448,0.2478,0.2444,0.2445,6126302.0
1775570400000,0.2445,0.2469,0.2427,0.244,6218395.0
1775574000000,0.2439,0.2446,0.2421,0.2429,5858153.0
1775577600000,0.2429,0.2445,0.2414,0.2428,4746973.0
1775581200000,0.2429,0.2517,0.2428,0.2515,8941770.0
1775584800000,0.2516,0.2561,0.2492,0.2499,16132759.0
1775588400000,0.2499,0.2559,0.2486,0.2556,9691630.0
1775592000000,0.2555,0.2576,0.2545,0.2555,6311259.0
1775595600000,0.2555,0.2667,0.255,0.2651,13490632.0
1775599200000,0.2652,0.2711,0.2625,0.2706,16614803.0
1775602800000,0.2707,0.2749,0.2676,0.2699,21153783.0
1775606400000,0.2699,0.2712,0.2631,0.2645,13109121.0
1775610000000,0.2646,0.2654,0.2622,0.263,6418743.0
1775613600000,0.2629,0.2649,0.2606,0.2615,7634182.0
1775617200000,0.2614,0.2629,0.2605,0.2623,4021737.0
1775620800000,0.2623,0.2643,0.262,0.2628,5455027.0
1775624400000,0.2627,0.266,0.2626,0.2649,4738313.0
1775628000000,0.265,0.2665,0.2634,0.264,5180013.0
1775631600000,0.264,0.265,0.2626,0.2629,3212432.0
1775635200000,0.263,0.2635,0.2618,0.2628,3487524.0
1775638800000,0.2628,0.2633,0.2613,0.2626,2874335.0
1775642400000,0.2626,0.2641,0.2624,0.2625,2242810.0
1775646000000,0.2624,0.264,0.2595,0.2613,6998264.0
1775649600000,0.2613,0.2628,0.2596,0.2625,3994318.0
1775653200000,0.2625,0.2658,0.2625,0.263,6292931.0
1775656800000,0.2629,0.2637,0.2573,0.2585,11271834.0
1775660400000,0.2584,0.2635,0.2578,0.2634,5581041.0
1775664000000,0.2635,0.2672,0.2631,0.2661,7058368.0
1775667600000,0.2661,0.2689,0.264,0.2656,5493524.0
1775671200000,0.2655,0.2669,0.2587,0.2587,5173236.0
1775674800000,0.2587,0.2594,0.2569,0.259,3016397.0
1775678400000,0.259,0.2603,0.2581,0.2596,2529056.0
1775682000000,0.2596,0.262,0.2588,0.2591,2184123.0
1775685600000,0.2592,0.2602,0.2574,0.2578,2472134.0
1775689200000,0.2578,0.2583,0.2552,0.2565,4284807.0
1775692800000,0.2565,0.257,0.2533,0.2553,6181774.0
1775696400000,0.2552,0.2554,0.2523,0.2547,3975227.0
1775700000000,0.2546,0.2574,0.253,0.2564,3887122.0
1775703600000,0.2564,0.2567,0.2538,0.2539,2378304.0
1775707200000,0.2539,0.2558,0.2531,0.2552,1855006.0
1775710800000,0.2551,0.2568,0.2546,0.2553,2378169.0
1775714400000,0.2554,0.2566,0.2553,0.2566,986053.0
1775718000000,0.2566,0.2575,0.2551,0.2556,2083408.0
1775721600000,0.2556,0.257,0.255,0.2557,3380120.0
1775725200000,0.2557,0.2618,0.2545,0.2602,8469195.0
1775728800000,0.2602,0.2623,0.2583,0.2618,10078768.0
1775732400000,0.2617,0.2639,0.2594,0.2595,8435193.0
1775736000000,0.2596,0.2608,0.2582,0.2597,4358267.0
1775739600000,0.2596,0.2621,0.259,0.2618,4769139.0
1775743200000,0.2619,0.2649,0.2592,0.2647,5671701.0
1775746800000,0.2647,0.2703,0.2616,0.2676,12708243.0
1775750400000,0.2677,0.2698,0.2638,0.2661,6883132.0
1775754000000,0.266,0.2686,0.2648,0.2681,5743717.0
1775757600000,0.2681,0.2684,0.2658,0.2676,1938478.0
1775761200000,0.2677,0.2705,0.2674,0.2697,3338764.0
1775764800000,0.2697,0.2733,0.2689,0.2705,4708424.0
1775768400000,0.2705,0.2728,0.2692,0.271,3094345.0
1775772000000,0.2711,0.2781,0.2708,0.2708,9984432.0
1775775600000,0.2708,0.2711,0.2667,0.2671,5308601.0
1775779200000,0.267,0.268,0.2651,0.2662,4481545.0
1775782800000,0.2661,0.2697,0.2641,0.2672,4074126.0
1775786400000,0.2672,0.2706,0.267,0.2677,3510670.0
1775790000000,0.2677,0.2687,0.266,0.2665,2677800.0
1775793600000,0.2664,0.2714,0.2664,0.2698,3292318.0
1775797200000,0.2698,0.2711,0.2677,0.2708,3195716.0
1775800800000,0.2708,0.2721,0.2681,0.2687,5646244.0
1775804400000,0.2687,0.2698,0.2676,0.269,2727658.0
1775808000000,0.269,0.2699,0.2662,0.2673,4108852.0
1775811600000,0.2674,0.2699,0.2672,0.2683,3334847.0
1775815200000,0.2682,0.2694,0.2665,0.2666,2839452.0
1775818800000,0.2665,0.2688,0.2665,0.2677,2417546.0
1775822400000,0.2678,0.2705,0.2676,0.2681,4846304.0
1775826000000,0.2681,0.2703,0.2665,0.2684,4179131.0
1775829600000,0.2684,0.2703,0.2665,0.2697,5721607.0
1775833200000,0.2698,0.2827,0.2697,0.2773,53717483.0
1775836800000,0.2773,0.2797,0.2732,0.2758,6293314.0
1775840400000,0.2758,0.2775,0.2723,0.2724,3071907.0
1775844000000,0.2724,0.2785,0.2724,0.2784,3534693.0
1775847600000,0.2783,0.2811,0.2772,0.2805,3227090.0
1775851200000,0.2805,0.2841,0.2803,0.2839,5138529.0
1775854800000,0.2839,0.2849,0.2778,0.2802,4416189.0
1775858400000,0.2803,0.2815,0.2782,0.2789,3180399.0
1775862000000,0.2788,0.2802,0.2781,0.2786,1845674.0
1775865600000,0.2786,0.2791,0.2769,0.2787,2498881.0
1775869200000,0.2786,0.2801,0.2768,0.2799,2250439.0
1775872800000,0.2799,0.2863,0.2794,0.2828,10804959.0
1775876400000,0.2827,0.2848,0.2805,0.2811,4502552.0
1775880000000,0.2812,0.2842,0.2792,0.2836,5179388.0
1775883600000,0.2836,0.284,0.2805,0.2818,3468227.0
1775887200000,0.2817,0.2835,0.2798,0.2814,3387575.0
1775890800000,0.2813,0.2837,0.2812,0.2827,2434221.0
1775894400000,0.2827,0.2839,0.2812,0.2817,2329766.0
1775898000000,0.2817,0.2873,0.2812,0.2856,10206165.0
1775901600000,0.2855,0.287,0.2799,0.2803,5836145.0
1775905200000,0.2803,0.2831,0.2802,0.281,3051066.0
1775908800000,0.281,0.2814,0.2782,0.2787,3314770.0
1775912400000,0.2788,0.2822,0.2734,0.2815,16492476.0
1775916000000,0.2815,0.2849,0.2792,0.2844,7557384.0
1775919600000,0.2844,0.2939,0.2839,0.2927,14029373.0
1775923200000,0.2927,0.2949,0.2891,0.2898,8432139.0
1775926800000,0.2899,0.29,0.2865,0.2883,5289383.0
1775930400000,0.2884,0.2975,0.286,0.2969,9731779.0
1775934000000,0.297,0.3022,0.2962,0.2982,11436993.0
1775937600000,0.2982,0.3023,0.2962,0.3004,7353136.0
1775941200000,0.3004,0.3007,0.2968,0.2992,3139222.0
1775944800000,0.2992,0.3025,0.2974,0.2992,4361458.0
1775948400000,0.2992,0.3004,0.2957,0.2979,6424403.0
1775952000000,0.298,0.2994,0.2934,0.2976,7501997.0
1775955600000,0.2975,0.3004,0.2811,0.2839,25615143.0
1775959200000,0.2839,0.2891,0.283,0.2887,8084269.0
1775962800000,0.2887,0.2911,0.2868,0.2879,5530106.0
1775966400000,0.2879,0.2906,0.2866,0.2882,3892266.0
1775970000000,0.2882,0.2889,0.2824,0.2876,6926361.0
1775973600000,0.2875,0.2904,0.2849,0.2861,4744407.0
1775977200000,0.286,0.2886,0.2851,0.2874,2989464.0
1775980800000,0.2874,0.2905,0.2868,0.2901,3258493.0
1775984400000,0.2901,0.2923,0.2886,0.2913,3680661.0
1775988000000,0.2914,0.2956,0.291,0.2926,7539542.0
1775991600000,0.2926,0.2965,0.2912,0.2916,7086055.0
1775995200000,0.2916,0.2921,0.2882,0.2897,7536159.0
1775998800000,0.2897,0.2914,0.2834,0.2844,8717731.0
1776002400000,0.2844,0.2879,0.2832,0.2841,6780952.0
1776006000000,0.2841,0.2867,0.2827,0.2854,5133479.0
1776009600000,0.2854,0.2892,0.285,0.2867,3694981.0
1776013200000,0.2868,0.2954,0.2868,0.2941,5946914.0
1776016800000,0.2942,0.2954,0.2919,0.2931,3728914.0
1776020400000,0.2931,0.2958,0.2902,0.291,3529453.0
1776024000000,0.2911,0.2946,0.2907,0.2929,2566863.0
1776027600000,0.2929,0.2933,0.2882,0.29,2768771.0
1776031200000,0.29,0.29,0.2851,0.2881,4184157.0
1776034800000,0.2882,0.2897,0.2872,0.2887,2342810.0
1776038400000,0.2887,0.2946,0.2878,0.2913,4612892.0
1776042000000,0.2913,0.3019,0.2913,0.299,12460960.0
1776045600000,0.2991,0.3026,0.2951,0.2955,10204639.0
1776049200000,0.2956,0.2957,0.2919,0.2931,6621177.0
1776052800000,0.293,0.2966,0.2909,0.2929,7014086.0
1776056400000,0.2929,0.2932,0.2892,0.2922,4616744.0
1776060000000,0.2921,0.2961,0.2915,0.2939,4687542.0
1776063600000,0.2939,0.2943,0.2902,0.2906,4587155.0
1776067200000,0.2906,0.2917,0.2881,0.2901,4506165.0
1776070800000,0.2901,0.2929,0.2899,0.2926,3918218.0
1776074400000,0.2926,0.2941,0.2908,0.2933,4133544.0
1776078000000,0.2934,0.2993,0.2923,0.2983,6138599.0
1776081600000,0.2984,0.3064,0.2976,0.3031,13722998.0
1776085200000,0.3032,0.3142,0.3011,0.3129,15976824.0
1776088800000,0.3129,0.3138,0.3016,0.3027,17824758.0
1776092400000,0.3027,0.3028,0.2925,0.2951,17896737.0
1776096000000,0.2951,0.3008,0.2945,0.2974,8517599.0
1776099600000,0.2974,0.2994,0.2942,0.2949,5640801.0
1776103200000,0.2949,0.2979,0.2935,0.2977,3004942.0
1776106800000,0.2978,0.3009,0.297,0.2996,3352721.0
1776110400000,0.2996,0.3013,0.2966,0.2994,4085206.0
1776114000000,0.2995,0.3028,0.2988,0.3021,1852122.0
1776117600000,0.3021,0.3127,0.3018,0.3107,11765770.0
1776121200000,0.3107,0.3117,0.3078,0.3112,5773655.0
1776124800000,0.3112,0.3118,0.3081,0.3087,4729870.0
1776128400000,0.3088,0.312,0.3071,0.3115,4363298.0
1776132000000,0.3115,0.318,0.3115,0.314,9207005.0
1776135600000,0.3141,0.3194,0.3128,0.3169,6784984.0
1776139200000,0.3169,0.3187,0.3143,0.3146,5194362.0
1776142800000,0.3146,0.3179,0.3121,0.3157,6327518.0
1776146400000,0.3156,0.3208,0.3156,0.3196,6652501.0
1776150000000,0.3196,0.3285,0.3192,0.3248,15879415.0
1776153600000,0.3248,0.3263,0.3158,0.3166,11991544.0
1776157200000,0.3166,0.3227,0.3159,0.3223,5458821.0
1776160800000,0.3223,0.3242,0.3154,0.3175,6343534.0
1776164400000,0.3174,0.3188,0.3105,0.3118,5186509.0
1776168000000,0.3119,0.3164,0.3095,0.3155,8008899.0
1776171600000,0.3156,0.3193,0.3134,0.3181,6782872.0
1776175200000,0.3182,0.3187,0.3086,0.311,12570431.0
1776178800000,0.311,0.3131,0.3092,0.3094,7443503.0
1776182400000,0.3095,0.3099,0.3052,0.308,7977506.0
1776186000000,0.3079,0.3088,0.3033,0.3053,5450961.0
1776189600000,0.3053,0.3056,0.2961,0.2967,14293021.0
1776193200000,0.2967,0.298,0.2938,0.2954,7845000.0
1776196800000,0.2954,0.2964,0.2939,0.2953,3547957.0
1776200400000,0.2953,0.2966,0.2914,0.2948,6237382.0
1776204000000,0.2947,0.2961,0.293,0.2939,3809906.0
1776207600000,0.2938,0.297,0.2937,0.2964,4110188.0
1776211200000,0.2963,0.2976,0.2919,0.2922,6522598.0
1776214800000,0.2923,0.299,0.2922,0.2984,6980774.0
1776218400000,0.2983,0.2998,0.2955,0.2974,7420900.0
1776222000000,0.2974,0.2987,0.2957,0.2979,1973106.0
1776225600000,0.2979,0.3028,0.2977,0.3019,5697396.0
1776229200000,0.3019,0.3029,0.297,0.2994,4247498.0
1776232800000,0.2993,0.2994,0.2961,0.2964,3505810.0
1776236400000,0.2965,0.2974,0.2931,0.2945,5943985.0
1776240000000,0.2944,0.2966,0.2936,0.2955,3657460.0
1776243600000,0.2956,0.2964,0.2938,0.2947,3044739.0
1776247200000,0.2946,0.2992,0.2944,0.296,4027612.0
1776250800000,0.2961,0.3009,0.2958,0.2984,4326948.0
1776254400000,0.2985,0.2992,0.2972,0.2989,2724160.0
1776258000000,0.2989,0.2989,0.295,0.2955,4708476.0
1776261600000,0.2956,0.2988,0.2942,0.2977,8093641.0
1776265200000,0.2978,0.2979,0.2925,0.296,6473462.0
1776268800000,0.296,0.3022,0.2956,0.3011,8110229.0
1776272400000,0.3011,0.3028,0.2989,0.3,4577845.0
1776276000000,0.3,0.3019,0.2987,0.3003,2307389.0
1776279600000,0.3003,0.3045,0.2988,0.3019,4737477.0
1776283200000,0.302,0.3043,0.3007,0.3042,3560265.0
1776286800000,0.3042,0.3066,0.3023,0.3049,3369591.0
1776290400000,0.3049,0.3094,0.3045,0.3063,3869652.0
1776294000000,0.3063,0.3064,0.303,0.3047,3493442.0
1776297600000,0.3048,0.3057,0.3025,0.3057,3029600.0
1776301200000,0.3057,0.3091,0.3035,0.3085,4871469.0
1776304800000,0.3085,0.3122,0.3082,0.3082,6524036.0
1776308400000,0.3082,0.3131,0.3076,0.3105,4452580.0
1776312000000,0.3105,0.3121,0.3064,0.3083,5402534.0
1776315600000,0.3083,0.3108,0.3068,0.3079,4385907.0
1776319200000,0.308,0.3089,0.3066,0.3081,2759858.0
1776322800000,0.3082,0.3122,0.3078,0.3111,4494482.0
1776326400000,0.3111,0.3113,0.3055,0.3066,7049010.0
1776330000000,0.3066,0.3095,0.3062,0.3072,3519271.0
1776333600000,0.3071,0.309,0.3043,0.3076,4926591.0
1776337200000,0.3076,0.3107,0.3068,0.3096,4155577.0
1776340800000,0.3095,0.3134,0.309,0.3131,6230242.0
1776344400000,0.3131,0.3183,0.3031,0.309,19802346.0
1776348000000,0.3091,0.3129,0.3054,0.3113,10859396.0
1776351600000,0.3113,0.325,0.3109,0.3198,12706417.0
1776355200000,0.3198,0.321,0.3132,0.314,11286271.0
1776358800000,0.314,0.3151,0.3085,0.3121,7343033.0
1776362400000,0.312,0.3188,0.3116,0.3183,4357221.0
1776366000000,0.3183,0.3211,0.3171,0.3192,4058556.0
1776369600000,0.3192,0.3221,0.3166,0.3183,4509867.0
1776373200000,0.3184,0.3225,0.3146,0.3217,3174181.0
1776376800000,0.3217,0.3287,0.3217,0.3266,6713919.0
1776380400000,0.3266,0.3279,0.3241,0.3249,4627241.0
1776384000000,0.3249,0.325,0.3213,0.323,4661426.0
1776387600000,0.3231,0.3244,0.3161,0.3187,5343542.0
1776391200000,0.3186,0.3203,0.3155,0.3188,5471169.0
1776394800000,0.3188,0.3205,0.3177,0.3185,3310924.0
1776398400000,0.3184,0.3205,0.3163,0.3172,2570708.0
1776402000000,0.3172,0.3183,0.3122,0.314,5984782.0
1776405600000,0.314,0.3191,0.3136,0.3178,4201506.0
1776409200000,0.3179,0.3201,0.3179,0.3191,3189320.0
1776412800000,0.319,0.3207,0.3166,0.3179,3823648.0
1776416400000,0.3179,0.3201,0.3156,0.3167,4344870.0
1776420000000,0.3167,0.3176,0.3113,0.3121,6529005.0
1776423600000,0.3121,0.3123,0.3044,0.3061,22656824.0
1776427200000,0.3062,0.3099,0.3046,0.3091,9176732.0
1776430800000,0.3091,0.3183,0.3081,0.3173,13478944.0
1776434400000,0.3173,0.3178,0.3124,0.3124,9930136.0
1776438000000,0.3125,0.3125,0.296,0.2983,33158813.0
1776441600000,0.2984,0.3048,0.2982,0.3045,12928160.0
1776445200000,0.3045,0.3071,0.2928,0.2951,22873164.0
1776448800000,0.2952,0.2981,0.2821,0.2845,34127295.0
1776452400000,0.2846,0.2877,0.2831,0.2873,5897309.0
1776456000000,0.2873,0.2882,0.2843,0.2855,3618952.0
1776459600000,0.2855,0.2876,0.2789,0.2838,7339619.0
1776463200000,0.2837,0.2847,0.2776,0.2814,9423159.0
1776466800000,0.2813,0.2821,0.2783,0.2801,7614259.0
1776470400000,0.2802,0.2854,0.2787,0.2848,7477404.0
1776474000000,0.2847,0.286,0.2793,0.2806,9992367.0
1776477600000,0.2806,0.2829,0.2794,0.2819,4988692.0
1776481200000,0.2818,0.2834,0.28,0.283,5483368.0
1776484800000,0.283,0.2869,0.2807,0.2822,11395784.0
1776488400000,0.2821,0.2843,0.2817,0.2837,4708730.0
1776492000000,0.2837,0.2876,0.2829,0.2863,6741009.0
1776495600000,0.2862,0.2877,0.283,0.2851,8248753.0
1776499200000,0.285,0.2858,0.2796,0.2837,13068866.0
1776502800000,0.2837,0.2844,0.2816,0.2828,6343874.0
1776506400000,0.2827,0.283,0.2743,0.2777,21947375.0
1776510000000,0.2778,0.2778,0.2728,0.2754,19917587.0
1776513600000,0.2753,0.2769,0.2734,0.2765,8269990.0
1776517200000,0.2764,0.2773,0.2718,0.2751,7935054.0
1776520800000,0.275,0.2764,0.2741,0.2757,6824603.0
1776524400000,0.2758,0.2765,0.2711,0.273,7535416.0
1776528000000,0.2729,0.2737,0.2672,0.2686,15324185.0
1776531600000,0.2686,0.2702,0.2664,0.2693,4931065.0
1776535200000,0.2693,0.2698,0.2655,0.2659,7988096.0
1776538800000,0.2659,0.2675,0.2642,0.266,4886488.0
1776542400000,0.2659,0.2662,0.2621,0.2635,5674180.0
1776546000000,0.2635,0.2665,0.2634,0.2662,3216972.0
1776549600000,0.2661,0.2667,0.2646,0.2658,1722130.0
1776553200000,0.2659,0.2666,0.2617,0.2629,7854397.0
1776556800000,0.263,0.2641,0.2592,0.262,7613473.0
1776560400000,0.2621,0.2639,0.2611,0.262,4453887.0
1776564000000,0.2621,0.2629,0.257,0.2613,9994794.0
1776567600000,0.2614,0.2624,0.2597,0.2609,4111220.0
1776571200000,0.261,0.2615,0.2585,0.2603,4557742.0
1776574800000,0.2603,0.2605,0.2585,0.2588,3566347.0
1776578400000,0.2588,0.2619,0.2578,0.2616,5974604.0
1776582000000,0.2615,0.2621,0.2585,0.2603,8548462.0
1776585600000,0.2602,0.2611,0.2595,0.2602,3103918.0
1776589200000,0.2601,0.264,0.2597,0.2611,6969168.0
1776592800000,0.2612,0.2626,0.2598,0.2616,4138750.0
1776596400000,0.2615,0.2648,0.2608,0.2638,5189024.0
1776600000000,0.2638,0.2672,0.2636,0.2667,6140371.0
1776603600000,0.2667,0.2698,0.2654,0.2662,7019274.0
1776607200000,0.2662,0.2696,0.2656,0.2687,5014094.0
1776610800000,0.2687,0.2691,0.2618,0.2657,8864151.0
1776614400000,0.2658,0.266,0.2628,0.2646,4841075.0
1776618000000,0.2647,0.2647,0.2606,0.2614,6757233.0
1776621600000,0.2613,0.2626,0.2601,0.2622,3626629.0
1776625200000,0.2622,0.2637,0.2606,0.2615,2447961.0
1776628800000,0.2614,0.2622,0.2596,0.2618,2714355.0
1776632400000,0.2618,0.2622,0.2576,0.2598,2703591.0
1776636000000,0.2597,0.2598,0.2546,0.2585,8603944.0
1776639600000,0.2584,0.2591,0.2568,0.2588,3448711.0
1776643200000,0.2588,0.2627,0.2582,0.2607,5807101.0
1776646800000,0.2606,0.2634,0.2606,0.2621,3049088.0
1776650400000,0.2622,0.2627,0.2601,0.2624,2921500.0
1776654000000,0.2624,0.2631,0.2608,0.2625,3099089.0
1776657600000,0.2626,0.2634,0.2619,0.262,2106033.0
1776661200000,0.262,0.2621,0.2578,0.2604,6441164.0
1776664800000,0.2604,0.2618,0.2593,0.2603,4752652.0
1776668400000,0.2604,0.2653,0.26,0.2617,4603774.0
1776672000000,0.2617,0.2621,0.2603,0.261,2355908.0
1776675600000,0.2609,0.2632,0.2601,0.2616,4346330.0
1776679200000,0.2617,0.2636,0.2615,0.2624,2731047.0
1776682800000,0.2624,0.2639,0.262,0.2625,3314050.0
1776686400000,0.2624,0.2651,0.2617,0.2646,3836103.0
1776690000000,0.2646,0.2651,0.2626,0.2642,3742957.0
1776693600000,0.2643,0.2655,0.2609,0.2622,4749739.0
1776697200000,0.2623,0.2639,0.2603,0.262,7176875.0
1776700800000,0.262,0.2634,0.2604,0.2625,4313522.0
1776704400000,0.2625,0.2648,0.2623,0.2639,2370937.0
1776708000000,0.264,0.2669,0.2637,0.2663,3144958.0
1776711600000,0.2664,0.2666,0.2644,0.266,1735263.0
1776715200000,0.266,0.2687,0.2653,0.2676,2370375.0
1776718800000,0.2676,0.2679,0.265,0.2663,2202168.0
1776722400000,0.2664,0.2669,0.2645,0.2647,1411245.0
1776726000000,0.2646,0.2646,0.2631,0.2639,2485652.0
1776729600000,0.2638,0.2657,0.2632,0.2654,2649494.0
1776733200000,0.2654,0.2659,0.2638,0.264,2228648.0
1776736800000,0.2641,0.2649,0.2626,0.2637,1881709.0
1776740400000,0.2636,0.2636,0.2612,0.2627,4191201.0
1776744000000,0.2626,0.2632,0.2616,0.2628,3051963.0
1776747600000,0.2627,0.2643,0.2627,0.2634,2859365.0
1776751200000,0.2635,0.264,0.2611,0.2622,4556131.0
1776754800000,0.2622,0.264,0.2616,0.2625,2911427.0
1776758400000,0.2625,0.2648,0.2624,0.2634,2519378.0
1776762000000,0.2634,0.2653,0.2629,0.265,2205436.0
1776765600000,0.2651,0.2654,0.2636,0.2644,2137573.0
1776769200000,0.2644,0.2662,0.2637,0.264,2605338.0
1776772800000,0.264,0.2645,0.2598,0.2626,6677888.0
1776776400000,0.2626,0.2629,0.2608,0.262,4479198.0
1776780000000,0.262,0.2649,0.261,0.2612,4816804.0
1776783600000,0.2612,0.2636,0.2607,0.2629,3940144.0
1776787200000,0.263,0.2634,0.2607,0.2608,3799517.0
1776790800000,0.2607,0.2623,0.2576,0.2609,9400534.0
1776794400000,0.2609,0.2613,0.2581,0.2597,4522090.0
1776798000000,0.2596,0.2618,0.2566,0.2581,6557288.0
1776801600000,0.2581,0.2622,0.2577,0.2604,5711722.0
1776805200000,0.2604,0.2607,0.2592,0.2601,2619619.0
1776808800000,0.2602,0.2607,0.2576,0.2592,3460014.0
1776812400000,0.2591,0.2621,0.2591,0.2614,2791504.0
1776816000000,0.2614,0.2626,0.2602,0.2607,3127218.0
1776819600000,0.2607,0.261,0.259,0.2597,2332286.0
1776823200000,0.2598,0.2645,0.2593,0.2644,6849756.0
1776826800000,0.2643,0.2644,0.2623,0.2631,3154286.0
1776830400000,0.2632,0.265,0.2626,0.2645,3059547.0
1776834000000,0.2646,0.2683,0.2639,0.2657,7653243.0
1776837600000,0.2658,0.2668,0.2649,0.2661,3073161.0
1776841200000,0.2661,0.2674,0.2642,0.2674,5814903.0
1776844800000,0.2674,0.2704,0.2664,0.2687,6642661.0
1776848400000,0.2687,0.2701,0.2672,0.2683,6014792.0
1776852000000,0.2683,0.2694,0.2667,0.268,4161342.0
1776855600000,0.268,0.2696,0.2675,0.2692,3690900.0
1776859200000,0.2692,0.2696,0.2666,0.2672,3430143.0
1776862800000,0.2671,0.2693,0.2658,0.2676,4632651.0
1776866400000,0.2676,0.2697,0.2674,0.2687,3338427.0
1776870000000,0.2688,0.27,0.2672,0.2672,4255391.0
1776873600000,0.2674,0.2703,0.2668,0.2694,4472395.0
1776877200000,0.2694,0.2709,0.2675,0.2708,3140459.0
1776880800000,0.2707,0.2736,0.2697,0.2699,6436663.0
1776884400000,0.2699,0.2733,0.2679,0.2702,5673553.0
1776888000000,0.2703,0.2716,0.2676,0.2685,3205572.0
1776891600000,0.2684,0.2705,0.2681,0.2702,2145597.0
1776895200000,0.2701,0.2703,0.2654,0.2664,4072805.0
1776898800000,0.2663,0.2664,0.2628,0.2629,6815255.0
1776902400000,0.263,0.2642,0.2584,0.2635,12281719.0
1776906000000,0.2635,0.265,0.2621,0.2642,4044822.0
1776909600000,0.2642,0.2648,0.2593,0.2612,7024417.0
1776913200000,0.2611,0.2619,0.2592,0.2616,4073141.0
1776916800000,0.2617,0.263,0.2611,0.262,2264946.0
1776920400000,0.262,0.2638,0.2612,0.2626,2864223.0
1776924000000,0.2627,0.265,0.2626,0.2636,3215537.0
1776927600000,0.2637,0.2641,0.2613,0.262,3834324.0
1776931200000,0.2619,0.263,0.2609,0.2626,3092563.0
1776934800000,0.2625,0.2625,0.2599,0.2612,2983808.0
1776938400000,0.2611,0.2613,0.2588,0.2598,5173209.0
1776942000000,0.2599,0.2616,0.2596,0.2606,2837118.0
1776945600000,0.2607,0.2617,0.2591,0.2607,3870881.0
1776949200000,0.2608,0.2613,0.2596,0.2606,2528005.0
1776952800000,0.2605,0.2614,0.2596,0.2612,2195619.0
1776956400000,0.2611,0.2633,0.2601,0.2622,5425549.0
1776960000000,0.2621,0.2624,0.2604,0.2609,2666323.0
1776963600000,0.2608,0.2612,0.2539,0.2573,15074012.0
1776967200000,0.2574,0.2587,0.2567,0.2576,5745526.0
1776970800000,0.2575,0.2597,0.2568,0.259,3137544.0
1776974400000,0.2591,0.2614,0.2589,0.2605,1908501.0
1776978000000,0.2604,0.2629,0.2601,0.2616,2241576.0
1776981600000,0.2615,0.2629,0.2615,0.2619,1884711.0
1776985200000,0.2618,0.2644,0.2616,0.2641,2096733.0
1776988800000,0.2641,0.2664,0.264,0.2664,3695860.0
1776992400000,0.2665,0.2674,0.2639,0.267,3767038.0
1776996000000,0.2671,0.2671,0.2633,0.2642,2258359.0
1776999600000,0.2642,0.2642,0.2611,0.2628,3550800.0
1777003200000,0.2629,0.2632,0.2608,0.2617,2194085.0
1777006800000,0.2616,0.2636,0.261,0.2627,2273146.0
1777010400000,0.2627,0.2645,0.2623,0.2628,2969062.0
1777014000000,0.2628,0.2643,0.2595,0.2603,5291282.0
1777017600000,0.2602,0.2626,0.2598,0.261,3609996.0
1777021200000,0.261,0.2614,0.2597,0.2604,2141302.0
1777024800000,0.2604,0.2619,0.2597,0.2612,2110707.0
1777028400000,0.2612,0.2634,0.2612,0.2634,5214749.0
1777032000000,0.2633,0.2649,0.2629,0.2637,3966809.0
1777035600000,0.2637,0.2647,0.2619,0.2622,4071263.0
1777039200000,0.2622,0.2641,0.2613,0.2618,3441377.0
1777042800000,0.2618,0.2647,0.2601,0.2639,4790347.0
1777046400000,0.2638,0.264,0.2606,0.2628,5025614.0
1777050000000,0.2627,0.2633,0.2611,0.2622,3535624.0
1777053600000,0.2622,0.2627,0.2604,0.2616,1306588.0
1777057200000,0.2616,0.2627,0.2606,0.2617,1960002.0
1777060800000,0.2617,0.263,0.2605,0.2626,2044824.0
1777064400000,0.2625,0.2642,0.2613,0.2613,3182537.0
1777068000000,0.2614,0.2615,0.2588,0.2599,3590299.0
1777071600000,0.2598,0.2616,0.2592,0.2616,2003257.0
1777075200000,0.2616,0.262,0.2591,0.2606,2614377.0
1777078800000,0.2605,0.2617,0.2599,0.2613,2169443.0
1777082400000,0.2614,0.2623,0.2605,0.2613,1790990.0
1777086000000,0.2613,0.2628,0.2608,0.2624,1752140.0
1777089600000,0.2624,0.263,0.2615,0.2617,1487187.0
1777093200000,0.2618,0.2625,0.2603,0.2623,1945185.0
1777096800000,0.2623,0.2635,0.262,0.2622,1657551.0
1777100400000,0.2621,0.2621,0.2609,0.2609,1736702.0
1777104000000,0.2608,0.2621,0.2607,0.262,1863947.0
1777107600000,0.262,0.2631,0.2618,0.2625,1931058.0
1777111200000,0.2625,0.2628,0.2618,0.2625,1316177.0
1777114800000,0.2624,0.2624,0.2591,0.2605,5250840.0
1777118400000,0.2604,0.2612,0.2593,0.2599,3371107.0
1777122000000,0.2598,0.2605,0.2596,0.2599,2220866.0
1777125600000,0.2599,0.2601,0.2577,0.2585,5645881.0
1777129200000,0.2584,0.2591,0.2564,0.257,7285444.0
1777132800000,0.2569,0.2583,0.2553,0.2572,6188557.0
1777136400000,0.2571,0.2575,0.2555,0.2561,3392935.0
1777140000000,0.2561,0.2577,0.2561,0.2568,1216292.0
1777143600000,0.2567,0.2569,0.2557,0.2563,1390677.0
1777147200000,0.2563,0.2572,0.2554,0.2571,2377020.0
1777150800000,0.2571,0.2573,0.2563,0.2564,1582318.0
1777154400000,0.2563,0.258,0.2562,0.2572,1730773.0
1777158000000,0.2573,0.2587,0.2572,0.2586,1346192.0
1777161600000,0.2585,0.2586,0.2567,0.257,1627584.0
1777165200000,0.2571,0.2572,0.2551,0.2555,3505715.0
1777168800000,0.2554,0.2577,0.2554,0.2572,1614395.0
1777172400000,0.2573,0.2578,0.2559,0.2572,1505088.0
1777176000000,0.2571,0.2595,0.2567,0.2585,2683498.0
1777179600000,0.2586,0.2609,0.2584,0.2595,2645919.0
1777183200000,0.2595,0.261,0.2595,0.2608,2500592.0
1777186800000,0.2608,0.2609,0.2598,0.2607,2018701.0
1777190400000,0.2607,0.2609,0.2592,0.2599,2549372.0
1777194000000,0.2599,0.2609,0.2593,0.2607,1349218.0
1777197600000,0.2606,0.261,0.2597,0.2599,1386644.0
1777201200000,0.26,0.2608,0.2592,0.26,1794535.0
1777204800000,0.26,0.2602,0.2576,0.2585,2417416.0
1777208400000,0.2584,0.2593,0.2578,0.2583,2271904.0
1777212000000,0.2582,0.2605,0.2574,0.2594,3998984.0
1777215600000,0.2594,0.2603,0.259,0.2602,1675076.0
1777219200000,0.2601,0.2604,0.2583,0.259,2524118.0
1777222800000,0.259,0.2592,0.2578,0.2588,1735383.0
1777226400000,0.2587,0.26,0.2583,0.2593,1566202.0
1777230000000,0.2593,0.2606,0.2586,0.2588,1556855.0
1777233600000,0.2588,0.2598,0.2585,0.259,1158011.0
1777237200000,0.259,0.2602,0.2562,0.2597,4660602.0
1777240800000,0.2597,0.2609,0.2583,0.2591,2307073.0
1777244400000,0.2591,0.2608,0.2583,0.2595,1579527.0
1777248000000,0.2595,0.2624,0.2592,0.2622,3389006.0
1777251600000,0.2623,0.2633,0.2609,0.263,3950161.0
1777255200000,0.2631,0.2638,0.2616,0.2632,1745016.0
1777258800000,0.2632,0.2645,0.2624,0.2625,2514077.0
1777262400000,0.2625,0.2636,0.2621,0.263,1818929.0
1777266000000,0.2629,0.263,0.2556,0.2571,11646460.0
1777269600000,0.2571,0.2571,0.2522,0.2543,12472340.0
1777273200000,0.2543,0.2545,0.2515,0.2524,5729380.0
1777276800000,0.2523,0.2534,0.2508,0.2531,5827631.0
1777280400000,0.2531,0.2534,0.2512,0.2527,5839653.0
1777284000000,0.2527,0.2535,0.2525,0.2529,2821548.0
1777287600000,0.2528,0.2535,0.2518,0.2531,1970252.0
1777291200000,0.2532,0.2538,0.2527,0.2534,1546068.0
1777294800000,0.2534,0.2538,0.2504,0.2522,6260068.0
1777298400000,0.2522,0.2554,0.252,0.2537,5321117.0
1777302000000,0.2538,0.2538,0.2454,0.2485,26201840.0
1777305600000,0.2485,0.2496,0.2474,0.2489,4933859.0
1777309200000,0.2488,0.2506,0.2488,0.2497,2417401.0
1777312800000,0.2496,0.2507,0.2489,0.2495,2353221.0
1777316400000,0.2494,0.2498,0.2478,0.2494,1970261.0
1777320000000,0.2494,0.2509,0.2494,0.2503,1390586.0
1777323600000,0.2502,0.2518,0.25,0.251,1790190.0
1777327200000,0.251,0.2528,0.251,0.2526,1333021.0
1777330800000,0.2526,0.2542,0.2522,0.2539,1822295.0
1777334400000,0.2539,0.2541,0.2527,0.2535,2188546.0
1777338000000,0.2535,0.2546,0.253,0.2532,1592484.0
1777341600000,0.2532,0.2539,0.2513,0.2527,3652508.0
1777345200000,0.2528,0.2531,0.252,0.2525,1493297.0
1777348800000,0.2525,0.2528,0.2515,0.2525,2154871.0
1777352400000,0.2525,0.2533,0.2512,0.2517,3002724.0
1777356000000,0.2517,0.2521,0.2498,0.2503,3384195.0
1777359600000,0.2502,0.2505,0.2485,0.2502,4974766.0
1777363200000,0.2501,0.251,0.2492,0.25,2650782.0
1777366800000,0.2499,0.2505,0.2485,0.2493,1633751.0
1777370400000,0.2493,0.2503,0.2487,0.2499,2343671.0
1777374000000,0.2499,0.2501,0.2489,0.2493,1711890.0
1777377600000,0.2493,0.2503,0.2478,0.2502,5047328.0
1777381200000,0.2502,0.2519,0.2487,0.2511,3613536.0
1777384800000,0.251,0.2511,0.2487,0.2511,2589504.0
1777388400000,0.2511,0.2523,0.249,0.2507,4049807.0
1777392000000,0.2506,0.2518,0.2503,0.2511,2767631.0
1777395600000,0.251,0.2516,0.2498,0.2514,1514967.0
1777399200000,0.2515,0.2524,0.2513,0.2524,1769917.0
1777402800000,0.2524,0.2531,0.2519,0.2525,974555.0
1777406400000,0.2525,0.2526,0.2511,0.2514,1160464.0
1777410000000,0.2513,0.2524,0.2503,0.251,2414360.0
1777413600000,0.2511,0.2517,0.2503,0.2507,818207.0
1777417200000,0.2506,0.2517,0.2501,0.2513,1184220.0
1777420800000,0.2513,0.2516,0.2506,0.2511,1371542.0
1777424400000,0.251,0.2514,0.2495,0.251,2232461.0
1777428000000,0.251,0.2519,0.2498,0.2504,1535906.0
1777431600000,0.2504,0.2528,0.2504,0.2528,1747943.0
1777435200000,0.2527,0.254,0.2515,0.2537,3447853.0
1777438800000,0.2536,0.2538,0.2523,0.2526,2769640.0
1777442400000,0.2527,0.2529,0.2505,0.2513,2343712.0
1777446000000,0.2513,0.2529,0.251,0.2523,2895480.0
1777449600000,0.2523,0.2526,0.2511,0.2515,2335952.0
1777453200000,0.2515,0.2549,0.2511,0.2546,3805532.0
1777456800000,0.2547,0.2564,0.2542,0.2545,5521130.0
1777460400000,0.2544,0.2546,0.2532,0.2536,2569284.0
1777464000000,0.2537,0.2538,0.2506,0.2519,4921198.0
1777467600000,0.2519,0.2524,0.2483,0.2499,5141943.0
1777471200000,0.2498,0.251,0.2484,0.2492,4083453.0
1777474800000,0.2491,0.2496,0.2447,0.2458,14679784.0
1777478400000,0.2458,0.2471,0.245,0.2453,6893957.0
1777482000000,0.2454,0.2469,0.2445,0.2469,4681699.0
1777485600000,0.2469,0.2474,0.2367,0.2422,24977977.0
1777489200000,0.2422,0.2425,0.2403,0.2422,2766874.0
1777492800000,0.2422,0.2453,0.2421,0.2445,4203630.0
1777496400000,0.2446,0.2472,0.244,0.2459,3034504.0
1777500000000,0.246,0.2474,0.2453,0.2467,2834535.0
1777503600000,0.2468,0.2479,0.2461,0.2477,1911789.0
1777507200000,0.2477,0.2492,0.2463,0.2489,4121227.0
1777510800000,0.249,0.2514,0.2484,0.2504,2720239.0
1777514400000,0.2505,0.2508,0.2462,0.2471,4115592.0
1777518000000,0.2471,0.25,0.2465,0.2492,3604642.0
1777521600000,0.2493,0.2493,0.2461,0.2462,2845351.0
1777525200000,0.2461,0.2475,0.2458,0.2463,1799488.0
1777528800000,0.2463,0.2467,0.2445,0.2452,4843742.0
1777532400000,0.2451,0.2464,0.2446,0.2459,3130487.0
1777536000000,0.246,0.2462,0.2445,0.2448,2866872.0
1777539600000,0.2448,0.2465,0.2438,0.2439,3127838.0
1777543200000,0.244,0.244,0.2409,0.2428,8132274.0
1777546800000,0.2428,0.2437,0.2412,0.2425,4574052.0
1777550400000,0.2424,0.2442,0.2424,0.2427,2500103.0
1777554000000,0.2427,0.2432,0.2405,0.2411,4732257.0
1777557600000,0.241,0.2426,0.2392,0.2403,6824425.0
1777561200000,0.2402,0.2427,0.2396,0.242,4785681.0
1777564800000,0.2419,0.2439,0.2416,0.2429,6021144.0
1777568400000,0.2429,0.2457,0.2429,0.2453,2851755.0
1777572000000,0.2453,0.2464,0.2445,0.2449,1980897.0
1777575600000,0.2448,0.246,0.244,0.2441,2594965.0
1777579200000,0.2441,0.2447,0.2433,0.2437,2081259.0
1777582800000,0.2437,0.2448,0.2424,0.2428,3755366.0
1777586400000,0.2429,0.2434,0.2422,0.2429,1486529.0
1777590000000,0.2429,0.243,0.2421,0.2429,1243199.0
1777593600000,0.2429,0.2442,0.2425,0.243,2698928.0
1777597200000,0.2431,0.2445,0.2428,0.2437,3519586.0
1777600800000,0.2437,0.2439,0.2419,0.2425,2123415.0
1777604400000,0.2425,0.2455,0.2424,0.2435,3680326.0
1777608000000,0.2436,0.2444,0.2414,0.2417,3501320.0
1777611600000,0.2417,0.2429,0.2405,0.2406,4504298.0
1777615200000,0.2405,0.2412,0.2378,0.2387,10836034.0
1777618800000,0.2388,0.2398,0.2385,0.2393,3813877.0
1777622400000,0.2392,0.2408,0.2386,0.2406,4898609.0
1777626000000,0.2405,0.2412,0.2369,0.2389,8100348.0
1777629600000,0.2389,0.2391,0.2353,0.2376,13850652.0
1777633200000,0.2376,0.2383,0.236,0.2377,5338246.0
1777636800000,0.2377,0.2396,0.2373,0.2381,7819192.0
1777640400000,0.2381,0.2415,0.2379,0.2409,5366952.0
1777644000000,0.2408,0.2408,0.2376,0.2398,4521484.0
1777647600000,0.2398,0.2398,0.2368,0.2388,5929245.0
1777651200000,0.2388,0.2393,0.2359,0.2371,6539022.0
1777654800000,0.2371,0.2386,0.2362,0.2385,2110980.0
1777658400000,0.2385,0.2389,0.2375,0.2381,3141290.0
1777662000000,0.238,0.2394,0.2378,0.2385,1547247.0
1777665600000,0.2386,0.2392,0.2361,0.2369,3401315.0
1777669200000,0.2369,0.2371,0.2334,0.2355,12281999.0
1777672800000,0.2356,0.2367,0.2339,0.2349,4586607.0
1777676400000,0.235,0.2354,0.2325,0.2339,6509186.0
1777680000000,0.2339,0.2356,0.2332,0.2353,5269338.0
1777683600000,0.2354,0.2358,0.2344,0.2348,2892155.0
1777687200000,0.2349,0.2349,0.2337,0.2338,2998610.0
1777690800000,0.2338,0.2338,0.2305,0.233,11815216.0
1777694400000,0.2331,0.2337,0.2325,0.2332,2865822.0
1777698000000,0.2333,0.2335,0.2313,0.2323,3962273.0
1777701600000,0.2323,0.2357,0.2322,0.2356,4528821.0
1777705200000,0.2356,0.2363,0.2348,0.2352,4026650.0
1777708800000,0.2351,0.2354,0.2332,0.235,4858106.0
1777712400000,0.235,0.2365,0.2348,0.2362,3305559.0
1777716000000,0.2362,0.2368,0.2353,0.2353,3552295.0
1777719600000,0.2353,0.236,0.2348,0.236,2050857.0
1777723200000,0.236,0.2376,0.2359,0.2365,3044451.0
1777726800000,0.2365,0.2369,0.2357,0.2363,1884251.0
1777730400000,0.2364,0.2381,0.236,0.2379,2971385.0
1777734000000,0.2378,0.242,0.2378,0.2414,10364872.0
1777737600000,0.2414,0.2435,0.2406,0.2429,8156041.0
1777741200000,0.243,0.2446,0.2425,0.243,4619408.0
1777744800000,0.2431,0.2447,0.2411,0.2437,3855262.0
1777748400000,0.2437,0.2447,0.2435,0.244,2618116.0
1777752000000,0.2441,0.2442,0.2427,0.2427,1875638.0
1777755600000,0.2427,0.2445,0.2419,0.2431,3064466.0
1777759200000,0.2431,0.2439,0.2421,0.243,2166602.0
1777762800000,0.243,0.243,0.2418,0.2428,2221240.0
1777766400000,0.2428,0.2431,0.2402,0.2408,4612127.0
1777770000000,0.2409,0.2409,0.2383,0.2387,5308415.0
1777773600000,0.2388,0.2394,0.2376,0.2391,4332799.0
1777777200000,0.2391,0.2391,0.2378,0.2385,2350420.0
1777780800000,0.2385,0.2389,0.2378,0.2385,1488107.0
1777784400000,0.2384,0.2391,0.2377,0.2384,1307687.0
1777788000000,0.2383,0.2388,0.237,0.2382,2952894.0
1777791600000,0.2382,0.2394,0.2381,0.2382,2862513.0
1777795200000,0.2381,0.2391,0.2377,0.2385,2357696.0
1777798800000,0.2384,0.2385,0.2363,0.2373,5896718.0
1777802400000,0.2373,0.2377,0.237,0.2372,2064422.0
1777806000000,0.2371,0.2393,0.2363,0.2379,3691992.0
1777809600000,0.2379,0.2391,0.2379,0.2382,3276203.0
1777813200000,0.2382,0.2383,0.2369,0.2371,2802710.0
1777816800000,0.2372,0.2388,0.2372,0.2386,1954354.0
1777820400000,0.2386,0.2393,0.2378,0.239,2215215.0
1777824000000,0.2389,0.2405,0.2388,0.2402,3269791.0
1777827600000,0.2402,0.2405,0.2389,0.2396,1622327.0
1777831200000,0.2395,0.2403,0.2394,0.2398,604369.0
1777834800000,0.2398,0.2411,0.2397,0.2403,1115430.0
1777838400000,0.2403,0.2415,0.2395,0.2395,1143416.0
1777842000000,0.2396,0.2407,0.2372,0.2386,3182734.0
1777845600000,0.2386,0.2408,0.2384,0.2391,2235290.0
1777849200000,0.239,0.2394,0.2364,0.2366,3452984.0
1777852800000,0.2366,0.2366,0.2333,0.2361,14308673.0
1777856400000,0.2361,0.2395,0.2351,0.2394,6741547.0
1777860000000,0.2395,0.2422,0.239,0.2415,7650338.0
1777863600000,0.2417,0.2419,0.2395,0.2417,3619827.0
1777867200000,0.2418,0.2437,0.2418,0.2426,3819830.0
1777870800000,0.2426,0.2432,0.2408,0.2426,3575371.0
1777874400000,0.2426,0.2429,0.2394,0.2421,3307591.0
1777878000000,0.242,0.2422,0.2399,0.2406,2916299.0
1777881600000,0.2405,0.2412,0.2395,0.2402,2577015.0
1777885200000,0.2403,0.2421,0.24,0.2418,3087288.0
1777888800000,0.2418,0.2419,0.2341,0.2361,20995227.0
1777892400000,0.2361,0.2376,0.2357,0.2365,3415160.0
1777896000000,0.2365,0.2376,0.236,0.2361,2638647.0
1777899600000,0.236,0.2362,0.2342,0.2353,8000918.0
1777903200000,0.2352,0.2399,0.2339,0.239,9760171.0
1777906800000,0.239,0.2399,0.2347,0.2361,10491222.0
1777910400000,0.2361,0.238,0.2346,0.2369,5939371.0
1777914000000,0.2369,0.2403,0.2367,0.2395,3607468.0
1777917600000,0.2395,0.2406,0.2386,0.2398,2882960.0
1777921200000,0.2398,0.2404,0.2379,0.2382,2234716.0
1777924800000,0.2382,0.2383,0.2367,0.2372,3151203.0
1777928400000,0.2371,0.2406,0.237,0.2396,2178116.0
1777932000000,0.2396,0.2404,0.2359,0.2369,2610564.0
1777935600000,0.2369,0.2369,0.2356,0.2363,2262914.0
1777939200000,0.2362,0.2378,0.2358,0.2374,2686960.0
1777942800000,0.2373,0.2389,0.237,0.2383,2157752.0
1777946400000,0.2383,0.2399,0.238,0.2386,3018048.0
1777950000000,0.2386,0.2403,0.2379,0.2395,1655657.0
1777953600000,0.2395,0.2413,0.2392,0.2404,1961315.0
1777957200000,0.2404,0.2435,0.2393,0.2434,6059903.0
1777960800000,0.2435,0.2449,0.2418,0.2439,6908810.0
1777964400000,0.2439,0.2448,0.2424,0.2429,3585516.0
1777968000000,0.2429,0.2438,0.2419,0.2437,3442918.0
1777971600000,0.2438,0.2439,0.2414,0.2429,3035764.0
1777975200000,0.2429,0.2444,0.2421,0.2438,2720853.0
1777978800000,0.2438,0.2444,0.2419,0.2444,3054803.0
1777982400000,0.2445,0.2447,0.2438,0.2442,1884395.0
1777986000000,0.2442,0.2456,0.2423,0.2436,5032349.0
1777989600000,0.2436,0.245,0.2417,0.2427,7936980.0
1777993200000,0.2426,0.243,0.2407,0.2418,6347494.0
1777996800000,0.2418,0.2431,0.2402,0.2413,3499477.0
1778000400000,0.2412,0.2417,0.2401,0.2411,1952163.0
1778004000000,0.241,0.2426,0.2405,0.2422,1847281.0
1778007600000,0.2421,0.245,0.2421,0.2438,4066319.0
1778011200000,0.2438,0.2477,0.2437,0.2475,4250373.0
1778014800000,0.2476,0.2501,0.2474,0.2475,5526819.0
1778018400000,0.2475,0.2484,0.2447,0.2459,12118662.0
1778022000000,0.2459,0.2462,0.2438,0.2452,3604508.0
1778025600000,0.2451,0.2461,0.2434,0.2454,3366402.0
1778029200000,0.2454,0.2506,0.2453,0.2494,6095131.0
1778032800000,0.2495,0.2502,0.2466,0.2494,4509295.0
1778036400000,0.2494,0.2532,0.2493,0.2528,5857329.0
1778040000000,0.2529,0.2537,0.2508,0.2509,6037234.0
1778043600000,0.2509,0.2523,0.2494,0.2518,6765681.0
1778047200000,0.2519,0.2532,0.2496,0.2523,4559034.0
1778050800000,0.2523,0.2555,0.2515,0.2539,8783726.0
1778054400000,0.2539,0.2588,0.2535,0.2579,8989313.0
1778058000000,0.258,0.2611,0.2571,0.2594,8983946.0
1778061600000,0.2594,0.2627,0.2589,0.2607,6804784.0
1778065200000,0.2606,0.2615,0.2586,0.2602,7245776.0
1778068800000,0.2602,0.2607,0.2581,0.2598,5240735.0
1778072400000,0.2599,0.2599,0.2536,0.254,13670209.0
1778076000000,0.254,0.2547,0.2499,0.2527,10436967.0
1778079600000,0.2527,0.2574,0.252,0.2566,8287151.0
1778083200000,0.2566,0.259,0.2552,0.2574,6533540.0
1778086800000,0.2574,0.2583,0.2549,0.256,3305676.0
1778090400000,0.256,0.2565,0.2539,0.2546,3451799.0
1778094000000,0.2545,0.2556,0.2534,0.2552,2099957.0
1778097600000,0.2552,0.2577,0.2539,0.2553,2410924.0
1778101200000,0.2553,0.2597,0.255,0.2588,3553862.0
1778104800000,0.2589,0.2589,0.2544,0.2553,3000990.0
1778108400000,0.2552,0.2577,0.2525,0.2569,4335298.0
1778112000000,0.2569,0.2573,0.2527,0.2539,5444900.0
1778115600000,0.2539,0.254,0.2501,0.2512,6646113.0
1778119200000,0.2511,0.2515,0.2482,0.2505,8750059.0
1778122800000,0.2504,0.2512,0.2489,0.2492,3279627.0
1778126400000,0.2491,0.2542,0.2488,0.2542,6408434.0
1778130000000,0.2542,0.255,0.2531,0.254,5476554.0
1778133600000,0.254,0.2596,0.2522,0.2592,6574667.0
1778137200000,0.2592,0.2607,0.2583,0.2601,6538474.0
1778140800000,0.2602,0.2613,0.259,0.2606,4917813.0
1778144400000,0.2605,0.2607,0.2577,0.2583,4919498.0
1778148000000,0.2583,0.2594,0.2556,0.2572,4860937.0
1778151600000,0.2572,0.2593,0.2554,0.2559,5956537.0
1778155200000,0.2559,0.2596,0.2556,0.2594,3738378.0
1778158800000,0.2593,0.2596,0.2532,0.2547,6227710.0
1778162400000,0.2547,0.2553,0.25,0.2524,8244701.0
1778166000000,0.2524,0.2535,0.2488,0.2509,9280802.0
1778169600000,0.2509,0.2537,0.2498,0.2521,5690278.0
1778173200000,0.2521,0.2533,0.2498,0.2526,3241488.0
1778176800000,0.2526,0.2548,0.2515,0.2524,2895509.0
1778180400000,0.2523,0.254,0.2509,0.2525,2268030.0
1778184000000,0.2526,0.2549,0.2503,0.2505,3158617.0
1778187600000,0.2506,0.2516,0.2482,0.2499,5567158.0
1778191200000,0.2498,0.2514,0.2489,0.25,2523776.0
1778194800000,0.2499,0.252,0.2499,0.2519,1704385.0
1778198400000,0.252,0.2531,0.2505,0.2516,3950197.0
1778202000000,0.2516,0.2539,0.2506,0.2531,2853755.0
1778205600000,0.2532,0.2543,0.2508,0.2528,4432416.0
1778209200000,0.2528,0.2547,0.2507,0.2535,3545618.0
1778212800000,0.2534,0.2567,0.2534,0.2552,4411687.0
1778216400000,0.2551,0.2565,0.2548,0.2551,3874111.0
1778220000000,0.2551,0.2576,0.2538,0.2572,4857785.0
1778223600000,0.2572,0.2593,0.2549,0.2586,7212769.0
1778227200000,0.2586,0.2597,0.2579,0.2582,6008008.0
1778230800000,0.2581,0.2593,0.2565,0.2575,4483539.0
1778234400000,0.2575,0.259,0.2564,0.2565,2993388.0
1778238000000,0.2566,0.259,0.2564,0.2586,3127716.0
1778241600000,0.2586,0.2596,0.2563,0.2569,3499401.0
1778245200000,0.2569,0.2572,0.2535,0.2559,6218381.0
1778248800000,0.256,0.2613,0.2557,0.2605,7660168.0
1778252400000,0.2606,0.27,0.2596,0.2694,18516040.0
1778256000000,0.2695,0.2703,0.2633,0.265,16645028.0
1778259600000,0.2649,0.27,0.2645,0.268,8701831.0
1778263200000,0.2681,0.2741,0.2681,0.2729,9454132.0
1778266800000,0.2728,0.2786,0.2714,0.2739,18114699.0
1778270400000,0.274,0.2741,0.2698,0.2724,10124948.0
1778274000000,0.2725,0.2754,0.2717,0.2735,4011882.0
1778277600000,0.2734,0.2748,0.2724,0.2734,2793618.0
1778281200000,0.2733,0.274,0.2721,0.2735,2908058.0
1778284800000,0.2734,0.2763,0.2718,0.2741,6520953.0
1778288400000,0.274,0.2762,0.2736,0.2753,3351918.0
1778292000000,0.2753,0.2758,0.274,0.2743,3095661.0
1778295600000,0.2742,0.2764,0.2734,0.2756,2979908.0
1778299200000,0.2757,0.2765,0.2722,0.2728,5822174.0
1778302800000,0.2727,0.2744,0.2722,0.2742,3678412.0
1778306400000,0.2741,0.2756,0.2727,0.2733,3670801.0
1778310000000,0.2734,0.2741,0.2706,0.2717,6983647.0
1778313600000,0.2716,0.2729,0.2715,0.2722,3037462.0
1778317200000,0.2721,0.2725,0.2677,0.2689,8779378.0
1778320800000,0.2688,0.2714,0.268,0.271,5004894.0
1778324400000,0.2709,0.2735,0.2705,0.2721,4282069.0
1778328000000,0.2721,0.2737,0.2713,0.2724,2989167.0
1778331600000,0.2724,0.2734,0.2707,0.2721,4600028.0
1778335200000,0.2722,0.2724,0.2685,0.2702,5717856.0
1778338800000,0.2702,0.2712,0.2689,0.2696,3456527.0
1778342400000,0.2697,0.2708,0.2683,0.2687,3713243.0
1778346000000,0.2688,0.273,0.2686,0.2717,4406298.0
1778349600000,0.2718,0.2729,0.2716,0.2721,1413447.0
1778353200000,0.2721,0.2728,0.2712,0.2728,1982664.0
1778356800000,0.2729,0.2734,0.2711,0.2717,1094899.0
1778360400000,0.2717,0.2721,0.2708,0.2711,1494853.0
1778364000000,0.271,0.2729,0.2704,0.2716,1823457.0
1778367600000,0.2716,0.272,0.2693,0.2704,1952439.0
1778371200000,0.2703,0.2707,0.2665,0.2672,5963711.0
1778374800000,0.2672,0.2672,0.2648,0.2659,6447536.0
1778378400000,0.2659,0.2678,0.2648,0.2666,3408861.0
1778382000000,0.2666,0.2683,0.2662,0.2672,2886394.0
1778385600000,0.2671,0.2675,0.266,0.2664,2672406.0
1778389200000,0.2663,0.2682,0.2657,0.267,2410822.0
1778392800000,0.267,0.268,0.2663,0.2675,3103661.0
1778396400000,0.2676,0.2701,0.2675,0.2688,4109892.0
1778400000000,0.2689,0.2725,0.2687,0.2718,3842325.0
1778403600000,0.2719,0.2735,0.2715,0.2715,4121843.0
1778407200000,0.2716,0.2745,0.2701,0.2729,4671108.0
1778410800000,0.2729,0.273,0.2702,0.2707,3130396.0
1778414400000,0.2707,0.2712,0.2686,0.2701,3295453.0
1778418000000,0.2702,0.2733,0.2702,0.2727,2382657.0
1778421600000,0.2727,0.2732,0.2703,0.2718,3570960.0
1778425200000,0.2718,0.2812,0.2716,0.2811,19071246.0
1778428800000,0.2811,0.2956,0.2802,0.2815,106097123.0
1778432400000,0.2816,0.2853,0.2803,0.2843,15540014.0
1778436000000,0.2844,0.2872,0.2827,0.2855,8710433.0
1778439600000,0.2854,0.2897,0.2828,0.2879,7714832.0
1778443200000,0.2878,0.2902,0.267,0.2732,29579152.0
1778446800000,0.2731,0.2751,0.2686,0.2722,9622079.0
1778450400000,0.2722,0.2837,0.2716,0.2833,12257168.0
1778454000000,0.2833,0.2896,0.2812,0.2832,21377211.0
1778457600000,0.2832,0.2836,0.2782,0.2799,9132607.0
1778461200000,0.2798,0.2829,0.2774,0.2803,7026232.0
1778464800000,0.2803,0.2807,0.2765,0.2779,5303901.0
1778468400000,0.2779,0.2783,0.2717,0.2755,11218820.0
1778472000000,0.2755,0.2782,0.2735,0.2779,4967305.0
1778475600000,0.2779,0.2853,0.2778,0.2819,10172844.0
1778479200000,0.282,0.2838,0.2802,0.281,5940839.0
1778482800000,0.281,0.2813,0.2775,0.2788,3980122.0
1778486400000,0.2789,0.2791,0.2752,0.2768,6620107.0
1778490000000,0.2767,0.2802,0.2764,0.2789,3640405.0
1778493600000,0.2788,0.2824,0.2784,0.2789,6633589.0
1778497200000,0.279,0.2827,0.278,0.2815,5389191.0
1778500800000,0.2815,0.2819,0.2772,0.2773,5781763.0
1778504400000,0.2773,0.2802,0.2761,0.2772,6870798.0
1778508000000,0.2771,0.2799,0.2737,0.277,8216196.0
1778511600000,0.277,0.2836,0.2761,0.2826,7667084.0
1778515200000,0.2825,0.2848,0.2787,0.2811,9288042.0
1778518800000,0.2811,0.2838,0.2796,0.2831,4765338.0
1778522400000,0.2832,0.2849,0.2808,0.2808,4792738.0
1778526000000,0.2809,0.2857,0.2803,0.2828,5107923.0
1778529600000,0.2829,0.2838,0.2806,0.2816,3664974.0
1778533200000,0.2815,0.2833,0.2812,0.2814,2775028.0
1778536800000,0.2814,0.2824,0.2761,0.2785,6771177.0
1778540400000,0.2786,0.2793,0.2768,0.2784,1991217.0
1778544000000,0.2784,0.2817,0.2773,0.2807,3507791.0
1778547600000,0.2806,0.2817,0.2725,0.2747,9454576.0
1778551200000,0.2746,0.2791,0.2744,0.2782,3165362.0
1778554800000,0.2782,0.2788,0.2756,0.2762,2979464.0
1778558400000,0.2762,0.2782,0.2759,0.2776,1964356.0
1778562000000,0.2775,0.28,0.2772,0.2791,2664672.0
1778565600000,0.2792,0.2805,0.2763,0.2767,4197297.0
1778569200000,0.2767,0.2774,0.2732,0.2762,4515114.0
1778572800000,0.2763,0.2766,0.2723,0.2734,6321121.0
1778576400000,0.2733,0.2744,0.2707,0.2734,4983460.0
1778580000000,0.2735,0.2736,0.2692,0.2708,7308258.0
1778583600000,0.2708,0.2711,0.2681,0.2695,5318232.0
1778587200000,0.2695,0.2711,0.2667,0.27,9126331.0
1778590800000,0.2701,0.2722,0.2659,0.2667,7106999.0
1778594400000,0.2668,0.2687,0.2623,0.2645,14545670.0
1778598000000,0.2645,0.2657,0.2624,0.2629,6994125.0
1778601600000,0.2629,0.2639,0.2604,0.2614,9272197.0
1778605200000,0.2615,0.2658,0.2615,0.2654,4130378.0
1778608800000,0.2654,0.2668,0.2645,0.2656,2869123.0
1778612400000,0.2657,0.2684,0.2656,0.2677,2210232.0
1778616000000,0.2677,0.2694,0.2671,0.2687,2281354.0
1778619600000,0.2688,0.27,0.2686,0.2695,2495410.0
1778623200000,0.2695,0.2706,0.2684,0.2686,4619607.0
1778626800000,0.2686,0.2689,0.2666,0.2674,3562565.0
1778630400000,0.2673,0.2698,0.2667,0.2688,3413262.0
1778634000000,0.2689,0.274,0.2689,0.2726,7010246.0
1778637600000,0.2726,0.2764,0.2721,0.2751,6742581.0
1778641200000,0.2751,0.2779,0.2735,0.2774,5280130.0
1778644800000,0.2774,0.2784,0.2761,0.2775,4921154.0
1778648400000,0.2774,0.2775,0.2734,0.2747,5816468.0
1778652000000,0.2747,0.2773,0.2743,0.2762,3252854.0
1778655600000,0.2762,0.2778,0.2754,0.2776,4241238.0
1778659200000,0.2777,0.2839,0.2762,0.2806,17176274.0
1778662800000,0.2805,0.2876,0.2798,0.2855,14668019.0
1778666400000,0.2855,0.2862,0.2786,0.28,9988318.0
1778670000000,0.28,0.2807,0.2746,0.2754,9509687.0
1778673600000,0.2754,0.2766,0.2655,0.2685,19938876.0
1778677200000,0.2685,0.2707,0.2629,0.2647,14916130.0
1778680800000,0.2646,0.2662,0.2621,0.2637,11624161.0
1778684400000,0.2637,0.2648,0.2551,0.2569,31929077.0
1778688000000,0.2568,0.2592,0.2553,0.2583,14745574.0
1778691600000,0.2583,0.26,0.2583,0.2599,4544145.0
1778695200000,0.2598,0.2622,0.2598,0.26,4516947.0
1778698800000,0.26,0.2603,0.2562,0.2571,4077990.0
1778702400000,0.257,0.2594,0.2567,0.259,3964080.0
1778706000000,0.2591,0.2595,0.2564,0.257,2774082.0
1778709600000,0.257,0.2592,0.2555,0.2589,2450572.0
1778713200000,0.2588,0.2602,0.2586,0.2595,2373505.0
1778716800000,0.2595,0.2619,0.2586,0.261,3191808.0
1778720400000,0.2609,0.2613,0.2593,0.2603,2546701.0
1778724000000,0.2603,0.2611,0.258,0.2588,3310632.0
1778727600000,0.2589,0.2594,0.2534,0.2547,11945433.0
1778731200000,0.2548,0.2574,0.2541,0.257,3940782.0
1778734800000,0.257,0.2593,0.2569,0.2585,3924257.0
1778738400000,0.2584,0.2599,0.2569,0.258,5100871.0
1778742000000,0.2579,0.2586,0.2563,0.2565,2893547.0
1778745600000,0.2565,0.2587,0.2552,0.2569,4282685.0
1778749200000,0.2569,0.2572,0.2546,0.2557,3798668.0
1778752800000,0.2556,0.2572,0.255,0.257,3449391.0
1778756400000,0.257,0.2575,0.2538,0.254,4245227.0
1778760000000,0.2539,0.2575,0.2539,0.2571,2842549.0
1778763600000,0.2571,0.2585,0.2551,0.2558,6385015.0
1778767200000,0.2557,0.2635,0.2549,0.2624,13089016.0
1778770800000,0.2624,0.2644,0.2611,0.2637,8715633.0
1778774400000,0.2637,0.2663,0.261,0.265,14250420.0
1778778000000,0.265,0.2667,0.2622,0.2658,9433088.0
1778781600000,0.2657,0.272,0.264,0.2714,17213727.0
1778785200000,0.2713,0.2736,0.2674,0.2682,13093331.0
1778788800000,0.2683,0.269,0.2644,0.2668,6044050.0
1778792400000,0.2669,0.2675,0.2649,0.2655,3235555.0
1778796000000,0.2655,0.2665,0.2644,0.2645,2293711.0
1778799600000,0.2645,0.2645,0.2608,0.2616,4169206.0
1778803200000,0.2616,0.2645,0.2612,0.2629,4407069.0
1778806800000,0.2629,0.2638,0.2599,0.2602,4779062.0
1778810400000,0.2601,0.2628,0.2578,0.2619,11096832.0
1778814000000,0.2618,0.2624,0.2602,0.2606,2612126.0
1778817600000,0.2606,0.2607,0.2567,0.2568,5979629.0
1778821200000,0.2569,0.2576,0.2494,0.2503,23580471.0
1778824800000,0.2503,0.2526,0.25,0.2522,6819482.0
1778828400000,0.2522,0.2549,0.2517,0.254,11273280.0
1778832000000,0.2541,0.2541,0.2503,0.2517,9106475.0
1778835600000,0.2518,0.2525,0.2505,0.2514,4643341.0
1778839200000,0.2514,0.2536,0.2509,0.2528,4863214.0
1778842800000,0.2529,0.2533,0.2518,0.2523,2304457.0
1778846400000,0.2523,0.2528,0.2508,0.2509,5302251.0
1778850000000,0.2508,0.2508,0.2402,0.2409,46038568.0
1778853600000,0.2409,0.2431,0.2382,0.2409,23248023.0
1778857200000,0.241,0.2421,0.2402,0.2419,7389560.0
1778860800000,0.2419,0.2451,0.241,0.2451,7818473.0
1778864400000,0.2451,0.2472,0.2448,0.2469,3244703.0
1778868000000,0.2469,0.2477,0.2453,0.2466,2657715.0
1778871600000,0.2466,0.2466,0.2447,0.245,2085460.0
1778875200000,0.245,0.2452,0.2433,0.2441,3356165.0
1778878800000,0.2441,0.2444,0.2429,0.2433,1557496.0
1778882400000,0.2434,0.2444,0.2434,0.2442,1254065.0
1778886000000,0.2442,0.245,0.244,0.2448,1880676.0
1778889600000,0.2448,0.2458,0.2442,0.2454,2131287.0
1778893200000,0.2455,0.2461,0.2443,0.2459,1500042.0
1778896800000,0.2459,0.2469,0.2458,0.2466,3570947.0
1778900400000,0.2466,0.2474,0.2458,0.2465,1796839.0
1778904000000,0.2464,0.2466,0.2427,0.2444,6759903.0
1778907600000,0.2445,0.245,0.2434,0.2443,2150705.0
1778911200000,0.2443,0.2445,0.2395,0.2413,13640039.0
1778914800000,0.2413,0.2414,0.2353,0.2403,19924785.0
1778918400000,0.2402,0.241,0.24,0.2401,3537052.0
1778922000000,0.2401,0.2404,0.2343,0.2369,20770596.0
1778925600000,0.2368,0.2375,0.2343,0.2374,8825466.0
1778929200000,0.2374,0.2389,0.2374,0.2385,4640863.0
1778932800000,0.2384,0.2393,0.2374,0.2385,3865317.0
1778936400000,0.2385,0.2398,0.2381,0.2393,3309846.0
1778940000000,0.2394,0.2414,0.2385,0.2403,7902676.0
1778943600000,0.2404,0.2426,0.2403,0.2414,5171799.0
1778947200000,0.2414,0.2429,0.2399,0.2409,4964388.0
1778950800000,0.241,0.2421,0.2409,0.2412,1551772.0
1778954400000,0.2412,0.2421,0.2404,0.2413,3607050.0
1778958000000,0.2414,0.2425,0.2404,0.2408,5764405.0
1778961600000,0.2409,0.2412,0.2402,0.2405,1232156.0
1778965200000,0.2404,0.2411,0.2403,0.2405,2605789.0
1778968800000,0.2404,0.2406,0.2394,0.2401,1295378.0
1778972400000,0.2401,0.2404,0.2398,0.2399,1147061.0
1778976000000,0.2399,0.2405,0.2381,0.2389,3165110.0
1778979600000,0.2388,0.2395,0.2372,0.2378,4536225.0
1778983200000,0.2377,0.2397,0.2376,0.2389,3248021.0
1778986800000,0.2389,0.2417,0.2389,0.2411,4103841.0
1778990400000,0.2411,0.2426,0.241,0.242,3731848.0
1778994000000,0.2421,0.2443,0.242,0.2435,6573126.0
1778997600000,0.2436,0.244,0.242,0.243,2689257.0
1779001200000,0.243,0.2449,0.2425,0.2435,2491519.0
1779004800000,0.2435,0.2437,0.2421,0.243,3172750.0
1779008400000,0.243,0.2439,0.2427,0.2435,2653917.0
1779012000000,0.2435,0.2451,0.2432,0.2433,3152895.0
1779015600000,0.2433,0.2437,0.2426,0.2432,2821980.0
1779019200000,0.2431,0.2439,0.2426,0.2428,1526906.0
1779022800000,0.2428,0.2431,0.2412,0.2425,3182869.0
1779026400000,0.2426,0.2426,0.2402,0.2415,5305755.0
1779030000000,0.2415,0.2421,0.2406,0.2419,1982087.0
1779033600000,0.2419,0.2421,0.2394,0.2403,4130888.0
1779037200000,0.2403,0.2405,0.2394,0.2402,2587918.0
1779040800000,0.2402,0.2411,0.2389,0.241,3491435.0
1779044400000,0.2411,0.2422,0.241,0.2417,2232150.0
1779048000000,0.2417,0.242,0.2404,0.2414,1784778.0
1779051600000,0.2414,0.2434,0.2411,0.2427,2219508.0
1779055200000,0.2426,0.2428,0.2391,0.2398,4137966.0
1779058800000,0.2398,0.2398,0.2259,0.2355,64424072.0
1779062400000,0.2355,0.2361,0.2325,0.236,12620375.0
1779066000000,0.2361,0.2367,0.2334,0.2352,6709478.0
1779069600000,0.2352,0.2369,0.2349,0.2355,5507202.0
1779073200000,0.2356,0.2377,0.2356,0.2361,4934081.0
1779076800000,0.2362,0.2373,0.2355,0.237,2805402.0
1779080400000,0.2371,0.2373,0.2345,0.2351,4405894.0
1779084000000,0.2351,0.2359,0.2323,0.234,13066381.0
1779087600000,0.2341,0.2347,0.2316,0.2335,5341793.0
1779091200000,0.2334,0.2348,0.2325,0.2338,4963382.0
1779094800000,0.2339,0.2339,0.2317,0.232,2990817.0
1779098400000,0.2319,0.2322,0.2305,0.2316,6334615.0
1779102000000,0.2316,0.2352,0.2309,0.2339,5499060.0
1779105600000,0.2339,0.2368,0.2338,0.2362,8574695.0
1779109200000,0.2363,0.2372,0.2337,0.2346,13412007.0
1779112800000,0.2346,0.235,0.2305,0.2318,14331230.0
1779116400000,0.2319,0.2342,0.2284,0.2331,13847270.0
1779120000000,0.233,0.2346,0.2323,0.2336,4968948.0
1779123600000,0.2337,0.2357,0.2334,0.2356,3289427.0
1779127200000,0.2357,0.2357,0.2306,0.2312,5979402.0
1779130800000,0.2311,0.238,0.231,0.2375,11930047.0
1779134400000,0.2376,0.2403,0.2376,0.239,8888307.0
1779138000000,0.239,0.2411,0.2381,0.2407,4404733.0
1779141600000,0.2407,0.2418,0.2393,0.2405,4267091.0
1779145200000,0.2406,0.2418,0.2404,0.2416,3419558.0
1779148800000,0.2416,0.2435,0.2408,0.2418,4750912.0
1779152400000,0.2418,0.2419,0.2394,0.2398,4154377.0
1779156000000,0.2397,0.2414,0.2384,0.2395,3757232.0
1779159600000,0.2395,0.2424,0.2392,0.2418,5040852.0
1779163200000,0.2417,0.2463,0.2414,0.2459,7593502.0
1779166800000,0.246,0.2473,0.2426,0.2463,8925433.0
1779170400000,0.2463,0.2501,0.2459,0.2484,9388611.0
1779174000000,0.2483,0.2483,0.2447,0.246,8240525.0
1779177600000,0.246,0.2465,0.2429,0.2449,12637294.0
1779181200000,0.2449,0.2462,0.2403,0.2435,9930946.0
1779184800000,0.2435,0.245,0.2417,0.2439,5512715.0
1779188400000,0.244,0.2441,0.2407,0.241,4150747.0
1779192000000,0.2409,0.2427,0.2403,0.2425,3783388.0
1779195600000,0.2425,0.245,0.2418,0.2434,7943917.0
1779199200000,0.2433,0.244,0.2376,0.2397,11469326.0
1779202800000,0.2396,0.2408,0.2387,0.2398,4702715.0
1779206400000,0.2399,0.2403,0.2389,0.24,4909089.0
1779210000000,0.2399,0.2401,0.2387,0.2397,4943868.0
1779213600000,0.2398,0.2402,0.2386,0.2389,4559529.0
1779217200000,0.2388,0.2399,0.2386,0.2391,3785285.0
1779220800000,0.2392,0.2401,0.239,0.2396,1125559.0
1779224400000,0.2397,0.2402,0.239,0.2392,1689942.0
1779228000000,0.2391,0.2392,0.2366,0.2367,6331213.0
1779231600000,0.2368,0.2389,0.2357,0.2382,4897016.0
1779235200000,0.2382,0.2395,0.2371,0.239,3178376.0
1779238800000,0.239,0.24,0.2374,0.2398,3897326.0
1779242400000,0.2398,0.24,0.2384,0.2386,2641757.0
1779246000000,0.2385,0.2402,0.2381,0.2391,2974117.0
1779249600000,0.2392,0.24,0.2388,0.24,1222605.0
1779253200000,0.2401,0.2408,0.2393,0.2399,7152128.0
1779256800000,0.2399,0.2403,0.2392,0.2401,2283841.0
1779260400000,0.2401,0.2405,0.239,0.2393,3219492.0
1779264000000,0.2392,0.2405,0.2391,0.2401,4120255.0
1779267600000,0.24,0.2405,0.2391,0.2398,3743837.0
1779271200000,0.2397,0.2405,0.2395,0.2397,3431368.0
1779274800000,0.2397,0.24,0.2373,0.2377,6724206.0
1779278400000,0.2376,0.2393,0.2364,0.2391,8653743.0
1779282000000,0.2392,0.2394,0.2356,0.2375,7976611.0
1779285600000,0.2376,0.243,0.2373,0.2425,17432389.0
1779289200000,0.2425,0.2461,0.2416,0.2455,17108398.0
1779292800000,0.2455,0.2565,0.2435,0.2522,63354734.0
1779296400000,0.2521,0.2553,0.2491,0.2498,22050802.0
1779300000000,0.2499,0.2511,0.2469,0.2484,6489911.0
1779303600000,0.2485,0.2518,0.247,0.2504,7011366.0
1779307200000,0.2504,0.2524,0.2482,0.2521,4234888.0
1779310800000,0.2521,0.2527,0.249,0.2494,2344292.0
1779314400000,0.2494,0.2494,0.2463,0.2478,3530143.0
1779318000000,0.2477,0.2477,0.2452,0.2475,4525300.0
1779321600000,0.2475,0.2524,0.2471,0.2518,5395838.0
1779325200000,0.2517,0.2536,0.2512,0.2524,5473657.0
1779328800000,0.2525,0.2559,0.2515,0.2541,12668010.0
1779332400000,0.254,0.2561,0.2535,0.2545,6027556.0
1779336000000,0.2545,0.2561,0.2528,0.2553,6036256.0
1779339600000,0.2552,0.2567,0.2536,0.2549,9253459.0
1779343200000,0.255,0.2575,0.2543,0.2555,9170712.0
1779346800000,0.2555,0.2595,0.2552,0.2593,9775625.0
1779350400000,0.2594,0.2656,0.2586,0.2651,28405996.0
1779354000000,0.2651,0.2678,0.2588,0.2592,22278847.0
1779357600000,0.2592,0.2601,0.2548,0.2561,13459077.0
1779361200000,0.2562,0.2578,0.2542,0.2547,8762344.0
1779364800000,0.2548,0.2582,0.2543,0.257,6756739.0
1779368400000,0.2569,0.2629,0.2551,0.2627,12625762.0
1779372000000,0.2627,0.2648,0.2559,0.2572,12327406.0
1779375600000,0.2573,0.2647,0.2569,0.2614,11797763.0
1779379200000,0.2615,0.2626,0.2571,0.2589,8983671.0
1779382800000,0.259,0.2683,0.259,0.2668,17528554.0
1779386400000,0.2668,0.2714,0.2659,0.2685,15322835.0
1779390000000,0.2684,0.2758,0.2678,0.2755,11870980.0
1779393600000,0.2756,0.2786,0.2707,0.2716,17175218.0
1779397200000,0.2716,0.2721,0.2673,0.2678,4470304.0
1779400800000,0.2678,0.2705,0.2665,0.2689,4277684.0
1779404400000,0.2688,0.2699,0.2671,0.2684,4104192.0
1779408000000,0.2684,0.2715,0.2675,0.2701,7130482.0
1779411600000,0.27,0.2739,0.2697,0.2732,8573888.0
1779415200000,0.2732,0.2761,0.2713,0.2743,8020033.0
1779418800000,0.2744,0.2809,0.2744,0.2765,12592029.0
1779422400000,0.2766,0.2822,0.2758,0.2782,11898351.0
1779426000000,0.2781,0.2835,0.2776,0.2823,13663739.0
1779429600000,0.2824,0.2839,0.2783,0.2784,14618701.0
1779433200000,0.2783,0.2894,0.2759,0.2869,28772336.0
1779436800000,0.2869,0.2937,0.2828,0.2854,36135934.0
1779440400000,0.2854,0.2861,0.2794,0.2811,15442729.0
1779444000000,0.2811,0.2868,0.2797,0.2845,10700594.0
1779447600000,0.2845,0.2932,0.2844,0.2898,18649143.0
1779451200000,0.2897,0.2913,0.2832,0.2909,12467921.0
1779454800000,0.2908,0.2982,0.2863,0.2965,40504176.0
1779458400000,0.2965,0.2981,0.2845,0.2896,33186279.0
1779462000000,0.2896,0.3025,0.2884,0.2953,39511805.0
1779465600000,0.2952,0.3006,0.2892,0.2952,31396051.0
1779469200000,0.2953,0.2983,0.2883,0.2899,21776455.0
1779472800000,0.2899,0.2908,0.2775,0.2812,29871962.0
1779476400000,0.2812,0.2827,0.2692,0.2772,45711463.0
1779480000000,0.2772,0.2818,0.2746,0.2806,20413664.0
1779483600000,0.2807,0.2836,0.2778,0.2811,6625360.0
1779487200000,0.2811,0.2843,0.2791,0.2812,8619942.0
1779490800000,0.2813,0.2827,0.2631,0.2704,37466086.0
1779494400000,0.2705,0.2735,0.2681,0.2702,14181088.0
1779498000000,0.2701,0.2718,0.2675,0.2701,8902162.0
1779501600000,0.2701,0.2717,0.2664,0.2708,10327887.0
1779505200000,0.2709,0.275,0.2705,0.2742,11547679.0
1779508800000,0.2743,0.2769,0.2717,0.2729,11373997.0
1779512400000,0.273,0.2736,0.2708,0.2724,6363595.0
1779516000000,0.2723,0.274,0.2714,0.2726,6418862.0
1779519600000,0.2726,0.2732,0.2594,0.2634,39825552.0
1779523200000,0.2635,0.2669,0.2617,0.2643,15519754.0
1779526800000,0.2643,0.2652,0.2625,0.2639,6977434.0
1779530400000,0.264,0.2683,0.2638,0.2657,6554637.0
1779534000000,0.2658,0.2702,0.2655,0.2673,7771613.0
1779537600000,0.2674,0.2718,0.2643,0.2711,12105328.0
1779541200000,0.2712,0.2781,0.2712,0.2772,18747501.0
1779544800000,0.2772,0.2818,0.2746,0.2794,20461961.0
1779548400000,0.2794,0.2838,0.2778,0.2823,11720900.0
1779552000000,0.2823,0.288,0.2817,0.2875,15601952.0
1779555600000,0.2875,0.2964,0.286,0.294,26473473.0
1779559200000,0.2941,0.3089,0.2933,0.3038,32943224.0
1779562800000,0.3039,0.3051,0.2981,0.3015,14727244.0
1779566400000,0.3014,0.3082,0.2988,0.3075,18385226.0
1779570000000,0.3076,0.3084,0.3007,0.3035,13191670.0
1779573600000,0.3035,0.3049,0.2983,0.3012,9579969.0
1779577200000,0.3013,0.3016,0.2955,0.2998,9406944.0
1779580800000,0.2999,0.304,0.2965,0.3007,13772398.0
1779584400000,0.3007,0.3035,0.2993,0.3003,9643874.0
1779588000000,0.3003,0.3016,0.2967,0.3007,9099294.0
1779591600000,0.3008,0.3008,0.2971,0.2996,7479432.0
1779595200000,0.2996,0.3035,0.2981,0.3015,10741401.0
1779598800000,0.3014,0.3019,0.2933,0.2995,18787429.0
1779602400000,0.2995,0.3055,0.2993,0.3038,16049209.0
1779606000000,0.3039,0.3066,0.2994,0.3004,13359048.0
1779609600000,0.3005,0.3021,0.2976,0.3015,9512768.0
1779613200000,0.3014,0.3078,0.2997,0.3072,12287004.0
1779616800000,0.3073,0.3073,0.3001,0.3034,15883309.0
1779620400000,0.3033,0.305,0.2984,0.3016,13236883.0
1779624000000,0.3016,0.3048,0.2993,0.3043,8885541.0
1779627600000,0.3044,0.3134,0.302,0.3057,38771005.0
1779631200000,0.3057,0.3058,0.2887,0.3,57279429.0
1779634800000,0.2998,0.3037,0.2975,0.3025,15752552.0
1779638400000,0.3026,0.3027,0.2958,0.2977,14620247.0
1779642000000,0.2976,0.2986,0.2938,0.2955,10023823.0
1779645600000,0.2955,0.2972,0.2921,0.2939,7397696.0
1779649200000,0.2939,0.2944,0.2912,0.292,5630723.0
1779652800000,0.2921,0.2925,0.2902,0.2907,5077890.0
1779656400000,0.2908,0.2923,0.2841,0.2847,14942098.0
1779660000000,0.2847,0.2926,0.2845,0.2914,9977117.0
1779663600000,0.2914,0.2953,0.2899,0.2927,60645611.0
1779667200000,0.2927,0.2972,0.2909,0.2928,15992952.0
1779670800000,0.2928,0.2952,0.2905,0.291,7974850.0
1779674400000,0.2911,0.2942,0.2905,0.2907,5187335.0
1779678000000,0.2908,0.2914,0.2869,0.2886,8237161.0
1779681600000,0.2887,0.2941,0.2887,0.2936,5549156.0
1779685200000,0.2935,0.2945,0.2917,0.2935,4963309.0
1779688800000,0.2935,0.2946,0.2904,0.2932,5201499.0
1779692400000,0.2933,0.2991,0.2924,0.2972,13038624.0
1779696000000,0.2973,0.3044,0.2957,0.3042,11416989.0
1779699600000,0.3043,0.3064,0.3012,0.3019,11962671.0
1779703200000,0.3019,0.3065,0.3007,0.3057,10351548.0
1779706800000,0.3058,0.3069,0.3017,0.3025,7181065.0
1779710400000,0.3025,0.3029,0.2975,0.2995,13537857.0
1779714000000,0.2994,0.305,0.2983,0.3045,8876891.0
1779717600000,0.3044,0.3065,0.3014,0.3027,9031087.0
1779721200000,0.3027,0.3034,0.2988,0.3032,8551648.0
1779724800000,0.3032,0.3077,0.2986,0.305,12513141.0
1779728400000,0.305,0.3197,0.3034,0.3126,21769818.0
1779732000000,0.3126,0.3275,0.3124,0.3251,39690488.0
1779735600000,0.3252,0.3356,0.3231,0.3264,48678916.0
1779739200000,0.3264,0.3396,0.3208,0.3237,44457030.0
1779742800000,0.3237,0.3384,0.3236,0.3352,21964844.0
1779746400000,0.3352,0.338,0.3257,0.3258,17767640.0
1779750000000,0.3258,0.3323,0.3243,0.3303,17519428.0
1779753600000,0.3304,0.3332,0.3241,0.3293,27777815.0
1779757200000,0.3292,0.3328,0.3242,0.3285,36486712.0
1779760800000,0.3285,0.3342,0.3262,0.3291,25065895.0
1779764400000,0.329,0.3321,0.3258,0.3316,22527858.0
1779768000000,0.3315,0.3419,0.3288,0.3403,38218040.0
1779771600000,0.3402,0.3529,0.3373,0.3423,59152597.0
1779775200000,0.3424,0.3639,0.3381,0.3616,74389084.0
1779778800000,0.3617,0.3647,0.3462,0.3625,91737638.0
1779782400000,0.3625,0.3737,0.3583,0.3696,109034653.0
1779786000000,0.3697,0.3826,0.3687,0.3796,100356120.0
1779789600000,0.3795,0.3983,0.3744,0.3947,161120018.0
1779793200000,0.3946,0.4041,0.3836,0.3982,152978933.0
1779796800000,0.3981,0.4146,0.3876,0.3899,201418800.0
1779800400000,0.3899,0.4023,0.3893,0.3969,111134868.0
1779804000000,0.3968,0.4016,0.3769,0.391,133667564.0
1779807600000,0.3911,0.4079,0.3887,0.4051,102370975.0
1779811200000,0.4051,0.4078,0.3936,0.398,86592009.0
1779814800000,0.398,0.4027,0.3876,0.3994,75412465.0
1779818400000,0.3995,0.4037,0.3719,0.3819,83696209.0
1779822000000,0.382,0.3847,0.3751,0.3813,44013410.0
1779825600000,0.3813,0.3886,0.3798,0.3875,30906833.0
1779829200000,0.3874,0.3877,0.3735,0.3763,37918571.0
1779832800000,0.3763,0.3847,0.3759,0.383,21558614.0
1779836400000,0.383,0.3863,0.3741,0.3756,34796031.0
1779840000000,0.3756,0.3789,0.3651,0.3729,60799825.0
1779843600000,0.3729,0.3737,0.3632,0.3642,36678227.0
1779847200000,0.3642,0.3659,0.3568,0.3604,51982676.0
1779850800000,0.3603,0.3627,0.3523,0.357,37528209.0
1779854400000,0.357,0.3601,0.3516,0.3588,49559784.0
1779858000000,0.3588,0.3818,0.3582,0.3702,98913632.0
1779861600000,0.3701,0.3724,0.3623,0.3681,60914888.0
1779865200000,0.3682,0.3702,0.3553,0.3622,45367048.0
1779868800000,0.3622,0.3683,0.3592,0.3597,32642479.0
1779872400000,0.3597,0.3617,0.3492,0.3533,40017863.0
1779876000000,0.3532,0.3571,0.3507,0.3551,20581877.0
1779879600000,0.3552,0.3631,0.3549,0.3617,20280307.0
1779883200000,0.3617,0.3675,0.3581,0.3589,34376167.0
1779886800000,0.3589,0.3654,0.3583,0.3616,23744056.0
1779890400000,0.3616,0.3678,0.3596,0.3676,26276718.0
1779894000000,0.3675,0.3718,0.3631,0.3652,35302435.0
1779897600000,0.3651,0.3662,0.3526,0.3552,42287317.0
1779901200000,0.3552,0.3554,0.3406,0.3437,49505993.0
1779904800000,0.3436,0.3479,0.3408,0.3477,18485486.0
1779908400000,0.3478,0.3522,0.3457,0.3488,15355239.0
1779912000000,0.3488,0.3517,0.3465,0.3497,12397359.0
1779915600000,0.3498,0.3513,0.3373,0.3426,21312564.0
1779919200000,0.3425,0.346,0.3379,0.3383,16028238.0
1779922800000,0.3383,0.3429,0.3366,0.3409,15180925.0
1779926400000,0.3409,0.342,0.3306,0.3327,28432907.0
1779930000000,0.3327,0.3363,0.3293,0.3325,26788100.0
1779933600000,0.3324,0.333,0.3273,0.3304,24891037.0
1779937200000,0.3305,0.3314,0.3212,0.3214,51423032.0
1779940800000,0.3214,0.3257,0.3178,0.324,42075850.0
1779944400000,0.3239,0.324,0.3032,0.3082,98922430.0
1779948000000,0.3082,0.3106,0.3051,0.3092,23937568.0
1779951600000,0.3093,0.3119,0.3071,0.3116,26156453.0
1779955200000,0.3115,0.3117,0.3047,0.3058,33927653.0
1779958800000,0.3058,0.3096,0.3058,0.3084,15259265.0
1779962400000,0.3084,0.3095,0.2933,0.2962,53909523.0
1779966000000,0.2962,0.2976,0.2913,0.2931,31387661.0
1779969600000,0.2931,0.2982,0.2906,0.2945,37024103.0
1779973200000,0.2946,0.2955,0.287,0.2892,44878794.0
1779976800000,0.2891,0.2931,0.2834,0.2869,61323590.0
1779980400000,0.2869,0.2887,0.2816,0.2832,36981082.0
1779984000000,0.2831,0.2879,0.2804,0.2816,43839694.0
1779987600000,0.2816,0.284,0.2773,0.2811,45934375.0
1779991200000,0.2811,0.2871,0.2807,0.2865,27496539.0
1779994800000,0.2866,0.2876,0.2825,0.2833,21839623.0
1779998400000,0.2832,0.2864,0.2804,0.2827,19545260.0
1780002000000,0.2826,0.2883,0.282,0.2844,17824219.0
1780005600000,0.2844,0.2851,0.274,0.2771,40653861.0
1780009200000,0.2771,0.281,0.2758,0.2809,19184407.0
1780012800000,0.2808,0.2897,0.2796,0.2884,44126893.0
1780016400000,0.2884,0.296,0.2882,0.2927,44581491.0
1780020000000,0.2926,0.2943,0.2877,0.2904,30472196.0
1780023600000,0.2904,0.2921,0.2824,0.2845,30757726.0
1780027200000,0.2844,0.2898,0.2811,0.2892,30750880.0
1780030800000,0.2892,0.2955,0.2891,0.2929,31877877.0
1780034400000,0.293,0.3071,0.2927,0.3016,61938585.0
1780038000000,0.3016,0.3145,0.3011,0.3089,56546676.0
1780041600000,0.309,0.3129,0.3008,0.303,37481987.0
1780045200000,0.3031,0.3064,0.3003,0.3025,21933788.0
1780048800000,0.3026,0.3036,0.2978,0.2997,17551156.0
1780052400000,0.2997,0.2997,0.2912,0.2934,53638076.0
1780056000000,0.2935,0.2977,0.2875,0.2925,41484566.0
1780059600000,0.2925,0.2956,0.2884,0.2949,23357089.0
1780063200000,0.295,0.3025,0.292,0.2998,43362244.0
1780066800000,0.2998,0.3082,0.297,0.3014,51433735.0
1780070400000,0.3014,0.303,0.2952,0.3021,31101861.0
1780074000000,0.3022,0.3104,0.3003,0.3054,25946422.0
1780077600000,0.3055,0.3078,0.2984,0.2999,15266707.0
1780081200000,0.2999,0.3009,0.2929,0.2985,16376493.0
1780084800000,0.2986,0.3029,0.2977,0.2981,6621692.0
1780088400000,0.2982,0.3006,0.2925,0.2926,9101699.0
1780092000000,0.2927,0.2954,0.2916,0.2922,10057880.0
1780095600000,0.2922,0.2923,0.2886,0.2895,11891410.0
1780099200000,0.2895,0.2915,0.2852,0.286,20300088.0
1780102800000,0.286,0.296,0.2848,0.2937,25885001.0
1780106400000,0.2936,0.3003,0.2924,0.2973,17744715.0
1780110000000,0.2974,0.2983,0.2915,0.2921,11571311.0
1780113600000,0.292,0.2933,0.2854,0.2931,19770065.0
1780117200000,0.2932,0.3004,0.2917,0.2963,20884486.0
1780120800000,0.2963,0.299,0.2943,0.2966,8340512.0
1780124400000,0.2966,0.2968,0.2922,0.2944,7272386.0
1780128000000,0.2944,0.2995,0.293,0.2972,8874875.0
1780131600000,0.2973,0.2989,0.2952,0.2957,7298864.0
1780135200000,0.2957,0.2992,0.2953,0.2974,5818731.0
1780138800000,0.2973,0.3015,0.2972,0.3008,12664925.0
1780142400000,0.3008,0.3076,0.2989,0.3062,20473532.0
1780146000000,0.3062,0.3235,0.3023,0.3232,33898904.0
1780149600000,0.3232,0.3314,0.3161,0.3305,63047781.0
1780153200000,0.3305,0.3529,0.3292,0.3497,97623168.0
1780156800000,0.3496,0.36,0.3372,0.3399,89554859.0
1780160400000,0.3398,0.3509,0.3383,0.342,46540240.0
1780164000000,0.3421,0.3695,0.341,0.3683,48351131.0
1780167600000,0.3683,0.3724,0.3555,0.3602,52935239.0
1780171200000,0.3602,0.381,0.3591,0.3744,47962487.0
1780174800000,0.3744,0.376,0.3599,0.3662,29643653.0
1780178400000,0.3663,0.3667,0.3456,0.3516,42054511.0
1780182000000,0.3516,0.3522,0.3403,0.3442,31416304.0
1780185600000,0.3442,0.3469,0.332,0.3416,38970938.0
1780189200000,0.3416,0.349,0.3377,0.34,31726641.0
1780192800000,0.34,0.3463,0.3391,0.3432,23634984.0
1780196400000,0.3432,0.3496,0.3423,0.348,25264536.0
1780200000000,0.348,0.3496,0.3408,0.3481,18516700.0
1780203600000,0.3481,0.3481,0.3409,0.3433,13298887.0
1780207200000,0.3434,0.3437,0.3384,0.3395,14987678.0
1780210800000,0.3395,0.341,0.336,0.3399,17091807.0
1780214400000,0.3399,0.3406,0.3346,0.3382,14215825.0
1780218000000,0.3382,0.3401,0.3346,0.3377,14376314.0
1780221600000,0.3377,0.3378,0.3251,0.333,31621515.0
1780225200000,0.3331,0.3349,0.3308,0.3325,12531007.0
1780228800000,0.3326,0.3354,0.331,0.3323,9681123.0
1780232400000,0.3323,0.3344,0.3271,0.3272,18005628.0
1780236000000,0.3273,0.3276,0.3165,0.3178,51727982.0
1780239600000,0.3178,0.3388,0.3176,0.3232,82265666.0
1780243200000,0.3231,0.3343,0.3215,0.3271,32335919.0
1780246800000,0.327,0.3325,0.3248,0.3314,18789564.0
1780250400000,0.3314,0.337,0.3285,0.3339,16023339.0
1780254000000,0.3339,0.3377,0.332,0.3372,8425163.0
1780257600000,0.3372,0.3415,0.3365,0.3386,12974968.0
1780261200000,0.3386,0.3562,0.3362,0.3522,24366225.0
1780264800000,0.3522,0.3527,0.3433,0.349,22311013.0
1780268400000,0.3491,0.3534,0.3454,0.35,18774315.0
1780272000000,0.35,0.3658,0.3483,0.3575,41315517.0
1780275600000,0.3575,0.3698,0.3544,0.3634,40011768.0
1780279200000,0.3634,0.3868,0.3631,0.3798,60001542.0
1780282800000,0.3798,0.3981,0.3775,0.3932,71358311.0
1780286400000,0.3932,0.4001,0.3855,0.3914,77884692.0
1780290000000,0.3914,0.4065,0.3866,0.3971,57617819.0
1780293600000,0.3971,0.3976,0.3743,0.3883,68314298.0
1780297200000,0.3882,0.3991,0.376,0.3779,53607546.0
1780300800000,0.3779,0.389,0.3733,0.3815,62135726.0
1780304400000,0.3815,0.3827,0.3704,0.3774,41790831.0
1780308000000,0.3774,0.3837,0.3731,0.3806,32691257.0
1780311600000,0.3807,0.3862,0.3713,0.3737,35856205.0
1780315200000,0.3738,0.3764,0.3665,0.3742,33861336.0
1780318800000,0.3742,0.3833,0.371,0.3788,50375850.0
1780322400000,0.3788,0.3815,0.3671,0.372,43624009.0
1780326000000,0.3719,0.393,0.3688,0.3874,56581422.0
1780329600000,0.3875,0.4149,0.3848,0.4024,81222435.0
1780333200000,0.4023,0.4118,0.3944,0.3993,49987965.0
1780336800000,0.3992,0.4324,0.3989,0.403,96935558.0
1780340400000,0.4031,0.4443,0.4008,0.4323,64873025.0
1780344000000,0.4323,0.4361,0.4192,0.4262,44332801.0
1780347600000,0.4263,0.4445,0.4238,0.4365,32569951.0
1780351200000,0.4364,0.44,0.4232,0.4327,45226811.0
1780354800000,0.4328,0.4414,0.4239,0.4376,34310364.0
1780358400000,0.4377,0.4465,0.4276,0.4377,36852342.0
1780362000000,0.4377,0.4437,0.4297,0.4372,54057747.0
1780365600000,0.4372,0.4434,0.4308,0.44,47093027.0
1780369200000,0.4399,0.464,0.4388,0.4595,73126800.0
1780372800000,0.4596,0.4767,0.4488,0.4729,71845719.0
1780376400000,0.4729,0.4833,0.4561,0.4585,87967487.0
1780380000000,0.4585,0.4711,0.4554,0.4578,53431075.0
1780383600000,0.4578,0.4595,0.4225,0.4237,90601292.0
1780387200000,0.4236,0.425,0.4052,0.4169,82407550.0
1780390800000,0.4169,0.4204,0.4069,0.4117,47123922.0
1780394400000,0.4116,0.4275,0.4071,0.4215,47892527.0
1780398000000,0.4215,0.4259,0.4152,0.4172,33889092.0
1780401600000,0.4171,0.4223,0.4092,0.4161,35332836.0
1780405200000,0.4162,0.4237,0.4141,0.4205,30585120.0
1780408800000,0.4206,0.4251,0.4117,0.4139,44628328.0
1780412400000,0.4138,0.4142,0.3939,0.4038,78541859.0
1780416000000,0.4037,0.4226,0.3991,0.4101,56742845.0
1780419600000,0.4102,0.4245,0.4098,0.4139,31180154.0
1780423200000,0.4139,0.4196,0.403,0.4059,28146326.0
1780426800000,0.4058,0.4082,0.3948,0.4023,30761548.0
1780430400000,0.4023,0.4059,0.3879,0.4016,32208607.0
1780434000000,0.4016,0.4133,0.3992,0.4025,17538291.0
1780437600000,0.4025,0.4079,0.3945,0.3957,18656235.0
1780441200000,0.3957,0.3985,0.3758,0.3824,45998200.0
1780444800000,0.3825,0.4016,0.3809,0.3969,35988323.0
1780448400000,0.3969,0.4066,0.3924,0.3954,32913575.0
1780452000000,0.3953,0.3955,0.3879,0.3943,19842877.0
1780455600000,0.3942,0.3993,0.3816,0.3834,36011933.0
1780459200000,0.3834,0.4126,0.3828,0.4076,47348713.0
1780462800000,0.4076,0.4212,0.4062,0.4175,52585065.0
1780466400000,0.4174,0.4452,0.4172,0.4381,74064267.0
1780470000000,0.4381,0.4588,0.4371,0.4565,61264956.0
1780473600000,0.4565,0.4666,0.4407,0.4621,89629150.0
1780477200000,0.4622,0.4762,0.453,0.4745,71852624.0
1780480800000,0.4746,0.5169,0.4672,0.5077,143441626.0
1780484400000,0.5078,0.5248,0.4937,0.5001,108986632.0
1780488000000,0.5001,0.5045,0.4833,0.5024,87398644.0
1780491600000,0.5024,0.5395,0.5012,0.5249,140584292.0
1780495200000,0.5249,0.5295,0.5126,0.5239,66326534.0
1780498800000,0.524,0.5378,0.5175,0.5297,60355895.0
1780502400000,0.5298,0.5441,0.503,0.5396,107092722.0
1780506000000,0.5397,0.5413,0.5097,0.5215,62263631.0
1780509600000,0.5215,0.5253,0.5063,0.5233,36825975.0
1780513200000,0.5234,0.5343,0.5137,0.5215,37329919.0
1780516800000,0.5214,0.5374,0.5057,0.5106,39001414.0
1780520400000,0.5105,0.5666,0.5096,0.5517,40077398.0
1780524000000,0.5517,0.5538,0.5317,0.5439,38346269.0
1780527600000,0.544,0.544,0.5237,0.5412,31847116.0
1780531200000,0.5411,0.5507,0.518,0.5215,56071729.0
1780534800000,0.5215,0.5322,0.5064,0.5092,52275462.0
1780538400000,0.5092,0.5269,0.4695,0.5184,118047874.0
1780542000000,0.5184,0.566,0.5184,0.5402,119262960.0
1780545600000,0.5402,0.5424,0.5009,0.5084,68922222.0
1780549200000,0.5084,0.5178,0.4919,0.5112,71708038.0
1780552800000,0.5112,0.5379,0.5078,0.5287,63318375.0
1780556400000,0.5288,0.5329,0.5061,0.513,66808458.0
1780560000000,0.513,0.5334,0.5115,0.5265,50460361.0
1780563600000,0.5265,0.5276,0.5086,0.5114,49313620.0
1780567200000,0.5114,0.513,0.4801,0.4926,85784575.0
1780570800000,0.4926,0.4976,0.4733,0.4762,59785849.0
1780574400000,0.4763,0.4945,0.4574,0.4943,91884752.0
1780578000000,0.4944,0.516,0.4742,0.4977,85278257.0
1780581600000,0.4977,0.5473,0.4956,0.543,93752375.0
1780585200000,0.5429,0.6028,0.5332,0.5902,166492463.0
1780588800000,0.5902,0.6254,0.5764,0.6153,159787848.0
1780592400000,0.6153,0.6323,0.554,0.5603,190080694.0
1780596000000,0.5604,0.5934,0.5467,0.5767,98812829.0
1780599600000,0.5767,0.5854,0.5443,0.551,64872987.0
1780603200000,0.551,0.5567,0.5211,0.5258,57150700.0
1780606800000,0.5258,0.5446,0.5091,0.5116,44531234.0
1780610400000,0.5116,0.537,0.5075,0.5341,40648262.0
1780614000000,0.5341,0.5459,0.5213,0.5366,42524350.0
1780617600000,0.5366,0.5474,0.5226,0.5315,38691047.0
1780621200000,0.5316,0.5538,0.5265,0.5535,40679733.0
1780624800000,0.5535,0.5555,0.4772,0.491,115666351.0
1780628400000,0.491,0.5134,0.4719,0.4912,103350142.0
1780632000000,0.4913,0.5104,0.4872,0.5092,55132500.0
1780635600000,0.5091,0.5223,0.504,0.5061,47408118.0
1780639200000,0.5061,0.53,0.4866,0.5253,87585588.0
1780642800000,0.5253,0.5666,0.5087,0.5393,100033098.0
1780646400000,0.5394,0.5455,0.5213,0.5305,50956036.0
1780650000000,0.5306,0.5622,0.5306,0.5578,52266043.0
1780653600000,0.5579,0.5745,0.5413,0.548,59775852.0
1780657200000,0.5479,0.5483,0.5249,0.5298,46252426.0
1780660800000,0.5298,0.5388,0.5104,0.5272,60212880.0
1780664400000,0.5273,0.5369,0.5206,0.5208,51063731.0
1780668000000,0.5209,0.5519,0.4935,0.4994,87412289.0
1780671600000,0.4995,0.5114,0.4743,0.5092,93564881.0
1780675200000,0.5092,0.5369,0.5,0.5297,84650113.0
1780678800000,0.5297,0.5318,0.5065,0.5307,43986663.0
1780682400000,0.5307,0.5361,0.5008,0.5024,40000670.0
1780686000000,0.5024,0.5274,0.4974,0.5179,46196535.0
1780689600000,0.5179,0.5224,0.5044,0.5157,29420155.0
1780693200000,0.5156,0.5444,0.5061,0.5292,28550465.0
1780696800000,0.5292,0.5567,0.5266,0.5427,34547996.0
1780700400000,0.5428,0.5441,0.5219,0.5301,28358567.0
1780704000000,0.5301,0.5385,0.5165,0.5241,28889724.0
1780707600000,0.5242,0.5326,0.4881,0.4987,70502550.0
1780711200000,0.4987,0.5012,0.4482,0.4495,68201847.0
1780714800000,0.4495,0.4545,0.4079,0.4286,134501085.0
1780718400000,0.4286,0.4356,0.4144,0.4215,61824597.0
1780722000000,0.4216,0.4541,0.4171,0.4507,58220579.0
1780725600000,0.4507,0.4633,0.447,0.4598,43054685.0
1780729200000,0.4597,0.4712,0.4339,0.4374,66649723.0
1780732800000,0.4375,0.4393,0.4189,0.4203,61000316.0
1780736400000,0.4202,0.4266,0.4033,0.4054,70615973.0
1780740000000,0.4054,0.4147,0.3902,0.4134,82145561.0
1780743600000,0.4134,0.4275,0.4107,0.4219,43750405.0
1780747200000,0.4219,0.4256,0.4044,0.4107,35218149.0
1780750800000,0.4107,0.4251,0.4101,0.4153,28540989.0
1780754400000,0.4153,0.4324,0.4031,0.4097,39147794.0
1780758000000,0.4096,0.4212,0.4061,0.4149,28681029.0
1780761600000,0.4149,0.4166,0.3974,0.4065,34560105.0
1780765200000,0.4064,0.4077,0.3918,0.3973,31554315.0
1780768800000,0.3973,0.4184,0.3958,0.4104,37945335.0
1780772400000,0.4104,0.4205,0.407,0.4112,20887884.0
1780776000000,0.4112,0.4196,0.4074,0.4139,17986219.0
1780779600000,0.4139,0.4256,0.4112,0.4224,12499916.0
1780783200000,0.4225,0.4246,0.4142,0.4156,13937606.0
1780786800000,0.4156,0.4207,0.4116,0.4135,9986479.0
1780790400000,0.4135,0.4363,0.4108,0.4351,34922169.0
1780794000000,0.4351,0.4738,0.4325,0.4725,99408449.0
1780797600000,0.4724,0.4727,0.4374,0.4425,75743956.0
1780801200000,0.4426,0.4514,0.4368,0.4482,35956359.0
1780804800000,0.4482,0.4645,0.4457,0.4608,44445113.0
1780808400000,0.4608,0.4625,0.4423,0.4442,38805120.0
1780812000000,0.4442,0.4528,0.4401,0.4467,31984246.0
1780815600000,0.4467,0.4572,0.4415,0.4451,35686752.0
1780819200000,0.4451,0.4524,0.4377,0.4478,39312066.0
1780822800000,0.4479,0.4495,0.4257,0.4264,55888144.0
1780826400000,0.4265,0.4289,0.4151,0.4201,39675107.0
1780830000000,0.42,0.4362,0.4176,0.4351,33376445.0
1780833600000,0.435,0.4368,0.4226,0.4332,35627027.0
1780837200000,0.4331,0.4489,0.4326,0.4431,55012499.0
1780840800000,0.443,0.4877,0.4403,0.4856,72114299.0
1780844400000,0.4857,0.5138,0.4677,0.4991,120079001.0
1780848000000,0.4991,0.5075,0.4785,0.4851,72306610.0
1780851600000,0.4851,0.489,0.4786,0.4848,28537068.0
1780855200000,0.4848,0.4909,0.4733,0.4768,20772987.0
1780858800000,0.4768,0.4772,0.4568,0.4655,34510869.0
1780862400000,0.4654,0.4756,0.4627,0.4744,21489913.0
1780866000000,0.4744,0.4751,0.463,0.4738,11729331.0
1780869600000,0.4739,0.5047,0.4686,0.4711,49233578.0
1780873200000,0.471,0.4733,0.464,0.4714,17928440.0
1780876800000,0.4714,0.4894,0.4684,0.4812,34170056.0
1780880400000,0.4813,0.4838,0.467,0.4732,30762615.0
1780884000000,0.4732,0.4949,0.4729,0.4872,33538610.0
1780887600000,0.4873,0.4888,0.4707,0.4795,23372528.0
1780891200000,0.4794,0.4825,0.4658,0.4707,25345648.0
1780894800000,0.4708,0.4863,0.4635,0.4673,29638439.0
1780898400000,0.4673,0.4849,0.4657,0.4779,32952232.0
1780902000000,0.478,0.4825,0.4683,0.4721,23325867.0
1780905600000,0.4721,0.4781,0.4669,0.4719,19890803.0
1780909200000,0.4719,0.4783,0.4606,0.4705,31539899.0
1780912800000,0.4705,0.4755,0.4517,0.4573,35716463.0
1780916400000,0.4574,0.4772,0.4568,0.4643,38023568.0
1780920000000,0.4643,0.4864,0.4591,0.4814,41760741.0
1780923600000,0.4814,0.4891,0.4725,0.4811,47581048.0
1780927200000,0.481,0.4855,0.4669,0.4825,37330645.0
1780930800000,0.4825,0.4926,0.4774,0.479,38405677.0
1780934400000,0.4791,0.5075,0.4754,0.5029,74223876.0
1780938000000,0.5029,0.5359,0.4932,0.5341,78161328.0
1780941600000,0.5341,0.5796,0.5341,0.5772,105997462.0
1780945200000,0.5771,0.5776,0.5411,0.5481,70981313.0
1780948800000,0.5481,0.555,0.5338,0.5455,42474364.0
1780952400000,0.5456,0.5628,0.5059,0.5111,51386184.0
1780956000000,0.511,0.5135,0.4904,0.4974,39716368.0
1780959600000,0.4974,0.5005,0.4921,0.4968,16810625.0
1780963200000,0.4968,0.5076,0.4845,0.4905,43847582.0
1780966800000,0.4904,0.4938,0.4807,0.4915,21036962.0
1780970400000,0.4915,0.495,0.4781,0.4841,21550569.0
1780974000000,0.4842,0.4919,0.4812,0.4837,18066555.0
1780977600000,0.4837,0.5029,0.4831,0.5,32416154.0
1780981200000,0.4999,0.5092,0.4957,0.5068,33336326.0
1780984800000,0.5068,0.5232,0.4913,0.5046,39796435.0
1780988400000,0.5046,0.5246,0.5023,0.5129,36886749.0
1780992000000,0.5129,0.5208,0.502,0.5143,35807984.0
1780995600000,0.5144,0.5163,0.5045,0.5116,22608954.0
1780999200000,0.5115,0.5201,0.5059,0.5106,19555770.0
1781002800000,0.5107,0.5192,0.5062,0.511,19196193.0
1781006400000,0.511,0.5414,0.5103,0.5268,49763092.0
1781010000000,0.5269,0.5544,0.524,0.5495,43197804.0
1781013600000,0.5495,0.5499,0.5133,0.5311,70544953.0
1781017200000,0.531,0.539,0.4933,0.5005,64072682.0
1781020800000,0.5004,0.5075,0.4815,0.485,58830863.0
1781024400000,0.4849,0.5183,0.4828,0.5124,47818656.0
1781028000000,0.5125,0.5295,0.5078,0.5276,27718509.0
1781031600000,0.5276,0.5316,0.5007,0.5053,31820600.0
1781035200000,0.5053,0.5273,0.5011,0.527,17194741.0
1781038800000,0.5271,0.5287,0.505,0.5131,15119729.0
1781042400000,0.5132,0.5212,0.5062,0.5072,13014793.0
1781046000000,0.5072,0.513,0.5034,0.508,11262349.0
1781049600000,0.508,0.515,0.5002,0.5144,15125639.0
1781053200000,0.5144,0.5201,0.5059,0.5093,18975861.0
1781056800000,0.5093,0.512,0.4983,0.5057,17207159.0
1781060400000,0.5057,0.5174,0.5028,0.5046,22019043.0
1781064000000,0.5045,0.5079,0.4887,0.506,32113247.0
1781067600000,0.506,0.5094,0.4839,0.4881,35646887.0
1781071200000,0.4881,0.5026,0.4824,0.4948,32215608.0
1781074800000,0.4948,0.5098,0.4928,0.4996,29966206.0
1781078400000,0.4996,0.5053,0.4941,0.4944,20900430.0
1781082000000,0.4945,0.5043,0.4935,0.5001,16724423.0
1781085600000,0.5,0.5,0.4871,0.4924,17030953.0
1781089200000,0.4924,0.4952,0.4779,0.4896,24426943.0
1781092800000,0.4895,0.5163,0.4869,0.509,40700514.0
1781096400000,0.5089,0.5256,0.5048,0.5118,42374243.0
1781100000000,0.5119,0.5134,0.4931,0.4987,41434801.0
1781103600000,0.4986,0.504,0.4601,0.4669,85334132.0
1781107200000,0.4669,0.4682,0.4382,0.4426,73556011.0
1781110800000,0.4426,0.4558,0.4426,0.4507,31936530.0
1781114400000,0.4507,0.4547,0.4439,0.4496,17186961.0
1781118000000,0.4497,0.4519,0.4432,0.4468,13428936.0
1781121600000,0.4468,0.4549,0.4448,0.4463,14538933.0
1781125200000,0.4462,0.4467,0.4271,0.4337,24888086.0
1781128800000,0.4338,0.4393,0.4282,0.436,14332844.0
1781132400000,0.436,0.4546,0.4341,0.4502,28886219.0
1781136000000,0.4502,0.458,0.4447,0.4483,14457111.0
1781139600000,0.4482,0.4621,0.4478,0.4598,16962114.0
1781143200000,0.4598,0.4625,0.4473,0.4554,16542856.0
1781146800000,0.4555,0.4722,0.4506,0.4688,20663598.0
1781150400000,0.4689,0.4708,0.4532,0.4663,31286159.0
1781154000000,0.4664,0.4744,0.4648,0.4724,17114655.0
1781157600000,0.4724,0.4767,0.4671,0.4716,17093126.0
1781161200000,0.4716,0.5087,0.4675,0.4992,54602828.0
1781164800000,0.4992,0.5171,0.4764,0.4872,70216693.0
1781168400000,0.4872,0.4914,0.48,0.4891,23132073.0
1781172000000,0.4891,0.5008,0.4876,0.4968,25405031.0
1781175600000,0.4967,0.5051,0.491,0.5015,22723743.0
1781179200000,0.5016,0.5087,0.4907,0.4983,40844387.0
1781182800000,0.4983,0.5062,0.4923,0.5003,33808061.0
1781186400000,0.5003,0.5029,0.4825,0.4843,29022351.0
1781190000000,0.4843,0.5007,0.4785,0.4995,26684318.0
1781193600000,0.4995,0.5013,0.4814,0.4893,28995665.0
1781197200000,0.4893,0.5099,0.4836,0.5008,37681001.0
1781200800000,0.5007,0.5139,0.4966,0.5015,23836900.0
1781204400000,0.5016,0.504,0.496,0.498,14524861.0
1781208000000,0.498,0.4984,0.4836,0.4872,18677360.0
1781211600000,0.4872,0.5038,0.487,0.4994,12274150.0
1781215200000,0.4994,0.5031,0.4954,0.4965,6490740.0
1781218800000,0.4966,0.5011,0.4914,0.4962,10066005.0
1781222400000,0.4961,0.5075,0.4942,0.5056,12560769.0
1781226000000,0.5057,0.507,0.4925,0.501,17444992.0
1781229600000,0.5009,0.5117,0.4962,0.5071,16007827.0
1781233200000,0.5071,0.5094,0.499,0.5022,14559915.0
1781236800000,0.5021,0.5096,0.4972,0.499,16142042.0
1781240400000,0.4991,0.5037,0.4901,0.4949,19344030.0
1781244000000,0.4949,0.5004,0.4869,0.4956,27674114.0
1781247600000,0.4956,0.5003,0.4875,0.4899,17416415.0
1781251200000,0.4898,0.4998,0.4818,0.4951,27012930.0
1781254800000,0.4951,0.4977,0.4889,0.4905,17239444.0
1781258400000,0.4904,0.4915,0.4822,0.4858,20560771.0
1781262000000,0.4858,0.4885,0.4763,0.4778,21137897.0
1781265600000,0.4778,0.4828,0.4725,0.4816,21990679.0
1781269200000,0.4816,0.4823,0.4626,0.4684,32418212.0
1781272800000,0.4685,0.4782,0.4677,0.4769,24214892.0
1781276400000,0.477,0.4814,0.4605,0.4628,35288048.0
1781280000000,0.4629,0.4687,0.4574,0.4667,26037724.0
1781283600000,0.4668,0.4768,0.4657,0.4722,15620606.0
1781287200000,0.4721,0.4764,0.4605,0.4625,18854455.0
1781290800000,0.4626,0.4695,0.4622,0.4632,7910950.0
1781294400000,0.4632,0.4699,0.4614,0.4643,7781418.0
1781298000000,0.4644,0.4671,0.4575,0.4614,8951507.0
1781301600000,0.4613,0.4659,0.4586,0.4611,6475131.0
1781305200000,0.461,0.4612,0.4549,0.4576,9717669.0
1781308800000,0.4575,0.4733,0.4528,0.4716,15380977.0
1781312400000,0.4717,0.4835,0.4713,0.4759,19453866.0
1781316000000,0.4759,0.4821,0.4732,0.4775,13253320.0
1781319600000,0.4775,0.4813,0.4736,0.4785,11732196.0
1781323200000,0.4784,0.4799,0.4678,0.4747,17744126.0
1781326800000,0.4747,0.477,0.47,0.4752,9809804.0
1781330400000,0.4753,0.482,0.4704,0.4785,14583613.0
1781334000000,0.4786,0.4948,0.476,0.4886,27677267.0
1781337600000,0.4886,0.4976,0.485,0.4875,19104578.0
1781341200000,0.4874,0.4908,0.4829,0.4878,11853247.0
1781344800000,0.4878,0.4953,0.4858,0.4905,15983312.0
1781348400000,0.4905,0.4948,0.487,0.491,12806098.0
1781352000000,0.4911,0.504,0.4904,0.5001,25362715.0
1781355600000,0.5002,0.51,0.4991,0.5048,27768888.0
1781359200000,0.5048,0.5269,0.5045,0.52,40234650.0
1781362800000,0.52,0.535,0.5158,0.5162,47065556.0
1781366400000,0.5162,0.5176,0.495,0.505,48813576.0
1781370000000,0.505,0.5058,0.4986,0.5018,17422345.0
1781373600000,0.5018,0.5062,0.4923,0.4963,20421006.0
1781377200000,0.4964,0.5045,0.4955,0.4997,8508529.0
1781380800000,0.4996,0.5029,0.4931,0.5016,8107648.0
1781384400000,0.5017,0.5149,0.4975,0.5072,9080597.0
1781388000000,0.5071,0.5104,0.5017,0.503,8013845.0
1781391600000,0.5032,0.5066,0.4982,0.5013,7411565.0
1781395200000,0.5013,0.5076,0.5007,0.5032,10439282.0
1781398800000,0.5033,0.5119,0.5015,0.5072,13147753.0
1781402400000,0.5071,0.5115,0.5046,0.507,8508484.0
1781406000000,0.507,0.5082,0.5015,0.5047,9393108.0
1781409600000,0.5046,0.5051,0.4892,0.4905,22269320.0
1781413200000,0.4905,0.5084,0.4901,0.5069,18121745.0
1781416800000,0.5069,0.5235,0.5068,0.5148,42879579.0
1781420400000,0.5146,0.5154,0.5003,0.5034,24815233.0
1781424000000,0.5034,0.5131,0.4977,0.508,20595369.0
1781427600000,0.5081,0.5085,0.5015,0.5044,15153680.0
1781431200000,0.5043,0.5068,0.4931,0.4947,16730358.0
1781434800000,0.4947,0.5027,0.4943,0.501,13693073.0
1781438400000,0.501,0.5048,0.4941,0.4966,15260561.0
1781442000000,0.4967,0.5065,0.4925,0.5015,20747429.0
1781445600000,0.5014,0.5014,0.4893,0.4963,20550846.0
1781449200000,0.4962,0.5033,0.495,0.4966,11875866.0
1781452800000,0.4966,0.5045,0.4947,0.5,14874062.0
1781456400000,0.5,0.5091,0.4957,0.497,19837350.0
1781460000000,0.4969,0.5067,0.4949,0.5041,11639541.0
1781463600000,0.5041,0.5043,0.4971,0.4987,9507493.0
1781467200000,0.4987,0.5047,0.4965,0.5,8344795.0
1781470800000,0.5001,0.5219,0.498,0.5122,19423496.0
1781474400000,0.5123,0.5213,0.5076,0.5194,16943773.0
1781478000000,0.5195,0.5278,0.5125,0.5228,20743077.0
1781481600000,0.5228,0.5448,0.5202,0.5433,33499756.0
1781485200000,0.5433,0.5618,0.5369,0.5532,45019571.0
1781488800000,0.5533,0.5834,0.5486,0.5792,52027937.0
1781492400000,0.5793,0.5912,0.57,0.5744,64234119.0
1781496000000,0.5743,0.5993,0.5728,0.5936,61835840.0
1781499600000,0.5935,0.6048,0.5825,0.5911,53899750.0
1781503200000,0.5911,0.5972,0.5808,0.5929,40296480.0
1781506800000,0.593,0.593,0.5801,0.5842,32555503.0
1781510400000,0.5843,0.5964,0.5822,0.5844,38915072.0
1781514000000,0.5843,0.5985,0.5842,0.5899,32571366.0
1781517600000,0.5899,0.596,0.5839,0.5952,36905754.0
1781521200000,0.5951,0.6297,0.5887,0.6196,101855262.0
1781524800000,0.6197,0.626,0.6061,0.6137,46496221.0
1781528400000,0.6137,0.6184,0.6012,0.6114,43844718.0
1781532000000,0.6114,0.6172,0.6062,0.614,29290550.0
1781535600000,0.6139,0.6167,0.5835,0.5879,58367462.0
1781539200000,0.5878,0.5887,0.566,0.5721,50867339.0
1781542800000,0.572,0.5866,0.5688,0.5778,33425892.0
1781546400000,0.5778,0.5915,0.5745,0.5868,22182025.0
1781550000000,0.5868,0.5905,0.5797,0.5839,20491363.0
1781553600000,0.5839,0.5988,0.5811,0.5954,19558789.0
1781557200000,0.5953,0.6117,0.5919,0.6065,17189073.0
1781560800000,0.6066,0.6144,0.587,0.5926,26621136.0
1781564400000,0.5925,0.5989,0.5838,0.5871,20226420.0
1781568000000,0.5872,0.6063,0.5866,0.5963,22972522.0
1781571600000,0.5964,0.6046,0.593,0.5948,17524191.0
1781575200000,0.5948,0.605,0.5895,0.597,25215484.0
1781578800000,0.597,0.6056,0.5954,0.6025,17383200.0
1781582400000,0.6025,0.6035,0.5881,0.5957,21082388.0
1781586000000,0.5957,0.5998,0.5761,0.5842,32133498.0
1781589600000,0.5842,0.6018,0.5821,0.5998,31644297.0
1781593200000,0.5999,0.6544,0.5944,0.6409,85270340.0
1781596800000,0.6409,0.6744,0.6326,0.6722,67205988.0
1781600400000,0.6722,0.674,0.641,0.6565,49126959.0
1781604000000,0.6565,0.6656,0.6497,0.6515,29111760.0
1781607600000,0.6515,0.6655,0.6454,0.6542,32235553.0
1781611200000,0.6543,0.6578,0.6441,0.6509,24054467.0
1781614800000,0.6509,0.6524,0.6335,0.6411,37642203.0
1781618400000,0.6412,0.6555,0.6214,0.6384,46290660.0
1781622000000,0.6383,0.6546,0.634,0.6384,31861011.0
1781625600000,0.6383,0.6456,0.6325,0.6394,19095286.0
1781629200000,0.6394,0.6691,0.6389,0.6629,44808110.0
1781632800000,0.6629,0.6678,0.6523,0.6629,20276986.0
1781636400000,0.6628,0.6633,0.6506,0.6555,19109105.0
1781640000000,0.6554,0.6874,0.6537,0.6761,33212351.0
1781643600000,0.6761,0.6777,0.6608,0.667,14326298.0
1781647200000,0.6669,0.672,0.6591,0.6626,11999348.0
1781650800000,0.6625,0.6791,0.6624,0.6748,16655316.0
1781654400000,0.6748,0.6924,0.6656,0.6891,34097476.0
1781658000000,0.689,0.7235,0.683,0.701,66134622.0
1781661600000,0.701,0.705,0.6831,0.686,44317639.0
1781665200000,0.6861,0.6867,0.6667,0.6822,36712277.0
1781668800000,0.6822,0.6957,0.6765,0.6781,32060147.0
1781672400000,0.678,0.6948,0.6752,0.6937,23047399.0
1781676000000,0.6936,0.7005,0.6795,0.6808,32131886.0
1781679600000,0.6808,0.6888,0.6744,0.6832,21528772.0
1781683200000,0.6832,0.6846,0.6521,0.6603,48008505.0
1781686800000,0.6602,0.6624,0.6401,0.6507,44667380.0
1781690400000,0.6508,0.6585,0.6461,0.6524,25579819.0
1781694000000,0.6525,0.6615,0.6463,0.6526,22879248.0
1781697600000,0.6526,0.6609,0.6501,0.6577,19608746.0
1781701200000,0.6578,0.6717,0.6532,0.6615,29245455.0
1781704800000,0.6616,0.6687,0.6473,0.6516,31753930.0
1781708400000,0.6515,0.6614,0.6454,0.6574,25010450.0
1781712000000,0.6575,0.6699,0.6566,0.6688,25724054.0
1781715600000,0.6688,0.6857,0.6614,0.6711,37992550.0
1781719200000,0.671,0.6734,0.6505,0.6571,34043590.0
1781722800000,0.6571,0.6636,0.6334,0.6404,35318337.0
1781726400000,0.6404,0.6441,0.6341,0.6435,13114759.0
1781730000000,0.6436,0.6524,0.6364,0.6417,14021613.0
1781733600000,0.6416,0.6583,0.6339,0.6567,14310173.0
1781737200000,0.6567,0.6616,0.6532,0.658,13248076.0
1781740800000,0.658,0.6678,0.6555,0.6589,13110547.0
1781744400000,0.6589,0.6721,0.6488,0.6506,17351441.0
1781748000000,0.6506,0.663,0.648,0.6524,13100969.0
1781751600000,0.6524,0.6545,0.6368,0.6374,14802001.0
1781755200000,0.6375,0.6437,0.6301,0.6378,20691490.0
1781758800000,0.6378,0.6384,0.6168,0.622,30982390.0
1781762400000,0.6221,0.6237,0.6066,0.6129,28939100.0
1781766000000,0.613,0.628,0.6112,0.625,20451577.0
1781769600000,0.625,0.638,0.623,0.6335,22523092.0
1781773200000,0.6336,0.6339,0.6213,0.6274,19413934.0
1781776800000,0.6275,0.632,0.6234,0.6242,13228226.0
1781780400000,0.6242,0.6305,0.613,0.6291,17157413.0
1781784000000,0.6292,0.6408,0.6256,0.6344,17542167.0
1781787600000,0.6344,0.6347,0.6208,0.6245,18388838.0
1781791200000,0.6245,0.6325,0.6184,0.6231,17496166.0
1781794800000,0.6232,0.63,0.6117,0.6136,22098701.0
1781798400000,0.6135,0.6264,0.6033,0.6215,26176588.0
1781802000000,0.6216,0.6223,0.6098,0.612,13737336.0
1781805600000,0.6121,0.6199,0.6094,0.6169,8290563.0
1781809200000,0.6168,0.627,0.6135,0.6211,9325013.0
1781812800000,0.6212,0.6487,0.6212,0.6405,17837358.0
1781816400000,0.6405,0.6461,0.6305,0.6379,10408126.0
1781820000000,0.6378,0.6467,0.6348,0.6397,8794586.0
1781823600000,0.6398,0.6452,0.6311,0.6425,9510273.0
1781827200000,0.6426,0.6632,0.6389,0.6577,28085306.0
1781830800000,0.6576,0.6585,0.6452,0.6484,14158116.0
1781834400000,0.6483,0.6523,0.6365,0.6455,12971667.0
1781838000000,0.6456,0.6541,0.6262,0.6417,31125060.0
1781841600000,0.6416,0.6471,0.6216,0.6274,24051619.0
1781845200000,0.6274,0.6355,0.6251,0.6303,14400680.0
1781848800000,0.6302,0.6651,0.6287,0.661,25858016.0
1781852400000,0.661,0.6655,0.6407,0.6464,28821348.0
1781856000000,0.6464,0.6522,0.6386,0.6409,17987636.0
1781859600000,0.641,0.6412,0.6182,0.6201,28999124.0
1781863200000,0.6201,0.6209,0.5928,0.6014,39855816.0
1781866800000,0.6014,0.6074,0.5985,0.6036,15634339.0
1781870400000,0.6037,0.6196,0.5993,0.6171,17967479.0
1781874000000,0.6172,0.6338,0.6153,0.6319,24804206.0
1781877600000,0.6318,0.6368,0.6226,0.6252,22683569.0
1781881200000,0.6252,0.629,0.6127,0.6175,20527704.0
1781884800000,0.6175,0.6244,0.6129,0.6155,13189462.0
1781888400000,0.6155,0.624,0.6138,0.6221,9607984.0
1781892000000,0.6222,0.6237,0.616,0.6221,6833509.0
1781895600000,0.622,0.6224,0.6103,0.6148,9253717.0
1781899200000,0.6149,0.6215,0.6134,0.6207,4312741.0
1781902800000,0.6207,0.6363,0.6184,0.6207,9500223.0
1781906400000,0.6207,0.6291,0.6204,0.6235,4616410.0
1781910000000,0.6236,0.6255,0.6126,0.6231,8311789.0
1781913600000,0.623,0.6268,0.6141,0.6159,7953695.0
1781917200000,0.616,0.617,0.6021,0.6046,13559196.0
1781920800000,0.6045,0.6077,0.5905,0.6002,17445981.0
1781924400000,0.6002,0.606,0.5981,0.6044,6869874.0
1781928000000,0.6044,0.617,0.6028,0.6166,12852015.0
1781931600000,0.6166,0.624,0.6081,0.6114,15664417.0
1781935200000,0.6113,0.6139,0.6023,0.6046,9241397.0
1781938800000,0.6046,0.6076,0.5966,0.6001,14823041.0
1781942400000,0.6002,0.6055,0.5988,0.604,7321577.0
1781946000000,0.6041,0.6084,0.6001,0.6067,7905795.0
1781949600000,0.6068,0.6133,0.6027,0.6089,12812731.0
1781953200000,0.609,0.6101,0.6003,0.6026,7509057.0
1781956800000,0.6025,0.6236,0.602,0.6085,21557453.0
1781960400000,0.6085,0.6096,0.5925,0.6005,16968339.0
1781964000000,0.6005,0.6199,0.5972,0.6115,19457985.0
1781967600000,0.6115,0.6228,0.6085,0.6162,17089919.0
1781971200000,0.6163,0.6188,0.6105,0.615,9804133.0
1781974800000,0.6149,0.6169,0.6,0.6036,11842180.0
1781978400000,0.6036,0.6085,0.6018,0.6018,4449900.0
1781982000000,0.6018,0.605,0.6,0.6041,3566885.0
1781985600000,0.604,0.6063,0.6005,0.6049,2638094.0
1781989200000,0.605,0.6095,0.6013,0.6047,4536401.0
1781992800000,0.6047,0.6149,0.6036,0.6117,7521024.0
1781996400000,0.6118,0.6133,0.6068,0.61,5973661.0
1782000000000,0.6101,0.6103,0.6017,0.6056,8283706.0
1782003600000,0.6055,0.6071,0.5966,0.598,8923476.0
1782007200000,0.598,0.6044,0.5942,0.6023,10939940.0
1782010800000,0.6022,0.6135,0.5995,0.6064,14600845.0
1782014400000,0.6064,0.6098,0.6005,0.6028,8205040.0
1782018000000,0.6028,0.604,0.599,0.6006,6034286.0
1782021600000,0.6006,0.6045,0.5983,0.6005,8672001.0
1782025200000,0.6005,0.6066,0.5971,0.6028,10980438.0
1782028800000,0.6028,0.6096,0.5948,0.6089,18020054.0
1782032400000,0.6088,0.6099,0.6013,0.605,9702200.0
1782036000000,0.605,0.6076,0.5995,0.6011,7472275.0
1782039600000,0.6012,0.6037,0.5927,0.5973,19612962.0
1782043200000,0.5972,0.6093,0.589,0.6033,25802031.0
1782046800000,0.6034,0.6083,0.6026,0.607,11943563.0
1782050400000,0.6069,0.619,0.6041,0.6153,22437835.0
1782054000000,0.6154,0.6524,0.614,0.643,61677304.0
1782057600000,0.643,0.6461,0.6248,0.6407,26263052.0
1782061200000,0.6406,0.6463,0.6278,0.6302,19976785.0
1782064800000,0.6301,0.6384,0.628,0.6374,9951461.0
1782068400000,0.6374,0.6468,0.6348,0.641,8717621.0
1782072000000,0.641,0.6418,0.6232,0.625,11498610.0
1782075600000,0.625,0.6256,0.6084,0.6147,17842152.0
1782079200000,0.6146,0.6191,0.6054,0.6097,9866852.0
1782082800000,0.6096,0.6096,0.6021,0.6048,12899245.0
1782086400000,0.6048,0.6308,0.6048,0.6249,22507653.0
1782090000000,0.6249,0.6494,0.6227,0.6471,24881465.0
1782093600000,0.6472,0.6486,0.6335,0.6343,14456148.0
1782097200000,0.6342,0.6415,0.6294,0.6323,14832914.0
1782100800000,0.6323,0.6415,0.6303,0.6392,10464560.0
1782104400000,0.6392,0.6449,0.6363,0.6386,11640718.0
1782108000000,0.6386,0.6425,0.6316,0.6412,11423279.0
1782111600000,0.6412,0.6546,0.6382,0.6386,22044875.0
1782115200000,0.6387,0.6454,0.6309,0.6349,20203927.0
1782118800000,0.6349,0.6354,0.614,0.6198,28947459.0
1782122400000,0.6197,0.6281,0.6188,0.6235,11171001.0
1782126000000,0.6236,0.6287,0.6173,0.626,13133867.0
1782129600000,0.6261,0.6396,0.6224,0.6364,19584955.0
1782133200000,0.6365,0.6486,0.6349,0.6429,20466043.0
1782136800000,0.6429,0.6461,0.627,0.6347,25794120.0
1782140400000,0.6348,0.6455,0.6301,0.6364,18568786.0
1782144000000,0.6364,0.6433,0.632,0.6342,17041000.0
1782147600000,0.6342,0.6394,0.6264,0.6356,13559998.0
1782151200000,0.6355,0.6391,0.6187,0.62,15918512.0
1782154800000,0.6199,0.6258,0.6168,0.625,8538602.0
1782158400000,0.625,0.6317,0.6208,0.6315,7039212.0
1782162000000,0.6314,0.6354,0.624,0.6274,5678262.0
1782165600000,0.6274,0.6326,0.6177,0.624,8813117.0
1782169200000,0.6239,0.6248,0.6152,0.6189,6937518.0
1782172800000,0.6188,0.6285,0.6169,0.6269,10232721.0
1782176400000,0.6269,0.6293,0.6067,0.6149,19687570.0
1782180000000,0.6148,0.6164,0.608,0.6134,9630437.0
1782183600000,0.6133,0.6147,0.6082,0.612,6583329.0
1782187200000,0.6119,0.6125,0.6034,0.6059,12484299.0
1782190800000,0.6059,0.6078,0.5936,0.5984,17765516.0
1782194400000,0.5984,0.5985,0.5755,0.5849,36372100.0
1782198000000,0.5848,0.5917,0.5835,0.5845,13174068.0
1782201600000,0.5845,0.5904,0.5673,0.5717,34077381.0
1782205200000,0.5717,0.5739,0.5568,0.5661,25957117.0
1782208800000,0.5661,0.5688,0.5535,0.5589,20179724.0
1782212400000,0.559,0.572,0.5587,0.571,19493086.0
1782216000000,0.5709,0.5722,0.5611,0.5663,13062943.0
1782219600000,0.5663,0.5814,0.5627,0.5769,27163224.0
1782223200000,0.577,0.58,0.5583,0.561,22638670.0
1782226800000,0.5611,0.5648,0.5468,0.5545,25212052.0
1782230400000,0.5544,0.5572,0.5418,0.5458,27435307.0
1782234000000,0.5458,0.547,0.5323,0.5401,26016802.0
1782237600000,0.5401,0.5459,0.5383,0.54,8801558.0
1782241200000,0.5399,0.5433,0.5372,0.5404,4928080.0
1782244800000,0.5405,0.5458,0.5403,0.5432,3946640.0
1782248400000,0.5432,0.549,0.5422,0.546,4550760.0
1782252000000,0.5459,0.5527,0.5408,0.5408,7994311.0
1782255600000,0.5407,0.5483,0.5344,0.5434,9755877.0
1782259200000,0.5434,0.5494,0.5361,0.5375,12325144.0
1782262800000,0.5376,0.5428,0.5272,0.5318,27908310.0
1782266400000,0.5318,0.5321,0.5223,0.5231,21771965.0
1782270000000,0.5232,0.5257,0.5126,0.518,22517745.0
1782273600000,0.518,0.5202,0.5066,0.5178,22219329.0
1782277200000,0.5178,0.5457,0.5178,0.5379,39709069.0
1782280800000,0.5379,0.5382,0.524,0.5283,24469869.0
1782284400000,0.5282,0.5283,0.5189,0.5238,15672427.0
1782288000000,0.5239,0.5345,0.5233,0.5332,14116107.0
1782291600000,0.5332,0.5435,0.5261,0.5304,19911909.0
1782295200000,0.5304,0.5308,0.5229,0.5255,10396778.0
1782298800000,0.5256,0.5419,0.5247,0.5354,18057425.0
1782302400000,0.5354,0.5492,0.5319,0.5412,24237034.0
1782306000000,0.5413,0.5419,0.526,0.5324,33461191.0
1782309600000,0.5325,0.5347,0.5202,0.5306,25243533.0
1782313200000,0.5306,0.5308,0.5162,0.5214,18348390.0
1782316800000,0.5214,0.5312,0.504,0.5084,33488756.0
1782320400000,0.5085,0.5129,0.5003,0.5024,26920410.0
1782324000000,0.5025,0.5184,0.5013,0.5133,15440485.0
1782327600000,0.5134,0.5183,0.5084,0.5174,8553941.0
1782331200000,0.5173,0.5338,0.5164,0.5318,17560944.0
1782334800000,0.5317,0.5388,0.5252,0.5361,7261511.0
1782338400000,0.5361,0.5395,0.5295,0.5341,7332039.0
1782342000000,0.5341,0.5379,0.5287,0.5298,6616659.0
1782345600000,0.5299,0.5317,0.5187,0.5209,11397926.0
1782349200000,0.5209,0.5258,0.52,0.5244,6152713.0
1782352800000,0.5243,0.5277,0.513,0.5174,12116760.0
1782356400000,0.5175,0.5204,0.5105,0.5125,8506321.0
1782360000000,0.5125,0.5197,0.5093,0.518,11308330.0
1782363600000,0.518,0.5243,0.5168,0.5184,13808743.0
1782367200000,0.5185,0.5251,0.5165,0.5207,8143052.0
1782370800000,0.5207,0.5215,0.5118,0.5155,11845481.0
1782374400000,0.5155,0.521,0.5114,0.512,11472959.0
1782378000000,0.512,0.5161,0.5079,0.5159,11427335.0
1782381600000,0.5159,0.5165,0.5053,0.5079,15009403.0
1782385200000,0.508,0.5113,0.5039,0.5076,10029210.0
1782388800000,0.5077,0.5085,0.491,0.5006,40384809.0
1782392400000,0.5006,0.5129,0.4805,0.4832,54979449.0
1782396000000,0.4832,0.5079,0.483,0.4928,29882967.0
1782399600000,0.4928,0.4951,0.4852,0.4932,19434950.0
1782403200000,0.4931,0.4987,0.4827,0.4841,13857986.0
1782406800000,0.4841,0.4973,0.482,0.4973,14324794.0
1782410400000,0.4973,0.4979,0.4896,0.4961,7706211.0
1782414000000,0.4962,0.4974,0.4874,0.4923,8157865.0
1782417600000,0.4923,0.5019,0.4853,0.491,14233000.0
1782421200000,0.4911,0.4999,0.4905,0.4997,5544411.0
1782424800000,0.4997,0.5004,0.491,0.4925,6598047.0
1782428400000,0.4925,0.4985,0.492,0.496,5745401.0
1782432000000,0.4961,0.4978,0.4891,0.4916,7343567.0
1782435600000,0.4915,0.4924,0.4818,0.4856,8925546.0
1782439200000,0.4857,0.486,0.4538,0.4582,43552730.0
1782442800000,0.4582,0.4768,0.4553,0.4742,27880160.0
1782446400000,0.4741,0.4787,0.4704,0.4723,15338642.0
1782450000000,0.4723,0.4808,0.4699,0.4783,12520522.0
1782453600000,0.4783,0.4845,0.4705,0.4823,19021132.0
1782457200000,0.4824,0.4879,0.4815,0.4829,14598316.0
1782460800000,0.483,0.4841,0.4736,0.4754,12347743.0
1782464400000,0.4754,0.4757,0.4643,0.4647,14852707.0
1782468000000,0.4647,0.4694,0.4616,0.4644,12559015.0
1782471600000,0.4645,0.4686,0.459,0.4634,11326919.0
1782475200000,0.4633,0.4681,0.4542,0.4549,17792149.0
1782478800000,0.455,0.4722,0.4548,0.4717,21017651.0
1782482400000,0.4716,0.4731,0.4626,0.4637,15457175.0
1782486000000,0.4637,0.4666,0.4579,0.463,23210020.0
1782489600000,0.4629,0.472,0.4623,0.4694,16796524.0
1782493200000,0.4693,0.4753,0.4683,0.4724,11994747.0
1782496800000,0.4723,0.4727,0.4664,0.4671,7509824.0
1782500400000,0.467,0.4772,0.4644,0.4713,10780747.0
1782504000000,0.4713,0.4766,0.4668,0.4699,8395328.0
1782507600000,0.4699,0.4735,0.4667,0.4682,5832653.0
1782511200000,0.4681,0.4696,0.463,0.4681,4552726.0
1782514800000,0.468,0.471,0.4655,0.4673,3983286.0
1782518400000,0.4672,0.4702,0.4585,0.4668,10689785.0
1782522000000,0.4668,0.4746,0.4649,0.467,10806736.0
1782525600000,0.467,0.4809,0.4646,0.4767,13858260.0
1782529200000,0.4767,0.4768,0.4685,0.4707,8704723.0
1782532800000,0.4706,0.4755,0.4677,0.4679,5617316.0
1782536400000,0.4678,0.4693,0.4649,0.4675,7666021.0
1782540000000,0.4674,0.4705,0.462,0.4687,8704131.0
1782543600000,0.4687,0.4694,0.4631,0.4646,6528683.0
1782547200000,0.4646,0.4654,0.4595,0.4607,8435087.0
1782550800000,0.4606,0.4641,0.4574,0.4635,7623018.0
1782554400000,0.4634,0.4652,0.4607,0.4641,6497807.0
1782558000000,0.4641,0.4709,0.4609,0.4664,8477019.0
1782561600000,0.4664,0.4675,0.4588,0.4633,8433783.0
1782565200000,0.4633,0.4691,0.4619,0.4671,7074093.0
1782568800000,0.4672,0.4687,0.4646,0.4675,4495309.0
1782572400000,0.4675,0.4714,0.4663,0.4683,7292896.0
1782576000000,0.4683,0.4756,0.4641,0.4709,8475548.0
1782579600000,0.4709,0.4711,0.4601,0.4608,14648291.0
1782583200000,0.4608,0.4641,0.4601,0.463,3377424.0
1782586800000,0.463,0.4649,0.4451,0.4483,26806304.0
1782590400000,0.4482,0.4569,0.4473,0.4568,7078901.0
1782594000000,0.4568,0.4591,0.4494,0.4513,4719048.0
1782597600000,0.4512,0.4533,0.4496,0.453,4171828.0
1782601200000,0.4529,0.4562,0.4483,0.4488,6423169.0
1782604800000,0.4489,0.4528,0.4482,0.4493,3664975.0
1782608400000,0.4492,0.4492,0.4364,0.4404,17917875.0
1782612000000,0.4404,0.442,0.4335,0.4359,12315750.0
1782615600000,0.436,0.4415,0.436,0.4402,6716349.0
1782619200000,0.4402,0.4403,0.436,0.4374,7781039.0
1782622800000,0.4373,0.4414,0.4339,0.4411,10346323.0
1782626400000,0.4411,0.4455,0.4374,0.4427,10436934.0
1782630000000,0.4427,0.4535,0.4418,0.4521,10393362.0
1782633600000,0.4521,0.4596,0.4501,0.4541,15265666.0
1782637200000,0.4542,0.4593,0.4515,0.4523,10740694.0
1782640800000,0.4522,0.4551,0.4487,0.4531,7635474.0
1782644400000,0.453,0.455,0.4499,0.451,4969587.0
1782648000000,0.451,0.4516,0.4457,0.4472,9005164.0
1782651600000,0.4472,0.4476,0.4436,0.4442,8886185.0
1782655200000,0.4443,0.4463,0.4411,0.442,7259295.0
1782658800000,0.442,0.4444,0.4401,0.4426,7063953.0
1782662400000,0.4426,0.4455,0.4392,0.4396,9377774.0
1782666000000,0.4396,0.4411,0.4364,0.4403,7817196.0
1782669600000,0.4403,0.4403,0.4347,0.4392,6096636.0
1782673200000,0.4392,0.4409,0.4364,0.4396,2805388.0
1782676800000,0.4396,0.4443,0.4385,0.4431,3706365.0
1782680400000,0.4431,0.4434,0.4324,0.4366,6585123.0
1782684000000,0.4366,0.4435,0.4355,0.4369,6003353.0
1782687600000,0.4368,0.4451,0.4357,0.4421,6710344.0
1782691200000,0.4421,0.4423,0.4348,0.4423,10867201.0
1782694800000,0.4422,0.4434,0.4357,0.438,8155191.0
1782698400000,0.438,0.4383,0.4286,0.438,21848293.0
1782702000000,0.438,0.4436,0.4317,0.4369,15242469.0
1782705600000,0.4369,0.437,0.4262,0.429,13046469.0
1782709200000,0.4291,0.434,0.4223,0.4338,18424533.0
1782712800000,0.4339,0.438,0.4301,0.431,9805128.0
1782716400000,0.4309,0.4309,0.425,0.4269,10298286.0
1782720000000,0.4269,0.4294,0.4232,0.4248,12683373.0
1782723600000,0.4248,0.4297,0.4243,0.4294,6385279.0
1782727200000,0.4294,0.4325,0.4262,0.4274,9178964.0
1782730800000,0.4273,0.4296,0.4237,0.425,8703460.0
1782734400000,0.4251,0.4345,0.4224,0.4283,20510703.0
1782738000000,0.4283,0.4343,0.423,0.4255,18811834.0
1782741600000,0.4256,0.4304,0.4206,0.4297,16613690.0
1782745200000,0.4297,0.4298,0.4188,0.4219,14831317.0
1782748800000,0.4219,0.4227,0.4151,0.4214,17354254.0
1782752400000,0.4214,0.4301,0.421,0.4274,18658352.0
1782756000000,0.4274,0.4294,0.4243,0.4276,7727857.0
1782759600000,0.4277,0.4317,0.4257,0.4271,7697119.0
1782763200000,0.4271,0.4317,0.4242,0.4242,4870239.0
1782766800000,0.4243,0.4288,0.4218,0.4256,6601618.0
1782770400000,0.4255,0.4274,0.4201,0.4207,5146133.0
1782774000000,0.4207,0.4234,0.4192,0.4205,4861656.0
1782777600000,0.4205,0.4216,0.409,0.4114,18541385.0
1782781200000,0.4114,0.4128,0.4082,0.4107,8027314.0
1782784800000,0.4108,0.4109,0.4059,0.4097,9849072.0
1782788400000,0.4098,0.415,0.4097,0.4144,8787336.0
1782792000000,0.4144,0.4179,0.4097,0.4153,8682159.0
1782795600000,0.4154,0.4316,0.4153,0.4301,23082715.0
1782799200000,0.4301,0.434,0.4223,0.4234,18064909.0
1782802800000,0.4233,0.4252,0.4154,0.4168,14240745.0
1782806400000,0.4167,0.417,0.4111,0.4163,19291936.0
1782810000000,0.4162,0.4189,0.4126,0.4187,8783953.0
1782813600000,0.4186,0.4197,0.4157,0.4184,7224076.0
1782817200000,0.4184,0.4193,0.4094,0.4107,14311215.0
1782820800000,0.4106,0.4121,0.4028,0.4084,23018815.0
1782824400000,0.4085,0.4118,0.4052,0.4089,12611554.0
1782828000000,0.4088,0.4154,0.4079,0.4108,14252647.0
1782831600000,0.4108,0.417,0.4088,0.4143,11662922.0
1782835200000,0.4144,0.4169,0.3988,0.4129,24377222.0
1782838800000,0.4128,0.4146,0.4085,0.4092,6108065.0
1782842400000,0.4091,0.4152,0.4073,0.4105,9495093.0
1782846000000,0.4105,0.4115,0.4065,0.4077,4899763.0
1782849600000,0.4077,0.4093,0.4026,0.4054,7100451.0
1782853200000,0.4053,0.4095,0.4036,0.4077,2860861.0
1782856800000,0.4078,0.4099,0.4029,0.4054,4578779.0
1782860400000,0.4053,0.4081,0.4045,0.4065,3493181.0
1782864000000,0.4066,0.4094,0.4039,0.4055,5262856.0
1782867600000,0.4055,0.4088,0.3933,0.4074,25793687.0
1782871200000,0.4075,0.4127,0.4053,0.4111,12098759.0
1782874800000,0.4112,0.4142,0.408,0.4141,11182242.0
1782878400000,0.4141,0.4193,0.4125,0.4156,11482942.0
1782882000000,0.4156,0.417,0.4098,0.4107,7551194.0
1782885600000,0.4106,0.4106,0.3981,0.3997,21520990.0
1782889200000,0.3998,0.3999,0.3894,0.3914,29931457.0
1782892800000,0.3915,0.3955,0.3874,0.3947,17262727.0
1782896400000,0.3947,0.3975,0.3926,0.3934,12061815.0
1782900000000,0.3933,0.3952,0.3876,0.3919,14120906.0
1782903600000,0.392,0.3929,0.3898,0.3918,6621402.0
1782907200000,0.3918,0.3925,0.3852,0.3872,13703518.0
1782910800000,0.3872,0.3969,0.3868,0.3948,19888935.0
1782914400000,0.3948,0.3981,0.3913,0.3959,14994441.0
1782918000000,0.3959,0.4045,0.3958,0.4005,15082611.0
1782921600000,0.4004,0.4008,0.3894,0.3911,14461741.0
1782925200000,0.3911,0.3934,0.3812,0.3834,23186303.0
1782928800000,0.3833,0.3833,0.3626,0.3657,40190023.0
1782932400000,0.3657,0.369,0.3595,0.3614,17953281.0
1782936000000,0.3613,0.3714,0.3607,0.371,15495973.0
1782939600000,0.371,0.3749,0.3678,0.374,10459370.0
1782943200000,0.374,0.3758,0.3616,0.363,17447892.0
1782946800000,0.3631,0.3645,0.3547,0.3611,23886654.0
1782950400000,0.3611,0.3662,0.3574,0.3649,15742037.0
1782954000000,0.365,0.3716,0.3634,0.3698,12724242.0
1782957600000,0.3698,0.3742,0.3664,0.3731,14507574.0
1782961200000,0.373,0.3752,0.3669,0.374,20552926.0
1782964800000,0.3741,0.388,0.3724,0.3764,33544017.0
1782968400000,0.3763,0.3804,0.3744,0.3758,12408071.0
1782972000000,0.3758,0.3759,0.364,0.3671,22622058.0
1782975600000,0.367,0.3727,0.3637,0.3707,17919779.0
1782979200000,0.3707,0.3734,0.3679,0.371,10933144.0
1782982800000,0.371,0.3759,0.3648,0.374,21680156.0
1782986400000,0.374,0.3817,0.3736,0.3759,22001542.0
1782990000000,0.3759,0.3829,0.3755,0.3794,15924391.0
1782993600000,0.3794,0.3882,0.378,0.3796,16157953.0
1782997200000,0.3796,0.3958,0.3781,0.3948,26182237.0
1783000800000,0.3949,0.399,0.3858,0.3899,45153038.0
1783004400000,0.3899,0.3909,0.3819,0.383,19872133.0
1783008000000,0.3829,0.3954,0.3816,0.3867,20838362.0
1783011600000,0.3867,0.3923,0.3856,0.3907,10466618.0
1783015200000,0.3907,0.396,0.3907,0.3938,10193337.0
1783018800000,0.3938,0.3985,0.3896,0.3983,12922841.0
1783022400000,0.3982,0.4034,0.3956,0.3976,11822860.0
1783026000000,0.3976,0.4018,0.3944,0.3982,6537306.0
1783029600000,0.3982,0.4009,0.3947,0.399,6014610.0
1783033200000,0.3989,0.4044,0.3966,0.4042,10849396.0
1783036800000,0.4041,0.4274,0.4039,0.4222,53996965.0
1783040400000,0.4222,0.4363,0.4176,0.4341,42449833.0
1783044000000,0.4341,0.4392,0.4181,0.4227,40732104.0
1783047600000,0.4226,0.43,0.4171,0.4284,25000069.0
1783051200000,0.4284,0.4307,0.4126,0.4147,36138724.0
1783054800000,0.4146,0.4227,0.4136,0.4181,17488591.0
1783058400000,0.418,0.4229,0.4154,0.4182,15737205.0
1783062000000,0.4181,0.4213,0.4154,0.4184,9973013.0
1783065600000,0.4183,0.4246,0.4157,0.4173,18373471.0
1783069200000,0.4173,0.4213,0.4154,0.4171,12764781.0
1783072800000,0.4171,0.4216,0.4171,0.4208,9384652.0
1783076400000,0.4208,0.4279,0.4192,0.4256,16896778.0
1783080000000,0.4256,0.4269,0.4171,0.4228,18277164.0
1783083600000,0.4228,0.4296,0.4216,0.4255,16498710.0
1783087200000,0.4255,0.4257,0.4205,0.4245,12506973.0
1783090800000,0.4246,0.4287,0.4215,0.4271,14084060.0
1783094400000,0.427,0.4348,0.4242,0.4335,24491367.0
1783098000000,0.4335,0.4381,0.4277,0.4348,18429820.0
1783101600000,0.4348,0.4352,0.4288,0.4302,10516255.0
1783105200000,0.4301,0.4325,0.4257,0.4283,11259613.0
1783108800000,0.4284,0.4364,0.4281,0.4328,11905395.0
1783112400000,0.4329,0.4359,0.4287,0.4339,7253339.0
1783116000000,0.4339,0.4356,0.4299,0.4348,4652898.0
1783119600000,0.4348,0.4364,0.4304,0.4339,6468213.0
1783123200000,0.4339,0.4477,0.4325,0.4467,26114518.0
1783126800000,0.4467,0.4467,0.4358,0.4442,23833391.0
1783130400000,0.4442,0.4492,0.4378,0.443,19853453.0
1783134000000,0.443,0.4482,0.4407,0.4418,15392364.0
1783137600000,0.4418,0.4465,0.4381,0.4394,16492886.0
1783141200000,0.4394,0.4434,0.4337,0.44,19181721.0
1783144800000,0.4401,0.4429,0.4338,0.4349,13491740.0
1783148400000,0.4349,0.4362,0.4173,0.4247,40056860.0
1783152000000,0.4248,0.4276,0.4227,0.4256,15050972.0
1783155600000,0.4257,0.4268,0.4195,0.4229,15370281.0
1783159200000,0.4229,0.4244,0.4213,0.4227,5690560.0
1783162800000,0.4226,0.4236,0.4206,0.4209,7441890.0
1783166400000,0.421,0.4279,0.4209,0.4264,11175899.0
1783170000000,0.4265,0.4317,0.4219,0.4248,15552178.0
1783173600000,0.4248,0.4283,0.4244,0.428,8880999.0
1783177200000,0.428,0.4371,0.4274,0.4368,20344036.0
1783180800000,0.4368,0.44,0.4333,0.4351,12485868.0
1783184400000,0.4352,0.4408,0.4312,0.439,12828489.0
1783188000000,0.439,0.439,0.4332,0.4371,7631242.0
1783191600000,0.437,0.4376,0.4309,0.4315,6741581.0
1783195200000,0.4315,0.4319,0.4254,0.4295,12464655.0
1783198800000,0.4296,0.4323,0.4271,0.4278,5199224.0
1783202400000,0.4278,0.4292,0.4223,0.4251,6344789.0
1783206000000,0.4251,0.4258,0.4193,0.4251,7875014.0
1783209600000,0.4251,0.4252,0.4138,0.417,17685068.0
1783213200000,0.417,0.4183,0.4123,0.418,14734836.0
1783216800000,0.418,0.418,0.4086,0.4142,16949015.0
1783220400000,0.4141,0.4148,0.4111,0.4134,7536990.0
1783224000000,0.4134,0.4167,0.413,0.4138,7354595.0
1783227600000,0.4137,0.4147,0.409,0.4117,12016401.0
1783231200000,0.4118,0.4138,0.4096,0.4128,5461065.0
1783234800000,0.4128,0.4174,0.4108,0.4167,9017534.0
1783238400000,0.4167,0.4174,0.4125,0.4136,5705156.0
1783242000000,0.4136,0.4156,0.4051,0.4067,17977326.0
1783245600000,0.4066,0.4092,0.4023,0.4084,15074570.0
1783249200000,0.4084,0.4092,0.4067,0.4073,6336750.0
1783252800000,0.4074,0.4134,0.4055,0.4122,13011512.0
1783256400000,0.4122,0.413,0.4081,0.4124,7678132.0
1783260000000,0.4123,0.4125,0.4082,0.4113,5490985.0
1783263600000,0.4113,0.4129,0.3994,0.4033,27221458.0
1783267200000,0.4033,0.4043,0.4004,0.4023,8305663.0
1783270800000,0.4024,0.4048,0.4008,0.4019,6549888.0
1783274400000,0.402,0.4052,0.4017,0.4035,4746382.0
1783278000000,0.4035,0.407,0.403,0.4064,5537060.0
1783281600000,0.4064,0.4123,0.4062,0.4117,7814424.0
1783285200000,0.4116,0.4195,0.4106,0.4166,13172380.0
1783288800000,0.4166,0.4206,0.4148,0.417,10399298.0
1783292400000,0.417,0.4278,0.4162,0.4185,18234247.0
1783296000000,0.4185,0.4188,0.4107,0.4185,13348978.0
1783299600000,0.4186,0.4246,0.4178,0.4219,15239774.0
1783303200000,0.4219,0.4248,0.4172,0.4213,14982423.0
1783306800000,0.4212,0.4258,0.4191,0.423,13502008.0
1783310400000,0.423,0.4306,0.4199,0.4254,11648645.0
1783314000000,0.4253,0.4259,0.4145,0.42,22348341.0
1783317600000,0.4201,0.4214,0.4154,0.4182,10134867.0
1783321200000,0.4182,0.4201,0.4146,0.4181,10218227.0
1783324800000,0.4181,0.4189,0.4109,0.4133,13207340.0
1783328400000,0.4133,0.4135,0.408,0.4104,11972004.0
1783332000000,0.4103,0.421,0.4098,0.4194,17089087.0
1783335600000,0.4194,0.4236,0.4127,0.4127,16851037.0
1783339200000,0.4127,0.4131,0.4037,0.4057,28382110.0
1783342800000,0.4056,0.409,0.4017,0.4057,25747157.0
1783346400000,0.4058,0.4153,0.4048,0.4115,17611199.0
1783350000000,0.4116,0.4195,0.4077,0.4181,21842105.0
1783353600000,0.4181,0.4224,0.4123,0.4149,19467257.0
1783357200000,0.4149,0.4163,0.4096,0.4101,8842689.0
1783360800000,0.4102,0.4129,0.4098,0.412,4716119.0
1783364400000,0.412,0.4152,0.411,0.4127,5035572.0
1783368000000,0.4128,0.4131,0.4093,0.4098,4851494.0
1783371600000,0.4098,0.4195,0.4096,0.4167,11810863.0
1783375200000,0.4166,0.4175,0.4109,0.4114,3386329.0
1783378800000,0.4114,0.413,0.4073,0.4097,6931627.0
1783382400000,0.4097,0.4119,0.4024,0.406,16579646.0
1783386000000,0.4059,0.4073,0.4031,0.406,5871672.0
1783389600000,0.406,0.4063,0.4003,0.4006,9447477.0
1783393200000,0.4005,0.4015,0.3958,0.3997,10587298.0
1783396800000,0.3997,0.4004,0.3962,0.3977,7333978.0
1783400400000,0.3978,0.3986,0.3912,0.3979,16231044.0
1783404000000,0.3978,0.4017,0.3963,0.4005,9741421.0
1783407600000,0.4005,0.4012,0.3966,0.3973,10366911.0
1783411200000,0.3974,0.398,0.3934,0.3951,9854278.0
1783414800000,0.3951,0.3969,0.3919,0.3943,9524921.0
1783418400000,0.3942,0.3962,0.3904,0.3917,10724787.0
1783422000000,0.3917,0.3938,0.3893,0.3935,11354760.0
1783425600000,0.3935,0.3956,0.3901,0.3914,11703149.0
1783429200000,0.3913,0.3914,0.3839,0.3851,29157803.0
1783432800000,0.3851,0.3886,0.3802,0.3878,23455108.0
1783436400000,0.3878,0.3964,0.3872,0.3946,17944627.0
1783440000000,0.3945,0.3986,0.3924,0.398,13138053.0
1783443600000,0.398,0.398,0.3927,0.396,8161128.0
1783447200000,0.396,0.3988,0.3884,0.3896,12809451.0
1783450800000,0.3896,0.3914,0.3872,0.3899,9139681.0
1783454400000,0.3899,0.3917,0.3886,0.3901,4888000.0
1783458000000,0.3901,0.3914,0.3826,0.3833,7531615.0
1783461600000,0.3832,0.3832,0.374,0.3812,12848973.0
1783465200000,0.3811,0.383,0.3798,0.3805,3761201.0
1783468800000,0.3804,0.3886,0.3795,0.386,7875157.0
1783472400000,0.3861,0.3864,0.3746,0.3754,13367268.0
1783476000000,0.3754,0.3756,0.3701,0.3749,15234568.0
1783479600000,0.375,0.378,0.3733,0.3744,8344654.0
1783483200000,0.3745,0.3782,0.3723,0.3743,9056521.0
1783486800000,0.3743,0.3755,0.3714,0.3725,7082688.0
1783490400000,0.3724,0.3731,0.3681,0.3711,12549728.0
1783494000000,0.3712,0.3756,0.3688,0.3728,8042130.0
1783497600000,0.3728,0.3738,0.3641,0.3664,25577756.0
1783501200000,0.3664,0.3699,0.3656,0.3688,9173577.0
1783504800000,0.3689,0.3743,0.3688,0.3724,9233151.0
1783508400000,0.3725,0.3783,0.3715,0.376,12277600.0
1783512000000,0.3761,0.3775,0.3715,0.372,10372545.0
1783515600000,0.372,0.3778,0.3707,0.3768,13815691.0
1783519200000,0.3767,0.3832,0.3756,0.3767,17769079.0
1783522800000,0.3768,0.3768,0.3701,0.3747,10089237.0
1783526400000,0.3746,0.3788,0.3746,0.377,10132355.0
1783530000000,0.377,0.3818,0.3765,0.3788,7928185.0
1783533600000,0.3789,0.3872,0.3789,0.3861,8431119.0
1783537200000,0.3861,0.3882,0.3849,0.3873,7356832.0
1783540800000,0.3874,0.3922,0.3863,0.3876,8521169.0
1783544400000,0.3877,0.3914,0.3825,0.3912,7685649.0
1783548000000,0.3912,0.3939,0.3879,0.3889,7585513.0
1783551600000,0.3889,0.3896,0.3857,0.3884,4798427.0
1783555200000,0.3883,0.3895,0.3831,0.3842,6312356.0
1783558800000,0.3843,0.3892,0.3799,0.3807,10617821.0
1783562400000,0.3808,0.3845,0.3787,0.3797,7515421.0
1783566000000,0.3797,0.3817,0.3782,0.3812,5035141.0
1783569600000,0.3813,0.3862,0.3782,0.3837,8621106.0
1783573200000,0.3837,0.3896,0.3812,0.3879,9293477.0
1783576800000,0.388,0.3883,0.3847,0.3858,7266066.0
1783580400000,0.3857,0.3877,0.3808,0.3835,10151224.0
1783584000000,0.3835,0.3864,0.3823,0.3843,4269924.0
1783587600000,0.3843,0.3857,0.3823,0.3856,4605694.0
1783591200000,0.3856,0.3878,0.3835,0.3865,6015348.0
1783594800000,0.3865,0.3873,0.3838,0.3857,6851965.0
1783598400000,0.3856,0.3894,0.3832,0.3837,12263186.0
1783602000000,0.3836,0.3879,0.3805,0.3879,10663811.0
1783605600000,0.388,0.3891,0.3832,0.3856,9338046.0
1783609200000,0.3856,0.3861,0.3807,0.382,6695382.0
1783612800000,0.3819,0.3882,0.3807,0.3841,10410377.0
1783616400000,0.3841,0.386,0.3819,0.3857,5990899.0
1783620000000,0.3858,0.3876,0.3836,0.3854,4143443.0
1783623600000,0.3853,0.3884,0.3838,0.3849,6151932.0
1783627200000,0.385,0.3855,0.3833,0.3841,3625599.0
1783630800000,0.3841,0.3859,0.3832,0.3833,2265368.0
1783634400000,0.3833,0.3848,0.3822,0.3824,2709308.0
1783638000000,0.3823,0.3837,0.3812,0.3831,2743285.0
1783641600000,0.3831,0.3832,0.3759,0.3801,14819750.0
1783645200000,0.3802,0.3882,0.3785,0.3857,12006837.0
1783648800000,0.3857,0.3857,0.3833,0.3846,5947495.0
1783652400000,0.3845,0.3865,0.3814,0.3851,6018824.0
1783656000000,0.3852,0.3863,0.3839,0.3845,3831390.0
1783659600000,0.3845,0.3878,0.3826,0.3853,6882175.0
1783663200000,0.3854,0.3858,0.3827,0.383,4163696.0
1783666800000,0.383,0.3849,0.3804,0.3814,7891781.0
1783670400000,0.3814,0.3883,0.3807,0.3861,10305695.0
1783674000000,0.3861,0.3914,0.3842,0.3896,9362595.0
1783677600000,0.3897,0.3966,0.3883,0.3923,15491633.0
1783681200000,0.3922,0.3938,0.3895,0.3905,6220444.0
1783684800000,0.3906,0.3937,0.3891,0.3895,7279652.0
1783688400000,0.3894,0.3902,0.3862,0.3875,9277743.0
1783692000000,0.3874,0.3884,0.3774,0.3826,20379522.0
1783695600000,0.3827,0.3858,0.3824,0.3842,6758061.0
1783699200000,0.3842,0.3883,0.3832,0.3857,11638375.0
1783702800000,0.3857,0.3862,0.3817,0.3826,6015315.0
1783706400000,0.3826,0.3847,0.3792,0.3807,6074493.0
1783710000000,0.3807,0.3837,0.3802,0.3811,5422035.0
1783713600000,0.3812,0.3822,0.3796,0.3801,2810261.0
1783717200000,0.38,0.3834,0.3799,0.3816,2889139.0
1783720800000,0.3817,0.3841,0.3813,0.3832,2338658.0
1783724400000,0.3831,0.3835,0.3808,0.3812,2686524.0
1783728000000,0.3811,0.3834,0.3798,0.383,3531312.0
1783731600000,0.383,0.3862,0.3827,0.3835,5121214.0
1783735200000,0.3835,0.3924,0.3829,0.3914,7824580.0
1783738800000,0.3915,0.3927,0.388,0.3893,7645515.0
1783742400000,0.3893,0.3903,0.3848,0.3855,8000570.0
1783746000000,0.3854,0.3958,0.3844,0.3928,10162257.0
1783749600000,0.3928,0.3951,0.3902,0.3921,10980175.0
1783753200000,0.3921,0.3942,0.3883,0.39,8698997.0
1783756800000,0.39,0.3919,0.3885,0.3918,4615272.0
1783760400000,0.3917,0.4047,0.3917,0.3991,22452175.0
1783764000000,0.3991,0.4018,0.3957,0.3964,13363632.0
1783767600000,0.3964,0.4063,0.3954,0.4034,13934043.0
1783771200000,0.4034,0.4097,0.4001,0.4084,16080579.0
1783774800000,0.4085,0.4162,0.4052,0.4105,27415893.0
1783778400000,0.4106,0.4123,0.4072,0.411,16163857.0
1783782000000,0.4111,0.4142,0.4056,0.4076,20603649.0
1783785600000,0.4075,0.409,0.4049,0.4078,12669917.0
1783789200000,0.4079,0.4174,0.4056,0.4133,15586864.0
1783792800000,0.4132,0.4166,0.4113,0.412,8027282.0
1783796400000,0.4121,0.4125,0.4102,0.4117,3806854.0
1783800000000,0.4117,0.4137,0.4083,0.4091,5846231.0
1783803600000,0.4091,0.4103,0.4002,0.4051,11561850.0
1783807200000,0.4051,0.4056,0.3995,0.402,10462704.0
1783810800000,0.402,0.4023,0.3947,0.3971,16150201.0
1783814400000,0.397,0.401,0.3932,0.4003,18258448.0
1783818000000,0.4002,0.4027,0.3972,0.4018,10617887.0
1783821600000,0.4017,0.4018,0.3984,0.4002,7429947.0
1783825200000,0.4001,0.4015,0.3976,0.4005,7447627.0
1783828800000,0.4006,0.4039,0.3971,0.3983,10043727.0
1783832400000,0.3983,0.3996,0.3965,0.3968,6052787.0
1783836000000,0.3968,0.4036,0.3938,0.4013,19030274.0
1783839600000,0.4012,0.4036,0.4003,0.4015,8134853.0
1783843200000,0.4015,0.4081,0.401,0.4078,12739715.0
1783846800000,0.4078,0.4155,0.4069,0.4124,19460162.0
1783850400000,0.4125,0.4193,0.4118,0.4164,15511081.0
1783854000000,0.4165,0.4262,0.4134,0.4252,21790368.0
1783857600000,0.4252,0.4347,0.4198,0.4211,35041908.0
1783861200000,0.4212,0.424,0.4188,0.4193,13630740.0
1783864800000,0.4192,0.4274,0.4182,0.4249,13868345.0
1783868400000,0.4249,0.4304,0.4249,0.4261,12079837.0
1783872000000,0.4261,0.4325,0.426,0.4314,14207119.0
1783875600000,0.4315,0.4322,0.4225,0.4244,12929589.0
1783879200000,0.4243,0.4251,0.421,0.4237,7703660.0
1783882800000,0.4236,0.441,0.4232,0.4386,24280459.0
1783886400000,0.4387,0.439,0.4251,0.4279,19128167.0
1783890000000,0.428,0.4282,0.4219,0.4243,6192970.0
1783893600000,0.4242,0.4242,0.4128,0.4188,21435347.0
1783897200000,0.4188,0.4199,0.4161,0.4182,9099092.0
1783900800000,0.4183,0.4265,0.4162,0.4231,21977510.0
1783904400000,0.4231,0.4246,0.4131,0.416,16335421.0
1783908000000,0.4159,0.4182,0.4117,0.4152,13566356.0
1783911600000,0.4152,0.4152,0.4097,0.4119,15046297.0
1783915200000,0.4119,0.4222,0.4101,0.418,15599251.0
1783918800000,0.418,0.4248,0.4141,0.4231,19030515.0
1783922400000,0.4232,0.4244,0.4182,0.4197,12728149.0
1783926000000,0.4198,0.4202,0.4143,0.4153,13487147.0
1783929600000,0.4152,0.4187,0.4081,0.4186,20527073.0
1783933200000,0.4186,0.4223,0.4147,0.4202,13703009.0
1783936800000,0.4202,0.4306,0.42,0.4293,23848847.0
1783940400000,0.4294,0.4337,0.4261,0.4286,18967497.0
1783944000000,0.4286,0.429,0.4178,0.4207,23492119.0
1783947600000,0.4207,0.4207,0.4128,0.4167,18724192.0
1783951200000,0.4166,0.4234,0.4134,0.4208,18349569.0
1783954800000,0.4207,0.4212,0.4067,0.4088,16203762.0
1783958400000,0.4088,0.4112,0.3979,0.3997,26011530.0
1783962000000,0.3997,0.4024,0.3916,0.3921,23487089.0
1783965600000,0.3922,0.3956,0.3916,0.3933,10379940.0
1783969200000,0.3933,0.3966,0.3919,0.3949,7518362.0
1783972800000,0.3948,0.3955,0.3885,0.3913,9315137.0
1783976400000,0.3912,0.3914,0.3843,0.3885,9906838.0
1783980000000,0.3886,0.3914,0.388,0.3894,5871017.0
1783983600000,0.3894,0.3928,0.3878,0.3922,7051750.0
1783987200000,0.3922,0.3941,0.3891,0.3932,9621591.0
1783990800000,0.3933,0.3937,0.3883,0.3899,7619359.0
1783994400000,0.3899,0.3923,0.3876,0.3891,9877499.0
1783998000000,0.3892,0.3904,0.3822,0.3884,16248434.0
1784001600000,0.3885,0.3981,0.3883,0.3959,19059540.0
1784005200000,0.3959,0.4015,0.395,0.3986,16405894.0
1784008800000,0.3987,0.4028,0.3971,0.4011,9934944.0
1784012400000,0.4012,0.4079,0.4007,0.4058,12815466.0
1784016000000,0.4058,0.4116,0.4033,0.4075,13289595.0
1784019600000,0.4075,0.4075,0.4006,0.4009,11888413.0
1784023200000,0.4008,0.4037,0.3976,0.399,9671771.0
1784026800000,0.3989,0.4036,0.3978,0.4001,8951786.0
1784030400000,0.4001,0.4126,0.3973,0.4086,27847916.0
1784034000000,0.4087,0.4189,0.4064,0.4137,21366830.0
1784037600000,0.4138,0.4183,0.4112,0.4176,13588553.0
1784041200000,0.4177,0.4183,0.4131,0.4141,11017221.0
1784044800000,0.4141,0.4148,0.4093,0.4106,9849440.0
1784048400000,0.4107,0.4152,0.4091,0.4138,7114697.0
1784052000000,0.4138,0.4139,0.4099,0.4115,6433523.0
1784055600000,0.4114,0.4127,0.4103,0.4117,4928294.0
1784059200000,0.4118,0.4171,0.4113,0.4144,5167290.0
1784062800000,0.4143,0.4154,0.4116,0.4142,4438597.0
1784066400000,0.4141,0.4144,0.407,0.4113,9540771.0
1784070000000,0.4112,0.4153,0.41,0.4145,5435038.0
1784073600000,0.4145,0.4174,0.4126,0.4135,6610470.0
1784077200000,0.4136,0.4161,0.4076,0.4109,8002261.0
1784080800000,0.411,0.4127,0.4084,0.4112,6257215.0
1784084400000,0.4113,0.4128,0.409,0.4127,7227783.0
1784088000000,0.4126,0.4173,0.4078,0.4106,12898980.0
1784091600000,0.4106,0.4134,0.4082,0.4129,7418329.0
1784095200000,0.4129,0.4156,0.4096,0.4104,9904866.0
1784098800000,0.4103,0.4118,0.4078,0.4096,8541742.0
1784102400000,0.4096,0.4098,0.4019,0.4072,18668470.0
1784106000000,0.4071,0.4118,0.4069,0.4093,6903268.0
1784109600000,0.4093,0.4131,0.4087,0.4124,6584331.0
1784113200000,0.4124,0.417,0.4112,0.415,9994169.0
1784116800000,0.4151,0.4202,0.4116,0.4195,15754859.0
1784120400000,0.4196,0.4222,0.4123,0.4148,15689058.0
1784124000000,0.4148,0.4166,0.4083,0.413,12441074.0
1784127600000,0.413,0.4135,0.4093,0.4099,7120286.0
1784131200000,0.4098,0.41,0.4012,0.4031,19421285.0
1784134800000,0.403,0.4057,0.4025,0.4052,6151884.0
1784138400000,0.4052,0.4085,0.405,0.4069,5219942.0
1784142000000,0.4069,0.4087,0.4057,0.4067,4146947.0
1784145600000,0.4068,0.4172,0.4065,0.4134,10980706.0
1784149200000,0.4134,0.4152,0.4087,0.4102,5463510.0
1784152800000,0.4103,0.412,0.4091,0.4093,3836746.0
1784156400000,0.4092,0.4101,0.4046,0.4062,5029580.0
1784160000000,0.4062,0.4079,0.4031,0.4043,6245250.0
1784163600000,0.4044,0.4114,0.4022,0.4101,8922930.0
1784167200000,0.4102,0.4108,0.4059,0.4076,4700089.0
1784170800000,0.4075,0.4085,0.3976,0.4004,16002747.0
1784174400000,0.4004,0.4012,0.3992,0.4012,5462372.0
1784178000000,0.4012,0.4044,0.4011,0.4016,9029160.0
1784181600000,0.4016,0.4031,0.3951,0.3983,13390879.0
1784185200000,0.3982,0.3989,0.3955,0.3979,10470898.0
1784188800000,0.3978,0.3998,0.392,0.3986,18036090.0
1784192400000,0.3986,0.4011,0.3977,0.3981,10139499.0
1784196000000,0.3981,0.3987,0.3962,0.3984,4759812.0
1784199600000,0.3984,0.3993,0.3954,0.399,5879183.0
1784203200000,0.399,0.4005,0.3972,0.3982,6701275.0
1784206800000,0.3981,0.4035,0.3977,0.4035,8568094.0
1784210400000,0.4034,0.4053,0.4002,0.4018,10834996.0
1784214000000,0.4019,0.4024,0.3957,0.3984,11073961.0
1784217600000,0.3984,0.3985,0.3944,0.398,7084145.0
1784221200000,0.398,0.398,0.3926,0.395,6415287.0
1784224800000,0.3951,0.3984,0.395,0.3971,3614712.0
1784228400000,0.3971,0.3982,0.3946,0.3965,1997582.0
1784232000000,0.3966,0.3975,0.3952,0.3959,1623238.0
1784235600000,0.3959,0.3975,0.3946,0.3947,2240344.0
1784239200000,0.3948,0.3961,0.3894,0.3919,7502337.0
1784242800000,0.3919,0.3925,0.387,0.3879,8228653.0
1784246400000,0.3879,0.3916,0.3865,0.3914,7446270.0
1784250000000,0.3915,0.393,0.3844,0.3862,11836800.0
1784253600000,0.3861,0.3867,0.3781,0.3814,15993662.0
1784257200000,0.3815,0.3852,0.3805,0.3837,7370772.0
1784260800000,0.3837,0.3844,0.3805,0.3834,6397260.0
1784264400000,0.3833,0.3833,0.3757,0.3767,14483011.0
1784268000000,0.3766,0.381,0.3752,0.379,12975536.0
1784271600000,0.379,0.3807,0.3775,0.3791,7845821.0
1784275200000,0.3791,0.3796,0.3738,0.3782,11463655.0
1784278800000,0.3782,0.3815,0.378,0.3798,7362709.0
1784282400000,0.3799,0.3822,0.3796,0.3811,3742407.0
1784286000000,0.3811,0.3824,0.3793,0.3819,4943609.0
1784289600000,0.3818,0.3821,0.3796,0.3797,4360033.0
1784293200000,0.3796,0.3796,0.3707,0.376,30749607.0
1784296800000,0.3761,0.3854,0.3757,0.38,21511790.0
1784300400000,0.38,0.384,0.3757,0.3838,11943390.0
1784304000000,0.3838,0.3852,0.3811,0.3832,9122413.0
1784307600000,0.3832,0.3871,0.3817,0.3819,7849866.0
1784311200000,0.3819,0.3837,0.3796,0.383,5121018.0
1784314800000,0.3829,0.3845,0.3805,0.3825,3526149.0
1784318400000,0.3826,0.3837,0.3813,0.3825,1822896.0
1784322000000,0.3825,0.3896,0.3825,0.3839,5011111.0
1784325600000,0.3839,0.3879,0.3835,0.3874,3324257.0
1784329200000,0.3875,0.3891,0.3854,0.3882,3581771.0
1784332800000,0.3883,0.3888,0.3854,0.3858,5259388.0
1784336400000,0.3857,0.3886,0.3845,0.3862,4066198.0
1784340000000,0.3863,0.387,0.3845,0.3855,3198784.0
1784343600000,0.3854,0.386,0.3822,0.3833,5976036.0
1784347200000,0.3834,0.3845,0.3798,0.3813,8158103.0
1784350800000,0.3814,0.3817,0.3786,0.3799,5036101.0
1784354400000,0.38,0.381,0.3788,0.3805,3138423.0
1784358000000,0.3805,0.3815,0.3793,0.3805,3550799.0
1784361600000,0.3805,0.3808,0.3773,0.3774,5387275.0
1784365200000,0.3774,0.3781,0.3751,0.3773,8512294.0
1784368800000,0.3772,0.3778,0.3764,0.3767,2681599.0
1784372400000,0.3767,0.3777,0.3765,0.3772,2479639.0
1784376000000,0.3772,0.3794,0.3569,0.3675,76148299.0
1784379600000,0.3675,0.3697,0.3652,0.3684,12926221.0
1784383200000,0.3684,0.374,0.3668,0.3722,16616481.0
1784386800000,0.3722,0.3732,0.3696,0.3703,7521164.0
1784390400000,0.3703,0.3704,0.3675,0.3694,7884638.0
1784394000000,0.3694,0.3724,0.3681,0.3712,4895804.0
1784397600000,0.3712,0.3741,0.3703,0.3706,4425877.0
1784401200000,0.3705,0.3711,0.3694,0.3709,2226217.0
1784404800000,0.3709,0.3716,0.3698,0.3709,2170242.0
1784408400000,0.3709,0.3729,0.3698,0.371,2548618.0
1784412000000,0.3709,0.3748,0.3707,0.3743,5123582.0
1784415600000,0.3743,0.3776,0.3741,0.3759,5234740.0
1784419200000,0.376,0.3772,0.3747,0.3751,3714048.0
1784422800000,0.375,0.3763,0.3738,0.3756,2908011.0
1784426400000,0.3755,0.3794,0.3753,0.3774,6966005.0
1784430000000,0.3775,0.3788,0.3763,0.3775,3677994.0
1784433600000,0.3775,0.3775,0.3756,0.376,2683069.0
1784437200000,0.3761,0.378,0.3761,0.3764,1372028.0
1784440800000,0.3765,0.3783,0.376,0.3773,2493750.0
1784444400000,0.3772,0.3782,0.3745,0.375,3447204.0
1784448000000,0.3749,0.3778,0.3747,0.3767,3608196.0
1784451600000,0.3768,0.377,0.3733,0.3762,4566833.0
1784455200000,0.3763,0.3764,0.3735,0.375,3331240.0
1784458800000,0.375,0.3751,0.3712,0.3722,4550488.0
1784462400000,0.3722,0.3723,0.3683,0.3718,9643406.0
1784466000000,0.3718,0.3718,0.3701,0.3713,2877501.0
1784469600000,0.3714,0.3729,0.3694,0.3721,5213111.0
1784473200000,0.3721,0.3722,0.3687,0.3691,4389498.0
1784476800000,0.3691,0.3693,0.3609,0.3626,19739728.0
1784480400000,0.3626,0.363,0.3531,0.3585,27645781.0
1784484000000,0.3585,0.3613,0.3571,0.3611,9278075.0
1784487600000,0.3611,0.3632,0.3597,0.36,5680647.0
1784491200000,0.3599,0.3636,0.3599,0.3625,4176240.0
1784494800000,0.3626,0.363,0.3573,0.3585,4182760.0
1784498400000,0.3585,0.3643,0.3576,0.362,7372151.0
1784502000000,0.362,0.3621,0.3589,0.3609,5049929.0
1784505600000,0.3608,0.3724,0.3592,0.3643,18664026.0
1784509200000,0.3643,0.3705,0.3614,0.3626,8464582.0
1784512800000,0.3626,0.3673,0.3625,0.3664,5615476.0
1784516400000,0.3664,0.3677,0.3638,0.3661,4483782.0
1784520000000,0.3661,0.3671,0.3624,0.3634,6004715.0
1784523600000,0.3634,0.3635,0.3582,0.3604,10047396.0
1784527200000,0.3605,0.3612,0.3526,0.3572,16841037.0
1784530800000,0.3572,0.3589,0.3564,0.3575,7931149.0
1784534400000,0.3574,0.3583,0.3542,0.3563,7445798.0
1784538000000,0.3564,0.3629,0.355,0.3621,7353349.0
1784541600000,0.3622,0.3636,0.361,0.3621,5729907.0
1784545200000,0.3622,0.3724,0.3612,0.3683,14602735.0
1784548800000,0.3684,0.3685,0.3633,0.3649,7010578.0
1784552400000,0.3649,0.3693,0.3642,0.3645,11287063.0
1784556000000,0.3645,0.3712,0.3621,0.368,15933467.0
1784559600000,0.368,0.3758,0.3677,0.3737,20092821.0
1784563200000,0.3737,0.3784,0.3726,0.3774,13845023.0
1784566800000,0.3773,0.3779,0.3707,0.3745,9687473.0
1784570400000,0.3745,0.3768,0.3729,0.373,6556749.0
1784574000000,0.3729,0.3733,0.3698,0.3714,4532813.0
1784577600000,0.3714,0.3771,0.3714,0.3762,5484279.0
1784581200000,0.3761,0.3778,0.3751,0.376,2825005.0
1784584800000,0.3761,0.3776,0.3739,0.3743,3156378.0
1784588400000,0.3742,0.3832,0.3741,0.3805,8368794.0
1784592000000,0.3805,0.3844,0.3788,0.3819,7491390.0
1784595600000,0.3818,0.3849,0.3793,0.3809,7379879.0
1784599200000,0.381,0.3847,0.3782,0.3835,6266078.0
1784602800000,0.3836,0.3873,0.3836,0.3851,8630603.0
1784606400000,0.3852,0.386,0.3828,0.3843,5310849.0
1784610000000,0.3842,0.3865,0.3838,0.386,5010785.0
1784613600000,0.3861,0.3872,0.3835,0.3861,6215415.0
1784617200000,0.3861,0.3865,0.3829,0.3844,5504526.0
1784620800000,0.3844,0.3871,0.3823,0.3857,8179823.0
1784624400000,0.3856,0.3868,0.3812,0.3838,10846251.0
1784628000000,0.3838,0.385,0.3816,0.3833,9826079.0
1784631600000,0.3832,0.385,0.3818,0.3842,6859244.0
